#!ascii label  , from subject fsaverage vox2ras=TkReg
109
89  -9.781  -46.978  7.032 0.0000000000
596  -7.652  -49.798  11.743 0.0000000000
1324  -6.079  -50.376  14.580 0.0000000000
2424  -8.876  -48.627  9.301 0.0000000000
5414  -8.376  -49.269  10.542 0.0000000000
6992  -6.884  -50.179  13.131 0.0000000000
9828  -9.397  -47.882  8.180 0.0000000000
10586  -9.881  -46.861  6.280 0.0000000000
13090  -8.229  -49.194  13.240 0.0000000000
13094  -7.943  -49.536  11.130 0.0000000000
13095  -7.441  -50.308  9.662 0.0000000000
13096  -7.101  -50.482  10.280 0.0000000000
15493  -7.310  -49.492  14.537 0.0000000000
15494  -6.478  -50.296  13.810 0.0000000000
15495  -6.782  -51.335  12.522 0.0000000000
22005  -8.466  -48.964  7.255 0.0000000000
22006  -8.212  -49.269  7.806 0.0000000000
23662  -10.178  -46.553  4.922 0.0000000000
28178  -8.675  -48.929  9.947 0.0000000000
28179  -7.868  -49.583  8.452 0.0000000000
28180  -7.670  -49.901  9.079 0.0000000000
31675  -7.839  -49.435  13.883 0.0000000000
31676  -7.278  -50.057  12.384 0.0000000000
31677  -7.043  -50.812  10.998 0.0000000000
31678  -6.897  -51.096  11.711 0.0000000000
39720  -9.596  -47.389  7.606 0.0000000000
39721  -8.726  -48.447  6.681 0.0000000000
43810  -7.996  -49.494  12.538 0.0000000000
43811  -8.469  -49.071  12.919 0.0000000000
43812  -8.167  -49.360  12.191 0.0000000000
43813  -8.359  -49.220  11.925 0.0000000000
43814  -7.755  -49.665  11.366 0.0000000000
43815  -7.459  -49.973  10.683 0.0000000000
43816  -7.303  -50.108  10.992 0.0000000000
46213  -6.446  -49.812  14.483 0.0000000000
46214  -6.340  -50.343  14.225 0.0000000000
46215  -6.471  -50.856  13.596 0.0000000000
46216  -6.406  -50.919  14.020 0.0000000000
52724  -9.076  -48.425  9.124 0.0000000000
52725  -8.681  -48.774  8.290 0.0000000000
52726  -8.533  -48.913  8.586 0.0000000000
54796  -10.085  -46.626  5.254 0.0000000000
62324  -8.536  -49.116  10.260 0.0000000000
62325  -8.165  -49.398  9.535 0.0000000000
62326  -7.998  -49.559  9.850 0.0000000000
62327  -7.108  -50.906  9.203 0.0000000000
62328  -7.220  -50.743  8.920 0.0000000000
69520  -7.035  -49.792  13.823 0.0000000000
69521  -7.552  -49.457  14.213 0.0000000000
69522  -7.241  -49.728  13.478 0.0000000000
69523  -7.548  -49.722  13.140 0.0000000000
69524  -7.100  -50.127  12.752 0.0000000000
69525  -7.003  -50.508  12.046 0.0000000000
69526  -6.810  -50.565  12.426 0.0000000000
69527  -6.828  -52.111  12.208 0.0000000000
89054  -9.432  -47.620  7.838 0.0000000000
89055  -9.178  -47.972  7.153 0.0000000000
89056  -9.087  -48.187  7.426 0.0000000000
89057  -8.156  -49.507  6.810 0.0000000000
89058  -8.267  -49.279  6.530 0.0000000000
89062  -7.621  -50.244  8.005 0.0000000000
89063  -7.776  -50.068  7.698 0.0000000000
89077  -6.939  -51.483  10.640 0.0000000000
89078  -6.971  -51.316  10.272 0.0000000000
92782  -9.930  -46.784  5.939 0.0000000000
97298  -8.191  -49.424  10.845 0.0000000000
97299  -7.882  -49.742  10.125 0.0000000000
97300  -7.616  -49.839  10.414 0.0000000000
97301  -7.242  -50.371  9.950 0.0000000000
97302  -7.057  -50.986  9.573 0.0000000000
101617  -6.763  -49.834  14.127 0.0000000000
101618  -6.624  -50.227  13.437 0.0000000000
101619  -6.774  -50.707  12.829 0.0000000000
101620  -6.598  -50.783  13.190 0.0000000000
101622  -6.827  -52.211  12.640 0.0000000000
113337  -8.952  -48.432  7.736 0.0000000000
113338  -8.811  -48.637  8.004 0.0000000000
113339  -8.321  -49.107  7.501 0.0000000000
113340  -8.034  -49.696  7.070 0.0000000000
118077  -6.275  -50.907  14.451 0.0000000000
118078  -6.132  -50.923  14.903 0.0000000000
127190  -8.730  -48.777  9.590 0.0000000000
127191  -8.372  -49.118  8.824 0.0000000000
127192  -8.278  -49.248  9.195 0.0000000000
127193  -7.851  -49.761  8.766 0.0000000000
127194  -7.502  -50.347  8.312 0.0000000000
127195  -7.470  -50.038  9.397 0.0000000000
127196  -7.357  -50.525  8.664 0.0000000000
136442  -8.377  -48.618  14.857 0.0000000000
136443  -7.796  -49.181  14.905 0.0000000000
136444  -8.069  -49.137  14.567 0.0000000000
136445  -8.238  -48.990  14.226 0.0000000000
136446  -8.039  -49.321  13.551 0.0000000000
136447  -7.806  -49.642  12.854 0.0000000000
136448  -7.479  -49.953  12.057 0.0000000000
136449  -7.186  -50.269  11.293 0.0000000000
136450  -7.150  -50.431  11.675 0.0000000000
136451  -6.978  -50.961  11.352 0.0000000000
136452  -6.919  -51.626  11.026 0.0000000000
136453  -6.856  -51.217  12.092 0.0000000000
149095  -9.702  -47.091  4.754 0.0000000000
149096  -9.759  -46.978  4.406 0.0000000000
160116  -9.634  -47.174  7.300 0.0000000000
160117  -9.290  -47.702  6.900 0.0000000000
160120  -8.577  -48.671  6.962 0.0000000000
160126  -8.072  -49.444  8.105 0.0000000000
160127  -7.855  -49.846  7.351 0.0000000000
160144  -7.067  -50.669  10.625 0.0000000000
160145  -6.996  -51.149  9.911 0.0000000000
