#!ascii label  , from subject fsaverage vox2ras=TkReg
401
506  -6.211  26.770  17.993 0.0000000000
1102  -5.927  30.665  -5.903 0.0000000000
1145  -7.683  33.106  -9.539 0.0000000000
1146  -6.506  27.352  -8.893 0.0000000000
2162  -6.016  21.038  20.364 0.0000000000
2171  -5.168  19.392  25.189 0.0000000000
2207  -5.543  20.470  -6.706 0.0000000000
3022  -5.794  33.882  -6.473 0.0000000000
3024  -6.107  34.364  -4.502 0.0000000000
3066  -6.234  32.127  -8.051 0.0000000000
4756  -6.991  35.503  -0.030 0.0000000000
4757  -6.440  35.741  2.285 0.0000000000
4765  -6.027  27.303  15.699 0.0000000000
4769  -6.397  23.956  19.067 0.0000000000
4878  -5.877  25.548  -6.179 0.0000000000
4879  -6.189  24.044  -7.772 0.0000000000
6600  -5.842  33.405  8.671 0.0000000000
6601  -4.540  31.095  10.273 0.0000000000
6603  -5.840  30.626  12.311 0.0000000000
6672  -5.965  28.943  -7.375 0.0000000000
8438  -5.939  14.584  24.729 0.0000000000
9033  -6.756  35.081  -2.367 0.0000000000
9075  -5.934  23.087  21.696 0.0000000000
9076  -6.457  20.268  22.709 0.0000000000
9077  -6.345  17.416  23.788 0.0000000000
9182  -6.385  22.359  -9.147 0.0000000000
10703  -5.840  34.104  -5.489 0.0000000000
10704  -5.762  35.604  -5.611 0.0000000000
10746  -6.323  34.449  -7.411 0.0000000000
12445  -6.239  27.098  16.815 0.0000000000
12447  -6.153  25.687  17.406 0.0000000000
12449  -6.394  25.339  18.516 0.0000000000
12559  -5.532  23.968  -5.552 0.0000000000
14827  -6.016  29.014  -5.297 0.0000000000
14841  -5.270  32.268  9.428 0.0000000000
14842  -5.814  32.034  10.598 0.0000000000
14843  -5.290  30.847  11.257 0.0000000000
14958  -5.741  31.438  -7.105 0.0000000000
14959  -5.886  30.600  -7.828 0.0000000000
14960  -5.882  29.846  -6.672 0.0000000000
20026  -6.190  36.431  -3.469 0.0000000000
20027  -6.503  36.767  -2.327 0.0000000000
20033  -6.044  34.665  5.602 0.0000000000
20034  -5.781  34.565  4.381 0.0000000000
20069  -5.624  19.649  20.985 0.0000000000
20135  -5.853  19.839  23.945 0.0000000000
20136  -6.502  18.791  23.236 0.0000000000
20137  -6.033  18.384  24.450 0.0000000000
20138  -6.138  17.100  24.786 0.0000000000
20139  -5.402  18.046  25.359 0.0000000000
20392  -6.613  22.582  -11.060 0.0000000000
20393  -6.473  28.075  -10.004 0.0000000000
20394  -6.538  27.235  -10.738 0.0000000000
20395  -6.577  26.513  -9.569 0.0000000000
20396  -5.910  22.326  -7.153 0.0000000000
20397  -6.318  23.219  -8.486 0.0000000000
20398  -6.069  21.454  -7.892 0.0000000000
20400  -5.780  19.654  -7.390 0.0000000000
23872  -5.764  32.364  -6.265 0.0000000000
23873  -6.112  30.954  -4.942 0.0000000000
23874  -5.983  32.618  -5.286 0.0000000000
23951  -6.693  33.503  -8.149 0.0000000000
23952  -5.998  33.087  -7.367 0.0000000000
26992  -6.710  37.074  -1.121 0.0000000000
26993  -6.889  37.282  0.087 0.0000000000
26994  -6.793  35.612  1.135 0.0000000000
27017  -6.292  22.525  19.681 0.0000000000
27212  -6.226  26.473  -7.623 0.0000000000
27213  -6.361  25.674  -8.317 0.0000000000
27214  -6.016  24.844  -7.021 0.0000000000
30756  -5.966  36.115  6.018 0.0000000000
30757  -6.090  34.710  6.796 0.0000000000
30760  -5.557  33.519  7.518 0.0000000000
30767  -5.338  29.331  13.004 0.0000000000
30771  -6.173  28.757  15.128 0.0000000000
30772  -6.096  28.510  16.334 0.0000000000
30925  -6.379  28.906  -9.277 0.0000000000
30926  -6.424  31.281  -8.812 0.0000000000
30927  -6.144  29.683  -8.549 0.0000000000
30928  -6.234  28.092  -8.131 0.0000000000
30929  -6.058  27.244  -6.868 0.0000000000
37341  -5.906  36.024  -4.579 0.0000000000
37342  -6.412  34.719  -3.422 0.0000000000
37344  -6.913  35.324  -1.175 0.0000000000
37350  -6.183  35.890  3.468 0.0000000000
37351  -5.645  34.476  3.179 0.0000000000
37466  -5.671  26.422  19.354 0.0000000000
37467  -6.044  24.962  19.880 0.0000000000
37468  -6.400  23.531  20.419 0.0000000000
37469  -6.564  22.067  20.952 0.0000000000
37471  -6.285  21.697  22.224 0.0000000000
37472  -6.468  20.630  21.496 0.0000000000
37473  -6.239  19.170  22.041 0.0000000000
37475  -5.714  16.364  23.374 0.0000000000
37476  -6.112  15.996  24.244 0.0000000000
37786  -6.529  24.936  -9.047 0.0000000000
37787  -6.559  24.095  -9.733 0.0000000000
37788  -6.562  23.288  -10.442 0.0000000000
37789  -6.467  21.590  -9.759 0.0000000000
41423  -5.850  35.438  -6.038 0.0000000000
43165  -6.241  26.940  17.398 0.0000000000
43166  -6.227  26.400  17.101 0.0000000000
43167  -6.267  26.249  17.665 0.0000000000
43168  -6.265  25.514  17.955 0.0000000000
43169  -6.305  26.062  18.255 0.0000000000
45547  -6.029  29.839  -5.644 0.0000000000
45549  -6.071  29.962  -5.165 0.0000000000
45561  -5.932  32.676  10.189 0.0000000000
45562  -6.016  32.650  10.825 0.0000000000
45563  -5.945  32.001  11.149 0.0000000000
45678  -5.796  31.071  -6.514 0.0000000000
45679  -5.789  30.652  -6.901 0.0000000000
45680  -5.874  30.262  -6.302 0.0000000000
45681  -5.977  29.440  -6.004 0.0000000000
50747  -6.201  37.636  -2.231 0.0000000000
50753  -5.628  34.056  5.981 0.0000000000
50789  -5.809  20.330  20.673 0.0000000000
50854  -5.305  20.276  24.297 0.0000000000
50856  -5.978  19.114  24.192 0.0000000000
50857  -5.540  18.878  24.767 0.0000000000
50858  -5.698  18.217  24.903 0.0000000000
50859  -5.273  18.717  25.270 0.0000000000
51112  -6.642  23.422  -11.380 0.0000000000
51113  -6.513  27.721  -9.446 0.0000000000
51114  -6.556  27.301  -9.823 0.0000000000
51115  -6.533  26.928  -9.214 0.0000000000
51116  -5.718  21.383  -6.858 0.0000000000
51117  -5.999  21.888  -7.520 0.0000000000
51118  -5.823  20.926  -7.300 0.0000000000
51119  -5.925  20.556  -7.643 0.0000000000
51120  -5.670  20.035  -7.078 0.0000000000
51121  -5.503  19.201  -6.885 0.0000000000
55147  -5.738  33.173  -6.400 0.0000000000
55148  -5.855  32.530  -5.796 0.0000000000
55149  -5.816  33.274  -5.897 0.0000000000
55150  -5.935  34.232  -4.991 0.0000000000
55151  -6.043  33.495  -4.890 0.0000000000
55152  -6.177  33.630  -4.393 0.0000000000
55278  -5.971  34.194  -6.996 0.0000000000
55279  -6.122  33.777  -7.430 0.0000000000
55280  -5.848  33.494  -6.938 0.0000000000
55281  -5.745  32.755  -6.829 0.0000000000
60348  -6.833  36.389  1.834 0.0000000000
60349  -6.955  36.426  1.203 0.0000000000
60350  -6.603  35.664  1.698 0.0000000000
60351  -6.232  34.929  1.578 0.0000000000
60352  -6.117  35.018  2.146 0.0000000000
60377  -5.649  26.800  15.490 0.0000000000
60385  -6.168  24.118  18.549 0.0000000000
60387  -6.096  23.415  18.892 0.0000000000
60388  -6.001  22.717  19.222 0.0000000000
60389  -6.366  23.242  19.368 0.0000000000
60713  -6.051  26.011  -6.930 0.0000000000
60714  -6.116  25.654  -7.343 0.0000000000
60715  -5.899  25.213  -6.601 0.0000000000
67551  -6.156  35.390  6.442 0.0000000000
67559  -5.994  34.104  7.751 0.0000000000
67560  -5.742  33.452  8.061 0.0000000000
67561  -5.153  32.984  7.913 0.0000000000
67562  -5.385  32.901  8.484 0.0000000000
67563  -4.954  31.679  9.850 0.0000000000
67569  -4.110  30.562  10.681 0.0000000000
67570  -5.585  30.751  11.790 0.0000000000
67571  -4.993  30.266  11.660 0.0000000000
67572  -5.320  30.117  12.164 0.0000000000
67574  -5.617  29.954  12.642 0.0000000000
67911  -6.439  29.277  -9.814 0.0000000000
67912  -6.412  29.688  -9.445 0.0000000000
67914  -6.678  31.984  -8.851 0.0000000000
67915  -6.353  31.724  -8.409 0.0000000000
67916  -5.872  29.784  -7.639 0.0000000000
67917  -5.978  30.155  -8.212 0.0000000000
67918  -6.017  29.318  -7.999 0.0000000000
67919  -6.191  28.896  -8.372 0.0000000000
67920  -6.094  28.499  -7.751 0.0000000000
67921  -6.139  27.666  -7.494 0.0000000000
67922  -6.044  28.102  -7.130 0.0000000000
83118  -6.531  35.793  -2.940 0.0000000000
83119  -6.339  35.599  -3.464 0.0000000000
83120  -6.617  34.922  -2.910 0.0000000000
83123  -6.994  36.263  -0.593 0.0000000000
83124  -6.974  36.189  -1.199 0.0000000000
83125  -6.979  35.426  -0.636 0.0000000000
83141  -5.176  33.967  4.232 0.0000000000
83142  -5.692  34.512  3.762 0.0000000000
83429  -5.194  26.949  19.791 0.0000000000
83430  -5.351  26.196  20.022 0.0000000000
83431  -5.863  25.705  19.616 0.0000000000
83432  -5.558  25.452  20.280 0.0000000000
83434  -6.032  24.012  20.816 0.0000000000
83435  -6.254  23.313  21.044 0.0000000000
83436  -6.507  22.793  20.683 0.0000000000
83437  -6.428  22.597  21.324 0.0000000000
83441  -6.058  20.759  23.073 0.0000000000
83442  -5.922  21.442  22.811 0.0000000000
83443  -6.402  20.965  22.478 0.0000000000
83444  -6.578  21.199  21.843 0.0000000000
83445  -6.569  20.461  22.089 0.0000000000
83446  -6.376  19.900  21.764 0.0000000000
83447  -6.514  19.700  22.334 0.0000000000
83448  -6.448  18.117  23.493 0.0000000000
83449  -6.336  18.316  22.876 0.0000000000
83450  -6.238  17.640  23.186 0.0000000000
83451  -5.856  17.103  23.014 0.0000000000
83452  -6.113  16.897  23.528 0.0000000000
83453  -5.937  16.140  23.790 0.0000000000
83454  -6.215  16.688  23.998 0.0000000000
83456  -6.176  16.444  24.981 0.0000000000
83457  -5.930  16.231  25.451 0.0000000000
84221  -6.595  26.449  -10.515 0.0000000000
84226  -6.298  24.868  -8.042 0.0000000000
84227  -6.445  25.287  -8.680 0.0000000000
84228  -6.370  24.466  -8.410 0.0000000000
84229  -6.351  22.812  -8.816 0.0000000000
84230  -6.426  23.642  -9.062 0.0000000000
84231  -6.465  23.214  -9.450 0.0000000000
84232  -6.575  23.691  -10.110 0.0000000000
84233  -6.504  22.813  -9.782 0.0000000000
84234  -6.547  22.442  -10.101 0.0000000000
84235  -6.430  21.949  -9.444 0.0000000000
92992  -5.927  34.575  -6.499 0.0000000000
92993  -5.816  33.991  -5.978 0.0000000000
92994  -5.793  34.717  -6.037 0.0000000000
92995  -5.802  34.845  -5.553 0.0000000000
92996  -5.864  34.987  -5.044 0.0000000000
96129  -6.177  27.182  16.237 0.0000000000
96130  -5.896  26.638  16.010 0.0000000000
96131  -6.111  26.492  16.546 0.0000000000
96132  -5.992  25.803  16.895 0.0000000000
96133  -5.804  25.129  17.236 0.0000000000
96135  -6.046  24.984  17.716 0.0000000000
96136  -6.225  24.818  18.233 0.0000000000
96137  -6.414  24.636  18.766 0.0000000000
96333  -5.708  24.779  -5.842 0.0000000000
100440  -5.935  33.387  9.289 0.0000000000
100441  -5.563  32.813  9.054 0.0000000000
100442  -5.732  32.770  9.620 0.0000000000
100443  -5.518  32.159  10.004 0.0000000000
100444  -5.242  31.550  10.396 0.0000000000
100445  -4.900  30.972  10.769 0.0000000000
100446  -5.572  31.434  10.900 0.0000000000
100447  -5.819  31.366  11.452 0.0000000000
100448  -6.017  31.296  12.009 0.0000000000
100650  -7.030  31.431  -10.016 0.0000000000
100651  -6.785  31.134  -9.611 0.0000000000
100652  -5.923  31.795  -7.592 0.0000000000
100653  -5.988  31.348  -7.970 0.0000000000
100654  -5.816  31.016  -7.450 0.0000000000
100655  -5.784  30.227  -7.277 0.0000000000
100656  -5.901  29.413  -7.029 0.0000000000
100657  -6.002  28.569  -6.763 0.0000000000
100658  -5.995  29.020  -6.375 0.0000000000
109776  -6.351  36.604  -2.917 0.0000000000
109777  -6.744  35.907  -2.391 0.0000000000
109778  -6.558  34.738  0.525 0.0000000000
109787  -6.087  35.365  5.156 0.0000000000
109788  -6.047  35.312  4.515 0.0000000000
109789  -5.934  34.650  4.988 0.0000000000
109790  -5.396  34.006  4.846 0.0000000000
109970  -5.691  20.544  23.704 0.0000000000
109971  -6.180  20.061  23.340 0.0000000000
109972  -6.499  19.513  22.974 0.0000000000
109973  -6.294  19.331  23.589 0.0000000000
109974  -6.344  18.607  23.847 0.0000000000
109975  -6.282  17.901  24.117 0.0000000000
109976  -6.248  17.234  24.293 0.0000000000
109977  -6.060  17.728  24.609 0.0000000000
109978  -5.789  17.557  25.062 0.0000000000
110435  -6.427  28.405  -10.530 0.0000000000
110436  -6.460  27.984  -10.876 0.0000000000
110437  -6.500  27.615  -10.395 0.0000000000
110438  -6.571  26.877  -10.174 0.0000000000
110440  -6.085  23.201  -7.471 0.0000000000
110441  -6.260  23.610  -8.132 0.0000000000
110442  -6.138  22.776  -7.822 0.0000000000
110443  -6.205  22.378  -8.188 0.0000000000
110444  -6.256  21.968  -8.532 0.0000000000
110445  -6.274  21.469  -8.856 0.0000000000
110446  -6.110  21.022  -8.257 0.0000000000
110448  -5.886  19.190  -7.652 0.0000000000
110450  -5.645  18.790  -7.161 0.0000000000
117142  -5.792  31.522  -6.095 0.0000000000
117143  -6.053  30.805  -5.422 0.0000000000
117144  -5.926  31.662  -5.618 0.0000000000
117145  -6.009  31.804  -5.143 0.0000000000
117147  -5.898  33.364  -5.398 0.0000000000
117148  -6.196  32.746  -4.792 0.0000000000
117322  -7.319  32.896  -9.225 0.0000000000
117323  -7.195  33.295  -8.817 0.0000000000
117324  -6.837  33.074  -8.485 0.0000000000
117325  -6.490  32.837  -8.133 0.0000000000
117326  -6.515  33.983  -7.803 0.0000000000
117327  -6.319  33.301  -7.782 0.0000000000
117328  -6.083  32.582  -7.708 0.0000000000
117329  -5.850  32.257  -7.229 0.0000000000
117330  -5.750  31.911  -6.690 0.0000000000
124422  -6.817  37.148  -0.523 0.0000000000
124423  -7.038  36.350  0.013 0.0000000000
124424  -6.986  37.276  0.685 0.0000000000
124425  -7.094  36.451  0.596 0.0000000000
124426  -6.885  35.563  0.559 0.0000000000
124427  -6.390  34.846  1.056 0.0000000000
124481  -6.169  21.800  20.013 0.0000000000
124934  -6.389  26.924  -8.277 0.0000000000
124935  -6.455  26.519  -8.608 0.0000000000
124936  -6.321  26.091  -7.995 0.0000000000
124937  -6.201  25.257  -7.689 0.0000000000
124938  -6.104  24.453  -7.409 0.0000000000
124939  -5.780  24.425  -6.288 0.0000000000
124940  -5.869  24.041  -6.715 0.0000000000
124941  -5.962  23.631  -7.114 0.0000000000
124942  -5.819  22.772  -6.787 0.0000000000
133948  -6.015  36.096  5.390 0.0000000000
133949  -6.176  35.346  5.805 0.0000000000
133950  -6.080  34.675  6.196 0.0000000000
133951  -5.796  34.076  6.582 0.0000000000
133958  -6.122  34.747  7.391 0.0000000000
133959  -5.881  34.106  7.176 0.0000000000
133960  -5.417  33.537  6.952 0.0000000000
133961  -4.933  33.028  7.330 0.0000000000
133964  -4.995  32.355  8.888 0.0000000000
133974  -4.525  30.420  11.166 0.0000000000
133979  -5.058  28.714  13.353 0.0000000000
133982  -6.140  31.231  12.560 0.0000000000
133985  -6.041  30.509  12.841 0.0000000000
133986  -5.889  29.837  13.149 0.0000000000
133987  -5.688  29.195  13.481 0.0000000000
133988  -5.436  28.541  13.843 0.0000000000
133989  -5.730  28.361  14.350 0.0000000000
133990  -6.025  28.155  14.828 0.0000000000
133991  -6.092  28.030  15.404 0.0000000000
133993  -6.161  28.637  15.721 0.0000000000
133994  -6.188  27.890  15.970 0.0000000000
133995  -6.177  27.809  16.549 0.0000000000
133996  -6.108  27.672  17.156 0.0000000000
133997  -6.084  27.475  17.752 0.0000000000
134406  -6.447  28.493  -9.633 0.0000000000
134407  -6.423  28.127  -9.091 0.0000000000
134409  -6.740  31.539  -9.244 0.0000000000
134411  -6.106  30.957  -8.334 0.0000000000
134413  -6.330  30.048  -9.023 0.0000000000
134414  -6.308  29.306  -8.930 0.0000000000
134415  -6.321  28.527  -8.743 0.0000000000
134416  -6.361  27.726  -8.519 0.0000000000
134417  -6.261  27.274  -7.886 0.0000000000
134418  -6.140  26.827  -7.210 0.0000000000
134419  -6.002  26.383  -6.505 0.0000000000
134420  -6.017  27.708  -6.452 0.0000000000
152986  -5.819  35.799  -5.083 0.0000000000
152987  -5.994  35.186  -4.540 0.0000000000
152988  -6.022  36.230  -4.031 0.0000000000
152989  -6.156  35.388  -4.017 0.0000000000
152990  -6.272  34.549  -3.998 0.0000000000
152994  -6.650  36.950  -1.725 0.0000000000
152995  -6.822  36.051  -1.768 0.0000000000
152996  -6.860  35.197  -1.741 0.0000000000
152998  -6.723  34.481  -1.178 0.0000000000
153014  -6.276  35.819  2.899 0.0000000000
153015  -6.012  35.214  3.892 0.0000000000
153016  -6.017  35.153  3.291 0.0000000000
153017  -6.064  35.090  2.750 0.0000000000
153018  -5.641  34.447  2.588 0.0000000000
153363  -6.137  25.911  18.939 0.0000000000
153364  -6.255  25.186  19.197 0.0000000000
153365  -6.371  24.477  19.465 0.0000000000
153366  -5.792  24.723  20.558 0.0000000000
153367  -6.261  24.265  20.153 0.0000000000
153368  -6.469  23.778  19.746 0.0000000000
153369  -6.495  23.015  20.042 0.0000000000
153370  -6.494  22.273  20.319 0.0000000000
153371  -6.401  21.544  20.619 0.0000000000
153375  -5.398  21.920  23.171 0.0000000000
153377  -6.123  22.390  21.984 0.0000000000
153378  -6.531  21.916  21.586 0.0000000000
153379  -6.536  21.361  21.231 0.0000000000
153380  -6.269  20.811  20.916 0.0000000000
153381  -6.128  20.093  21.205 0.0000000000
153382  -5.990  19.401  21.502 0.0000000000
153383  -5.789  18.681  21.797 0.0000000000
153384  -6.436  18.970  22.610 0.0000000000
153385  -6.087  18.469  22.328 0.0000000000
153386  -5.610  17.980  22.125 0.0000000000
153390  -5.534  15.678  23.629 0.0000000000
153391  -5.848  15.498  24.042 0.0000000000
153392  -6.034  15.320  24.500 0.0000000000
153393  -6.225  16.541  24.480 0.0000000000
153394  -6.194  15.854  24.723 0.0000000000
153395  -6.158  15.115  24.961 0.0000000000
154317  -6.555  24.556  -11.313 0.0000000000
154318  -6.511  26.119  -8.948 0.0000000000
154319  -6.549  25.692  -9.309 0.0000000000
154321  -6.424  24.080  -8.763 0.0000000000
154322  -6.543  24.515  -9.383 0.0000000000
154323  -6.636  24.921  -10.039 0.0000000000
154324  -6.586  24.518  -10.381 0.0000000000
154325  -6.528  24.143  -10.740 0.0000000000
154326  -6.559  23.770  -11.088 0.0000000000
154327  -6.586  22.962  -10.766 0.0000000000
154329  -6.487  21.162  -10.066 0.0000000000
154330  -6.337  21.068  -9.138 0.0000000000
154331  -6.402  20.632  -9.425 0.0000000000
