#!ascii label  , from subject fsaverage vox2ras=TkReg
1424
4  -57.180  -0.133  10.677 0.0000000000
179  -53.334  -7.186  9.753 0.0000000000
182  -61.722  -9.075  11.044 0.0000000000
183  -55.252  -15.629  14.862 0.0000000000
402  -53.279  -20.340  21.848 0.0000000000
659  -56.214  -3.749  8.445 0.0000000000
660  -53.767  -1.557  7.311 0.0000000000
661  -57.011  1.807  7.357 0.0000000000
662  -58.853  -5.185  10.402 0.0000000000
663  -58.158  -7.873  9.586 0.0000000000
908  -56.471  -20.852  23.060 0.0000000000
909  -58.080  -17.375  19.265 0.0000000000
910  -51.045  -14.307  16.108 0.0000000000
911  -50.192  -18.057  15.270 0.0000000000
1200  -53.585  -27.666  17.849 0.0000000000
1480  -63.363  -12.992  14.959 0.0000000000
1481  -59.944  -16.536  15.334 0.0000000000
1482  -59.611  -12.086  13.093 0.0000000000
1483  -54.915  -10.607  13.595 0.0000000000
1897  -55.576  -24.891  20.576 0.0000000000
1898  -51.460  -25.136  21.556 0.0000000000
1899  -54.593  -17.719  16.929 0.0000000000
1900  -50.084  -19.859  20.550 0.0000000000
2579  -56.910  -2.081  9.241 0.0000000000
2580  -56.196  -0.766  7.951 0.0000000000
2581  -57.154  1.017  9.077 0.0000000000
2582  -57.643  -2.945  10.792 0.0000000000
2583  -57.950  -4.419  9.176 0.0000000000
2828  -59.492  -16.846  20.858 0.0000000000
3120  -50.929  -27.892  18.460 0.0000000000
3419  -51.921  -8.589  11.514 0.0000000000
3427  -62.856  -11.198  12.619 0.0000000000
3428  -61.777  -12.901  13.431 0.0000000000
3429  -61.215  -10.660  11.186 0.0000000000
3430  -55.773  -7.405  9.685 0.0000000000
3431  -56.452  -9.377  11.339 0.0000000000
3432  -54.215  -8.878  11.479 0.0000000000
3433  -52.695  -10.013  13.627 0.0000000000
4165  -54.907  -20.662  22.531 0.0000000000
4166  -55.822  -23.088  22.002 0.0000000000
4167  -54.064  -23.030  21.762 0.0000000000
4168  -53.657  -25.136  20.867 0.0000000000
4169  -52.252  -22.888  21.838 0.0000000000
4170  -57.588  -16.301  14.695 0.0000000000
4171  -57.356  -17.323  15.755 0.0000000000
4172  -55.064  -17.181  14.773 0.0000000000
4174  -50.112  -18.554  17.828 0.0000000000
5795  -54.900  -5.371  8.899 0.0000000000
5797  -54.714  -2.574  8.031 0.0000000000
5798  -55.652  0.085  6.860 0.0000000000
5799  -56.774  2.634  5.526 0.0000000000
5800  -60.413  -7.124  10.518 0.0000000000
5801  -60.326  -8.433  9.903 0.0000000000
5802  -59.118  -6.450  9.264 0.0000000000
5803  -57.224  -5.859  8.747 0.0000000000
6244  -56.803  -18.358  21.804 0.0000000000
6245  -55.275  -18.321  20.713 0.0000000000
6246  -53.068  -14.992  15.378 0.0000000000
6247  -52.645  -16.846  14.520 0.0000000000
6248  -50.346  -16.593  14.803 0.0000000000
6768  -56.431  -27.426  17.987 0.0000000000
7294  -63.154  -14.211  16.971 0.0000000000
7295  -61.715  -16.205  16.751 0.0000000000
7296  -62.007  -15.028  15.303 0.0000000000
7297  -59.903  -14.804  14.739 0.0000000000
7298  -57.697  -14.065  15.060 0.0000000000
7299  -59.011  -9.891  10.973 0.0000000000
7300  -57.283  -11.309  13.358 0.0000000000
7301  -55.382  -13.140  15.233 0.0000000000
7302  -53.128  -12.302  15.378 0.0000000000
8302  -57.226  -24.599  20.869 0.0000000000
8303  -57.336  -26.099  19.386 0.0000000000
8304  -54.995  -26.364  19.205 0.0000000000
8305  -52.565  -26.748  19.714 0.0000000000
8306  -50.165  -26.750  20.484 0.0000000000
8307  -59.296  -17.142  16.985 0.0000000000
8308  -56.503  -17.625  18.007 0.0000000000
8309  -53.858  -18.375  19.438 0.0000000000
8310  -52.503  -17.868  15.903 0.0000000000
8311  -52.132  -18.351  18.678 0.0000000000
8312  -51.816  -19.997  21.030 0.0000000000
8313  -50.564  -22.491  21.896 0.0000000000
8314  -49.428  -24.854  21.917 0.0000000000
8770  -63.132  -10.461  14.454 0.0000000000
8771  -61.853  -8.901  12.670 0.0000000000
8774  -60.269  -7.057  12.131 0.0000000000
8775  -58.568  -5.099  12.153 0.0000000000
8776  -57.555  -2.681  12.588 0.0000000000
10259  -57.086  -1.172  9.962 0.0000000000
10260  -56.914  -0.438  9.207 0.0000000000
10261  -57.182  0.460  9.836 0.0000000000
10262  -57.303  -1.586  10.891 0.0000000000
10263  -57.333  -2.508  10.115 0.0000000000
11099  -52.624  -7.946  10.550 0.0000000000
11101  -52.401  -6.893  9.390 0.0000000000
11107  -62.387  -10.230  11.693 0.0000000000
11108  -62.174  -11.042  11.719 0.0000000000
11109  -61.626  -9.910  10.932 0.0000000000
11110  -54.506  -7.281  9.779 0.0000000000
11111  -54.928  -8.224  10.458 0.0000000000
11112  -53.789  -8.050  10.544 0.0000000000
11113  -53.043  -8.692  11.537 0.0000000000
11845  -54.108  -20.406  22.200 0.0000000000
11846  -54.416  -21.860  22.253 0.0000000000
11847  -53.536  -21.692  22.096 0.0000000000
11848  -53.200  -22.944  21.793 0.0000000000
11849  -52.731  -21.575  21.987 0.0000000000
11850  -56.440  -15.957  14.726 0.0000000000
11851  -56.395  -16.787  14.688 0.0000000000
11852  -55.218  -16.480  14.519 0.0000000000
13499  -55.635  -4.566  8.552 0.0000000000
13500  -54.741  -3.993  8.531 0.0000000000
13501  -55.412  -3.134  8.292 0.0000000000
13502  -56.515  0.502  7.769 0.0000000000
13503  -55.915  -0.336  7.464 0.0000000000
13504  -56.445  0.964  6.974 0.0000000000
13505  -56.371  1.383  6.157 0.0000000000
13507  -59.657  -6.228  10.337 0.0000000000
13508  -59.899  -6.773  9.768 0.0000000000
13509  -59.165  -5.798  9.676 0.0000000000
13510  -57.250  -4.101  8.730 0.0000000000
13511  -57.754  -5.153  8.744 0.0000000000
13512  -56.734  -4.827  8.579 0.0000000000
13513  -56.115  -5.636  8.734 0.0000000000
14245  -58.855  -17.127  20.062 0.0000000000
14246  -58.105  -17.473  21.226 0.0000000000
14247  -57.378  -17.625  20.553 0.0000000000
14248  -56.069  -18.322  21.235 0.0000000000
14249  -56.607  -17.745  19.931 0.0000000000
14250  -52.045  -14.662  15.672 0.0000000000
14251  -51.717  -15.841  15.093 0.0000000000
14252  -50.700  -15.611  15.489 0.0000000000
15120  -54.987  -27.576  17.821 0.0000000000
15121  -55.704  -28.390  17.734 0.0000000000
15122  -54.213  -28.426  17.479 0.0000000000
16042  -63.370  -13.663  15.997 0.0000000000
16043  -62.766  -14.730  16.045 0.0000000000
16044  -62.846  -13.918  15.124 0.0000000000
16045  -60.717  -12.511  13.121 0.0000000000
16046  -60.947  -13.757  14.186 0.0000000000
16047  -59.874  -13.349  14.137 0.0000000000
16048  -58.771  -14.488  14.811 0.0000000000
16049  -58.747  -12.944  14.269 0.0000000000
16050  -59.321  -8.127  9.644 0.0000000000
16051  -59.790  -9.138  10.216 0.0000000000
16052  -58.619  -8.934  10.193 0.0000000000
16053  -55.674  -9.974  12.424 0.0000000000
16054  -56.893  -10.253  12.320 0.0000000000
16055  -56.053  -10.937  13.490 0.0000000000
16056  -56.407  -12.104  14.485 0.0000000000
16057  -55.180  -11.763  14.520 0.0000000000
16058  -54.220  -12.667  15.272 0.0000000000
16059  -54.083  -11.366  14.548 0.0000000000
16061  -51.826  -10.760  14.823 0.0000000000
18255  -57.198  -20.776  23.392 0.0000000000
18258  -55.614  -24.011  21.218 0.0000000000
18259  -56.511  -23.915  21.393 0.0000000000
18260  -56.459  -24.723  20.624 0.0000000000
18261  -57.394  -25.406  20.068 0.0000000000
18262  -56.421  -25.511  19.955 0.0000000000
18263  -56.192  -26.226  19.174 0.0000000000
18264  -55.435  -25.670  19.973 0.0000000000
18265  -52.587  -25.175  21.199 0.0000000000
18266  -53.213  -25.955  20.411 0.0000000000
18267  -52.037  -26.084  20.758 0.0000000000
18268  -51.330  -26.800  20.153 0.0000000000
18269  -50.936  -26.063  21.084 0.0000000000
18270  -60.901  -16.530  15.905 0.0000000000
18271  -60.636  -16.786  16.768 0.0000000000
18272  -59.702  -16.957  16.022 0.0000000000
18273  -55.954  -17.545  16.210 0.0000000000
18274  -56.951  -17.494  16.875 0.0000000000
18275  -55.625  -17.691  17.461 0.0000000000
18276  -55.153  -17.939  18.638 0.0000000000
18277  -54.255  -17.959  18.260 0.0000000000
18278  -51.392  -17.457  14.789 0.0000000000
18279  -52.535  -17.525  14.879 0.0000000000
18280  -51.339  -17.946  15.569 0.0000000000
18281  -50.014  -18.961  19.323 0.0000000000
18282  -51.161  -18.383  18.238 0.0000000000
18283  -51.024  -18.960  19.632 0.0000000000
18284  -51.948  -18.976  19.901 0.0000000000
18285  -51.014  -19.842  20.734 0.0000000000
18286  -51.129  -21.226  21.554 0.0000000000
18287  -50.294  -21.080  21.398 0.0000000000
19380  -62.203  -9.571  14.391 0.0000000000
19381  -62.594  -9.760  13.375 0.0000000000
19382  -61.467  -8.804  13.607 0.0000000000
19389  -59.755  -6.939  12.933 0.0000000000
19390  -58.950  -5.884  12.851 0.0000000000
19391  -59.403  -6.145  12.047 0.0000000000
19392  -58.281  -4.856  12.962 0.0000000000
19396  -57.362  -1.248  12.721 0.0000000000
23075  -56.644  -2.921  8.687 0.0000000000
23076  -55.997  -2.285  8.278 0.0000000000
23077  -56.510  -1.344  8.605 0.0000000000
23078  -56.722  0.113  8.481 0.0000000000
23079  -57.047  1.445  8.272 0.0000000000
23080  -58.188  -4.132  10.530 0.0000000000
23081  -58.515  -4.822  9.716 0.0000000000
23082  -57.889  -3.720  9.864 0.0000000000
23083  -57.415  -3.298  9.225 0.0000000000
23524  -60.296  -16.666  19.778 0.0000000000
23525  -59.559  -16.968  18.921 0.0000000000
23527  -49.701  -15.413  16.047 0.0000000000
24048  -52.277  -27.753  18.032 0.0000000000
24049  -52.798  -28.517  17.418 0.0000000000
24050  -51.434  -28.612  17.574 0.0000000000
24592  -54.483  -0.310  6.343 0.0000000000
24601  -63.204  -12.133  13.810 0.0000000000
24602  -62.725  -13.057  14.039 0.0000000000
24603  -62.515  -12.109  12.867 0.0000000000
24604  -61.551  -11.809  12.195 0.0000000000
24605  -60.489  -11.399  11.978 0.0000000000
24606  -56.975  -7.638  9.601 0.0000000000
24607  -57.299  -8.691  10.336 0.0000000000
24608  -56.121  -8.444  10.391 0.0000000000
24609  -55.304  -9.108  11.421 0.0000000000
24610  -54.604  -9.718  12.538 0.0000000000
24611  -53.833  -10.288  13.571 0.0000000000
24612  -53.508  -9.441  12.543 0.0000000000
24613  -52.360  -9.251  12.615 0.0000000000
25929  -55.707  -20.827  22.787 0.0000000000
25930  -56.101  -22.082  22.595 0.0000000000
25931  -55.277  -22.017  22.474 0.0000000000
25932  -54.959  -23.067  21.892 0.0000000000
25933  -54.743  -24.109  21.221 0.0000000000
25934  -54.612  -25.004  20.711 0.0000000000
25935  -53.829  -24.133  21.292 0.0000000000
25936  -52.897  -24.124  21.483 0.0000000000
25937  -51.879  -24.038  21.744 0.0000000000
25938  -58.802  -16.503  14.934 0.0000000000
25939  -58.664  -17.000  15.465 0.0000000000
25940  -57.508  -16.945  15.009 0.0000000000
25941  -56.232  -17.315  15.229 0.0000000000
25942  -54.874  -17.524  15.704 0.0000000000
25943  -48.935  -18.631  16.069 0.0000000000
25944  -50.134  -18.385  16.417 0.0000000000
25945  -48.956  -18.874  17.422 0.0000000000
25946  -48.980  -19.132  18.989 0.0000000000
25947  -49.081  -19.830  20.376 0.0000000000
25948  -49.358  -20.997  21.377 0.0000000000
25949  -48.292  -20.960  21.238 0.0000000000
28883  -54.138  -6.296  9.240 0.0000000000
28884  -53.207  -5.908  9.060 0.0000000000
28885  -53.972  -4.932  8.869 0.0000000000
28886  -53.889  -3.413  8.389 0.0000000000
28887  -54.166  -2.065  7.740 0.0000000000
28888  -55.457  -1.720  7.830 0.0000000000
28889  -55.089  -1.177  7.481 0.0000000000
28890  -54.741  -0.699  6.923 0.0000000000
28891  -55.467  0.492  6.128 0.0000000000
28892  -56.093  1.878  5.331 0.0000000000
28894  -61.081  -8.107  10.688 0.0000000000
28895  -61.101  -8.734  10.391 0.0000000000
28896  -60.560  -7.717  10.051 0.0000000000
28897  -59.755  -7.385  9.523 0.0000000000
28898  -58.799  -7.177  9.218 0.0000000000
28899  -58.484  -5.481  9.133 0.0000000000
28900  -58.199  -6.179  8.895 0.0000000000
28901  -57.713  -6.846  9.061 0.0000000000
28902  -56.553  -6.639  9.075 0.0000000000
28903  -55.371  -6.404  9.219 0.0000000000
29930  -56.465  -19.438  22.686 0.0000000000
29931  -55.680  -19.385  22.278 0.0000000000
29932  -54.927  -19.247  21.843 0.0000000000
29933  -54.124  -19.176  21.334 0.0000000000
29934  -54.127  -15.326  15.155 0.0000000000
29935  -53.968  -16.227  14.537 0.0000000000
29936  -52.808  -16.032  14.728 0.0000000000
29937  -51.499  -16.679  14.606 0.0000000000
29938  -50.247  -17.385  14.714 0.0000000000
29939  -49.314  -16.467  15.340 0.0000000000
29940  -48.974  -17.403  14.834 0.0000000000
29941  -48.891  -18.122  15.108 0.0000000000
32416  -62.847  -14.623  17.931 0.0000000000
32417  -62.237  -15.663  17.785 0.0000000000
32418  -62.524  -15.316  16.879 0.0000000000
32419  -61.928  -15.757  16.002 0.0000000000
32420  -61.047  -15.929  15.346 0.0000000000
32421  -61.954  -14.013  14.536 0.0000000000
32422  -61.026  -15.037  14.869 0.0000000000
32423  -59.940  -15.845  14.945 0.0000000000
32424  -58.712  -15.673  14.832 0.0000000000
32425  -57.554  -15.403  14.836 0.0000000000
32426  -56.469  -14.991  15.107 0.0000000000
32427  -60.795  -9.515  10.456 0.0000000000
32428  -60.166  -10.254  10.976 0.0000000000
32429  -59.354  -10.983  11.943 0.0000000000
32430  -57.719  -9.601  11.152 0.0000000000
32431  -58.111  -10.582  12.115 0.0000000000
32432  -58.486  -11.636  13.196 0.0000000000
32433  -57.622  -12.557  14.403 0.0000000000
32434  -56.541  -13.571  15.159 0.0000000000
32435  -55.398  -14.529  15.345 0.0000000000
32436  -54.289  -14.121  15.472 0.0000000000
32437  -53.223  -13.688  15.648 0.0000000000
32438  -52.154  -13.326  15.914 0.0000000000
32439  -52.952  -11.012  14.632 0.0000000000
32440  -52.094  -11.935  15.575 0.0000000000
35196  -56.608  -22.974  22.160 0.0000000000
35203  -55.687  -26.839  18.435 0.0000000000
35204  -54.362  -27.009  18.428 0.0000000000
35205  -54.311  -25.788  20.126 0.0000000000
35206  -53.795  -26.536  19.418 0.0000000000
35207  -53.084  -27.212  18.675 0.0000000000
35208  -51.780  -27.271  19.001 0.0000000000
35209  -50.531  -27.377  19.416 0.0000000000
35211  -61.357  -16.441  17.721 0.0000000000
35212  -60.142  -16.937  17.756 0.0000000000
35213  -58.805  -17.241  18.075 0.0000000000
35214  -58.329  -17.227  16.322 0.0000000000
35215  -57.909  -17.397  17.453 0.0000000000
35216  -57.339  -17.537  18.602 0.0000000000
35217  -55.882  -17.859  19.274 0.0000000000
35218  -54.583  -18.316  20.047 0.0000000000
35219  -53.447  -19.087  20.785 0.0000000000
35220  -53.887  -16.991  14.508 0.0000000000
35221  -53.783  -17.507  15.172 0.0000000000
35222  -53.562  -17.731  16.357 0.0000000000
35223  -51.260  -18.166  16.807 0.0000000000
35224  -52.368  -17.995  17.196 0.0000000000
35225  -53.258  -17.980  17.847 0.0000000000
35226  -53.052  -18.371  19.046 0.0000000000
35227  -52.741  -19.043  20.212 0.0000000000
35228  -52.574  -20.131  21.373 0.0000000000
35229  -51.899  -21.400  21.753 0.0000000000
35230  -51.341  -22.728  21.891 0.0000000000
35231  -50.952  -23.953  21.982 0.0000000000
35232  -49.719  -22.291  21.868 0.0000000000
35233  -50.059  -23.727  22.074 0.0000000000
35234  -50.453  -24.986  21.799 0.0000000000
35235  -49.816  -25.927  21.318 0.0000000000
36092  -57.267  0.039  11.608 0.0000000000
36093  -57.494  1.233  10.868 0.0000000000
36557  -63.608  -12.376  15.706 0.0000000000
36560  -63.505  -11.625  14.626 0.0000000000
36561  -63.174  -10.883  13.468 0.0000000000
36562  -62.652  -10.044  12.479 0.0000000000
36563  -61.909  -9.030  11.812 0.0000000000
36570  -60.628  -7.968  13.130 0.0000000000
36571  -61.027  -7.921  12.293 0.0000000000
36572  -61.184  -8.035  11.436 0.0000000000
36573  -60.403  -7.099  11.321 0.0000000000
36574  -59.593  -6.251  11.202 0.0000000000
36575  -58.799  -5.250  11.249 0.0000000000
36576  -57.792  -3.661  13.191 0.0000000000
36577  -57.956  -3.921  12.329 0.0000000000
36578  -58.115  -4.124  11.418 0.0000000000
36579  -57.618  -2.884  11.642 0.0000000000
36580  -57.319  -1.456  11.802 0.0000000000
37801  -57.531  2.236  9.184 0.0000000000
37802  -57.501  2.607  8.273 0.0000000000
40979  -57.126  -0.684  10.313 0.0000000000
40980  -57.078  -0.326  9.926 0.0000000000
40981  -57.185  0.163  10.242 0.0000000000
40982  -57.219  -0.826  10.814 0.0000000000
40983  -57.202  -1.373  10.452 0.0000000000
41819  -52.977  -7.596  10.173 0.0000000000
41820  -52.511  -7.445  9.932 0.0000000000
41821  -52.871  -7.006  9.614 0.0000000000
41827  -62.094  -9.695  11.370 0.0000000000
41828  -62.032  -10.095  11.289 0.0000000000
41829  -61.713  -9.483  10.961 0.0000000000
41830  -53.918  -7.222  9.748 0.0000000000
41831  -54.139  -7.671  10.115 0.0000000000
41832  -53.563  -7.618  10.140 0.0000000000
41833  -53.222  -8.000  10.604 0.0000000000
42565  -53.706  -20.371  21.996 0.0000000000
42566  -53.819  -21.047  22.158 0.0000000000
42567  -53.372  -20.987  22.117 0.0000000000
42568  -53.140  -21.642  22.038 0.0000000000
42569  -52.993  -20.922  21.946 0.0000000000
42570  -55.839  -15.770  14.783 0.0000000000
42571  -55.846  -16.247  14.589 0.0000000000
42572  -55.237  -16.067  14.637 0.0000000000
44219  -55.942  -4.157  8.461 0.0000000000
44220  -55.497  -3.851  8.450 0.0000000000
44221  -55.781  -3.450  8.397 0.0000000000
44222  -56.724  1.126  7.623 0.0000000000
44223  -56.449  0.713  7.405 0.0000000000
44224  -56.716  1.362  7.158 0.0000000000
44225  -56.709  1.613  6.687 0.0000000000
44226  -56.985  2.023  6.887 0.0000000000
44227  -59.248  -5.722  10.344 0.0000000000
44228  -59.438  -5.998  9.987 0.0000000000
44229  -59.057  -5.476  10.017 0.0000000000
44230  -56.735  -3.876  8.547 0.0000000000
44231  -56.997  -4.442  8.611 0.0000000000
44232  -56.492  -4.292  8.493 0.0000000000
44233  -56.224  -4.691  8.515 0.0000000000
44965  -58.489  -17.282  19.623 0.0000000000
44966  -58.140  -17.392  20.251 0.0000000000
44967  -57.708  -17.467  19.910 0.0000000000
44968  -56.981  -17.701  20.237 0.0000000000
44969  -57.324  -17.553  19.588 0.0000000000
44970  -51.539  -14.499  15.888 0.0000000000
44971  -51.427  -15.115  15.651 0.0000000000
44972  -50.884  -15.001  15.845 0.0000000000
45840  -54.286  -27.625  17.787 0.0000000000
45841  -54.611  -27.992  17.587 0.0000000000
45842  -53.886  -28.007  17.573 0.0000000000
46762  -63.384  -13.331  15.467 0.0000000000
46763  -63.158  -13.832  15.515 0.0000000000
46764  -63.137  -13.445  15.008 0.0000000000
46765  -60.176  -12.281  13.060 0.0000000000
46766  -60.296  -12.929  13.597 0.0000000000
46767  -59.768  -12.705  13.642 0.0000000000
46768  -59.305  -13.154  14.182 0.0000000000
46769  -59.208  -12.479  13.712 0.0000000000
46770  -58.743  -8.008  9.589 0.0000000000
46771  -58.994  -8.510  9.865 0.0000000000
46772  -58.380  -8.408  9.840 0.0000000000
46773  -55.312  -10.283  12.996 0.0000000000
46774  -55.878  -10.441  12.966 0.0000000000
46775  -55.467  -10.764  13.546 0.0000000000
46776  -55.596  -11.299  14.043 0.0000000000
46777  -55.052  -11.164  14.083 0.0000000000
46778  -54.643  -11.563  14.543 0.0000000000
46779  -54.513  -10.969  14.099 0.0000000000
48975  -56.827  -20.864  23.225 0.0000000000
48977  -56.623  -21.513  23.008 0.0000000000
48978  -55.588  -24.482  20.901 0.0000000000
48979  -56.007  -24.378  20.916 0.0000000000
48980  -56.001  -24.798  20.591 0.0000000000
48981  -56.448  -25.131  20.283 0.0000000000
48982  -55.988  -25.210  20.257 0.0000000000
48983  -55.956  -25.602  19.914 0.0000000000
48984  -55.552  -25.289  20.258 0.0000000000
48985  -52.004  -25.161  21.381 0.0000000000
48986  -52.334  -25.641  20.994 0.0000000000
48987  -51.775  -25.683  21.231 0.0000000000
48988  -51.481  -26.084  20.939 0.0000000000
48989  -51.235  -25.621  21.359 0.0000000000
48990  -60.386  -16.549  15.575 0.0000000000
48991  -60.318  -16.748  15.948 0.0000000000
48992  -59.830  -16.786  15.636 0.0000000000
48993  -55.274  -17.634  16.552 0.0000000000
48994  -55.808  -17.631  16.816 0.0000000000
48995  -55.131  -17.701  17.176 0.0000000000
48996  -54.950  -17.799  17.814 0.0000000000
48997  -54.431  -17.810  17.614 0.0000000000
48998  -50.793  -17.759  15.019 0.0000000000
48999  -51.390  -17.768  15.073 0.0000000000
49000  -50.783  -18.009  15.413 0.0000000000
49001  -50.003  -19.374  19.991 0.0000000000
49002  -50.515  -18.926  19.483 0.0000000000
49003  -50.517  -19.377  20.134 0.0000000000
49004  -50.989  -19.374  20.232 0.0000000000
49005  -50.554  -19.889  20.668 0.0000000000
49006  -50.623  -20.463  21.095 0.0000000000
49007  -50.173  -20.423  20.986 0.0000000000
50100  -61.610  -9.282  14.448 0.0000000000
50101  -61.843  -9.218  13.970 0.0000000000
50102  -61.217  -8.914  14.055 0.0000000000
50109  -58.668  -5.874  13.317 0.0000000000
50111  -58.593  -5.376  12.877 0.0000000000
53819  -56.776  -2.490  8.904 0.0000000000
53820  -56.506  -2.169  8.666 0.0000000000
53821  -56.669  -1.688  8.943 0.0000000000
53822  -57.007  0.282  9.165 0.0000000000
53823  -56.840  -0.157  8.848 0.0000000000
53824  -56.963  0.543  8.800 0.0000000000
53825  -56.875  0.727  8.444 0.0000000000
53826  -57.117  1.249  8.663 0.0000000000
53827  -57.901  -3.552  10.646 0.0000000000
53828  -58.050  -3.946  10.181 0.0000000000
53829  -57.756  -3.367  10.311 0.0000000000
53830  -57.159  -2.330  9.693 0.0000000000
53831  -57.397  -2.934  9.633 0.0000000000
53832  -57.135  -2.724  9.275 0.0000000000
53833  -57.061  -3.127  8.960 0.0000000000
54566  -60.918  -16.417  19.744 0.0000000000
54567  -60.650  -16.623  19.251 0.0000000000
54568  -59.945  -16.822  19.331 0.0000000000
54569  -60.272  -16.762  18.808 0.0000000000
55440  -51.587  -27.831  18.238 0.0000000000
55441  -51.880  -28.143  17.754 0.0000000000
55442  -51.187  -28.219  17.961 0.0000000000
56339  -51.571  -8.833  12.048 0.0000000000
56347  -54.820  0.341  5.892 0.0000000000
56362  -63.057  -11.664  13.173 0.0000000000
56363  -62.886  -12.140  13.278 0.0000000000
56364  -62.742  -11.659  12.679 0.0000000000
56365  -61.693  -10.849  11.394 0.0000000000
56366  -61.916  -11.433  11.901 0.0000000000
56367  -61.400  -11.243  11.672 0.0000000000
56368  -61.052  -11.630  12.083 0.0000000000
56369  -60.910  -11.049  11.506 0.0000000000
56370  -56.382  -7.502  9.633 0.0000000000
56371  -56.541  -8.032  9.970 0.0000000000
56372  -55.943  -7.912  10.008 0.0000000000
56373  -54.554  -8.564  10.965 0.0000000000
56374  -55.125  -8.667  10.927 0.0000000000
56375  -54.770  -8.998  11.475 0.0000000000
56376  -54.964  -9.427  12.019 0.0000000000
56377  -54.415  -9.296  12.006 0.0000000000
56378  -54.054  -9.576  12.504 0.0000000000
56379  -53.856  -9.169  12.005 0.0000000000
56380  -52.467  -8.629  11.577 0.0000000000
56381  -52.715  -8.985  12.089 0.0000000000
56382  -52.143  -8.893  12.071 0.0000000000
56383  -51.765  -9.155  12.620 0.0000000000
58575  -55.294  -20.742  22.684 0.0000000000
58576  -55.459  -21.480  22.711 0.0000000000
58577  -55.049  -21.379  22.588 0.0000000000
58578  -54.216  -22.401  22.025 0.0000000000
58579  -54.649  -22.488  22.101 0.0000000000
58580  -54.480  -23.045  21.785 0.0000000000
58581  -54.820  -23.596  21.511 0.0000000000
58582  -54.364  -23.611  21.507 0.0000000000
58583  -54.301  -24.117  21.251 0.0000000000
58584  -53.937  -23.605  21.520 0.0000000000
58585  -52.725  -22.950  21.818 0.0000000000
58586  -53.027  -23.552  21.636 0.0000000000
58587  -52.548  -23.530  21.689 0.0000000000
58588  -52.374  -24.098  21.591 0.0000000000
58589  -52.051  -23.475  21.769 0.0000000000
58590  -58.169  -16.419  14.803 0.0000000000
58591  -58.150  -16.744  14.949 0.0000000000
58592  -57.544  -16.671  14.756 0.0000000000
58593  -55.729  -16.980  14.715 0.0000000000
58594  -56.328  -17.105  14.902 0.0000000000
58595  -55.650  -17.276  14.988 0.0000000000
58596  -55.572  -17.440  15.396 0.0000000000
58597  -54.996  -17.383  15.183 0.0000000000
58598  -48.303  -18.951  16.525 0.0000000000
58599  -48.941  -18.774  16.698 0.0000000000
58600  -48.331  -19.058  17.251 0.0000000000
58604  -49.023  -19.411  19.721 0.0000000000
58606  -48.672  -20.358  20.834 0.0000000000
63539  -54.524  -5.824  9.089 0.0000000000
63540  -54.065  -5.619  9.051 0.0000000000
63541  -54.437  -5.147  8.897 0.0000000000
63542  -54.680  -3.290  8.313 0.0000000000
63543  -54.274  -3.690  8.479 0.0000000000
63544  -54.279  -2.971  8.226 0.0000000000
63545  -53.994  -2.732  8.091 0.0000000000
63546  -54.420  -2.322  7.899 0.0000000000
63547  -56.054  -1.531  8.121 0.0000000000
63548  -55.708  -1.999  8.059 0.0000000000
63549  -55.845  -1.253  7.860 0.0000000000
63550  -55.770  -0.125  7.194 0.0000000000
63551  -55.511  -0.771  7.436 0.0000000000
63552  -55.369  -0.540  7.152 0.0000000000
63553  -54.898  -0.931  7.204 0.0000000000
63554  -55.213  -0.319  6.854 0.0000000000
63555  -55.087  -0.126  6.533 0.0000000000
63556  -55.557  0.274  6.503 0.0000000000
63557  -56.601  2.028  5.828 0.0000000000
63558  -56.259  1.635  5.728 0.0000000000
63559  -56.475  2.293  5.401 0.0000000000
63560  -56.299  2.528  4.990 0.0000000000
63562  -60.756  -7.633  10.571 0.0000000000
63563  -60.840  -7.941  10.328 0.0000000000
63564  -60.510  -7.434  10.236 0.0000000000
63565  -59.565  -6.580  9.514 0.0000000000
63566  -59.885  -7.061  9.604 0.0000000000
63567  -59.438  -6.918  9.388 0.0000000000
63568  -59.282  -7.259  9.351 0.0000000000
63569  -58.977  -6.818  9.197 0.0000000000
63570  -58.264  -4.623  9.418 0.0000000000
63571  -58.533  -5.139  9.396 0.0000000000
63572  -58.217  -4.964  9.147 0.0000000000
63573  -57.482  -5.506  8.685 0.0000000000
63574  -57.948  -5.671  8.792 0.0000000000
63575  -57.737  -6.027  8.792 0.0000000000
63576  -57.998  -6.510  8.918 0.0000000000
63577  -57.492  -6.369  8.880 0.0000000000
63578  -57.152  -6.739  9.058 0.0000000000
63579  -56.910  -6.255  8.872 0.0000000000
63580  -55.537  -5.498  8.801 0.0000000000
63581  -55.746  -6.027  8.928 0.0000000000
63582  -55.159  -5.886  9.033 0.0000000000
63583  -54.744  -6.332  9.258 0.0000000000
65777  -59.099  -17.060  21.453 0.0000000000
65778  -57.442  -17.897  21.520 0.0000000000
65779  -57.810  -17.808  21.766 0.0000000000
65780  -57.196  -18.319  22.056 0.0000000000
65781  -56.988  -18.831  22.522 0.0000000000
65782  -56.602  -18.844  22.306 0.0000000000
65783  -56.091  -19.469  22.477 0.0000000000
65784  -56.216  -18.853  22.050 0.0000000000
65785  -55.663  -18.319  21.009 0.0000000000
65786  -55.466  -18.720  21.558 0.0000000000
65787  -55.067  -18.724  21.321 0.0000000000
65788  -54.513  -19.177  21.643 0.0000000000
65789  -54.658  -18.678  21.042 0.0000000000
65790  -53.557  -15.144  15.246 0.0000000000
65791  -53.460  -15.672  14.924 0.0000000000
65792  -52.918  -15.563  15.076 0.0000000000
65793  -51.013  -16.218  14.927 0.0000000000
65794  -51.559  -16.268  14.786 0.0000000000
65795  -50.906  -16.637  14.699 0.0000000000
65796  -50.873  -17.045  14.578 0.0000000000
65797  -50.293  -17.014  14.657 0.0000000000
65799  -49.497  -15.958  15.704 0.0000000000
65804  -48.903  -17.793  14.883 0.0000000000
68408  -52.415  -28.995  17.317 0.0000000000
68409  -53.098  -28.940  17.346 0.0000000000
71122  -53.122  -5.230  8.874 0.0000000000
71123  -52.737  -5.722  8.921 0.0000000000
71167  -63.005  -14.443  17.449 0.0000000000
71168  -62.710  -14.937  17.382 0.0000000000
71169  -62.881  -14.770  16.902 0.0000000000
71170  -62.426  -14.872  15.656 0.0000000000
71171  -62.359  -15.239  16.052 0.0000000000
71172  -61.984  -15.353  15.687 0.0000000000
71173  -61.512  -15.848  15.651 0.0000000000
71174  -61.523  -15.521  15.354 0.0000000000
71175  -62.278  -13.046  13.693 0.0000000000
71176  -62.364  -13.531  14.243 0.0000000000
71177  -61.886  -13.434  14.011 0.0000000000
71178  -60.490  -14.301  14.541 0.0000000000
71179  -61.011  -14.393  14.561 0.0000000000
71180  -60.466  -14.931  14.763 0.0000000000
71181  -60.472  -15.482  14.926 0.0000000000
71182  -59.886  -15.378  14.852 0.0000000000
71183  -59.327  -15.788  14.859 0.0000000000
71184  -59.264  -15.282  14.862 0.0000000000
71185  -58.223  -14.277  14.884 0.0000000000
71186  -58.167  -14.980  14.877 0.0000000000
71187  -57.603  -14.799  14.967 0.0000000000
71188  -57.020  -15.203  14.977 0.0000000000
71189  -57.068  -14.570  15.140 0.0000000000
71190  -60.758  -8.578  10.105 0.0000000000
71191  -60.986  -9.109  10.374 0.0000000000
71192  -60.580  -8.984  10.154 0.0000000000
71193  -59.416  -9.537  10.476 0.0000000000
71194  -59.982  -9.692  10.566 0.0000000000
71195  -59.595  -10.073  10.943 0.0000000000
71196  -59.769  -10.626  11.416 0.0000000000
71197  -59.190  -10.422  11.442 0.0000000000
71198  -56.865  -9.050  10.812 0.0000000000
71199  -57.496  -9.165  10.786 0.0000000000
71200  -57.080  -9.502  11.266 0.0000000000
71201  -57.090  -10.740  12.832 0.0000000000
71202  -57.490  -10.387  12.204 0.0000000000
71203  -57.706  -10.935  12.741 0.0000000000
71204  -58.325  -11.111  12.654 0.0000000000
71205  -57.905  -11.472  13.276 0.0000000000
71206  -58.060  -12.020  13.809 0.0000000000
71207  -57.505  -11.866  13.861 0.0000000000
71208  -55.913  -12.605  14.907 0.0000000000
71209  -56.504  -12.805  14.876 0.0000000000
71210  -55.995  -13.364  15.251 0.0000000000
71211  -55.986  -14.077  15.330 0.0000000000
71212  -55.427  -13.868  15.378 0.0000000000
71213  -54.845  -14.366  15.411 0.0000000000
71214  -54.810  -13.632  15.413 0.0000000000
71215  -53.675  -12.475  15.303 0.0000000000
71216  -53.738  -13.178  15.490 0.0000000000
71217  -53.192  -12.996  15.595 0.0000000000
71218  -52.653  -13.550  15.762 0.0000000000
71219  -52.664  -12.845  15.689 0.0000000000
71220  -53.291  -10.147  13.597 0.0000000000
71221  -53.407  -10.651  14.100 0.0000000000
71222  -52.844  -10.474  14.138 0.0000000000
71223  -51.393  -11.199  15.369 0.0000000000
71224  -51.958  -11.283  15.251 0.0000000000
71225  -51.523  -11.811  15.693 0.0000000000
71226  -51.666  -12.460  15.941 0.0000000000
77813  -55.972  -22.611  22.285 0.0000000000
77814  -56.356  -22.570  22.389 0.0000000000
77815  -56.254  -23.069  22.056 0.0000000000
77816  -56.865  -24.269  21.122 0.0000000000
77817  -56.867  -23.844  21.530 0.0000000000
77818  -57.195  -24.197  21.328 0.0000000000
77823  -57.390  -25.774  19.717 0.0000000000
77830  -55.622  -26.296  19.170 0.0000000000
77831  -55.954  -26.560  18.775 0.0000000000
77832  -55.330  -26.609  18.795 0.0000000000
77833  -55.000  -26.929  18.387 0.0000000000
77834  -54.703  -26.678  18.821 0.0000000000
77835  -54.124  -25.048  20.783 0.0000000000
77836  -54.493  -25.439  20.457 0.0000000000
77837  -53.981  -25.482  20.515 0.0000000000
77838  -52.916  -26.375  20.125 0.0000000000
77839  -53.498  -26.269  19.945 0.0000000000
77840  -53.170  -26.664  19.573 0.0000000000
77841  -53.459  -26.919  19.048 0.0000000000
77842  -52.812  -27.000  19.157 0.0000000000
77843  -52.428  -27.261  18.811 0.0000000000
77844  -52.180  -27.039  19.347 0.0000000000
77845  -50.705  -26.789  20.315 0.0000000000
77846  -50.934  -27.094  19.777 0.0000000000
77847  -50.340  -27.086  19.959 0.0000000000
77848  -49.928  -27.380  19.611 0.0000000000
77849  -49.785  -27.085  20.178 0.0000000000
77850  -62.014  -15.987  17.298 0.0000000000
77851  -61.828  -16.116  17.767 0.0000000000
77852  -61.548  -16.354  17.241 0.0000000000
77853  -59.986  -16.975  16.862 0.0000000000
77854  -60.402  -16.868  17.257 0.0000000000
77855  -59.736  -17.050  17.349 0.0000000000
77856  -59.488  -17.097  17.891 0.0000000000
77857  -59.076  -17.180  17.536 0.0000000000
77858  -58.035  -17.174  15.578 0.0000000000
77859  -58.524  -17.148  15.866 0.0000000000
77860  -57.835  -17.288  16.047 0.0000000000
77861  -56.764  -17.544  17.443 0.0000000000
77862  -57.447  -17.441  17.160 0.0000000000
77863  -57.203  -17.519  17.706 0.0000000000
77864  -57.661  -17.467  17.994 0.0000000000
77865  -56.984  -17.600  18.223 0.0000000000
77866  -56.602  -17.701  18.901 0.0000000000
77867  -56.208  -17.731  18.599 0.0000000000
77868  -54.478  -18.135  19.062 0.0000000000
77869  -54.844  -18.107  19.372 0.0000000000
77870  -54.235  -18.367  19.743 0.0000000000
77871  -53.989  -18.680  20.420 0.0000000000
77872  -53.645  -18.676  20.116 0.0000000000
77873  -53.306  -16.553  14.455 0.0000000000
77874  -53.907  -16.630  14.432 0.0000000000
77875  -53.235  -16.924  14.496 0.0000000000
77876  -52.530  -17.740  15.342 0.0000000000
77877  -53.147  -17.510  15.016 0.0000000000
77878  -53.120  -17.713  15.526 0.0000000000
77879  -53.694  -17.647  15.709 0.0000000000
77880  -53.061  -17.797  16.127 0.0000000000
77881  -50.111  -18.467  17.093 0.0000000000
77882  -50.686  -18.248  16.574 0.0000000000
77883  -50.687  -18.347  17.296 0.0000000000
77884  -51.651  -18.346  18.452 0.0000000000
77885  -51.754  -18.180  17.687 0.0000000000
77886  -52.232  -18.139  17.996 0.0000000000
77887  -52.835  -17.978  17.537 0.0000000000
77888  -52.693  -18.134  18.269 0.0000000000
77889  -53.165  -18.152  18.479 0.0000000000
77890  -52.607  -18.349  18.859 0.0000000000
77891  -51.862  -19.431  20.492 0.0000000000
77892  -52.370  -19.019  20.045 0.0000000000
77893  -52.270  -19.490  20.638 0.0000000000
77894  -52.627  -19.537  20.826 0.0000000000
77895  -52.177  -20.048  21.199 0.0000000000
77896  -52.190  -20.759  21.620 0.0000000000
77897  -51.830  -20.659  21.454 0.0000000000
77898  -50.815  -21.873  21.751 0.0000000000
77899  -51.235  -22.036  21.820 0.0000000000
77900  -50.964  -22.620  21.914 0.0000000000
77901  -51.158  -23.346  21.953 0.0000000000
77902  -50.741  -23.232  22.031 0.0000000000
77903  -49.021  -21.591  21.682 0.0000000000
77904  -49.535  -21.610  21.647 0.0000000000
77905  -49.224  -22.217  21.895 0.0000000000
77906  -49.233  -24.200  22.092 0.0000000000
77907  -49.578  -23.620  22.086 0.0000000000
77908  -49.763  -24.292  22.023 0.0000000000
77909  -50.263  -24.371  21.983 0.0000000000
77910  -49.971  -24.903  21.873 0.0000000000
77911  -50.119  -25.487  21.597 0.0000000000
77912  -49.630  -25.428  21.653 0.0000000000
81167  -63.664  -11.997  16.134 0.0000000000
81171  -63.023  -10.184  14.984 0.0000000000
81173  -63.328  -10.738  15.008 0.0000000000
81175  -63.387  -11.036  14.511 0.0000000000
81176  -63.366  -11.246  14.033 0.0000000000
81177  -63.184  -10.699  13.948 0.0000000000
81178  -62.259  -9.348  12.971 0.0000000000
81179  -62.656  -9.912  12.921 0.0000000000
81180  -62.348  -9.451  12.571 0.0000000000
81181  -62.328  -9.544  12.127 0.0000000000
81182  -61.915  -8.962  12.250 0.0000000000
81199  -60.319  -8.050  13.524 0.0000000000
81200  -59.909  -7.584  13.415 0.0000000000
81201  -60.004  -6.946  12.535 0.0000000000
81202  -60.460  -7.411  12.597 0.0000000000
81203  -60.611  -7.457  12.198 0.0000000000
81204  -61.121  -7.954  11.865 0.0000000000
81205  -60.722  -7.497  11.792 0.0000000000
81206  -60.792  -7.541  11.377 0.0000000000
81207  -60.324  -7.046  11.754 0.0000000000
81208  -58.985  -5.640  12.068 0.0000000000
81209  -59.538  -6.212  11.638 0.0000000000
81210  -59.091  -5.714  11.655 0.0000000000
81211  -59.164  -5.785  11.190 0.0000000000
81212  -58.693  -5.193  11.722 0.0000000000
81216  -57.547  -2.549  13.023 0.0000000000
81217  -57.670  -3.182  12.898 0.0000000000
81218  -57.729  -3.326  12.464 0.0000000000
81219  -58.044  -4.042  11.884 0.0000000000
81220  -57.772  -3.442  12.026 0.0000000000
81221  -57.834  -3.515  11.547 0.0000000000
81222  -57.575  -2.796  12.124 0.0000000000
81223  -57.336  -0.535  12.698 0.0000000000
81224  -57.325  -1.354  12.270 0.0000000000
81225  -57.278  -0.638  12.223 0.0000000000
81226  -57.258  -0.716  11.734 0.0000000000
84263  -57.527  1.500  10.453 0.0000000000
84268  -57.517  2.412  8.729 0.0000000000
92195  -57.022  -1.636  9.601 0.0000000000
92196  -56.848  -1.243  9.261 0.0000000000
92197  -57.006  -0.783  9.589 0.0000000000
92198  -57.058  -0.004  9.527 0.0000000000
92199  -57.185  0.750  9.448 0.0000000000
92200  -57.437  -2.310  10.927 0.0000000000
92201  -57.508  -2.749  10.443 0.0000000000
92202  -57.314  -2.081  10.515 0.0000000000
92203  -57.184  -1.847  10.085 0.0000000000
93168  -50.280  -27.957  18.663 0.0000000000
93169  -50.508  -28.264  18.153 0.0000000000
93170  -49.883  -28.378  18.339 0.0000000000
93707  -52.262  -8.282  11.001 0.0000000000
93708  -51.791  -8.221  10.800 0.0000000000
93709  -52.154  -7.842  10.321 0.0000000000
93721  -62.641  -10.731  12.107 0.0000000000
93722  -62.555  -11.157  12.138 0.0000000000
93723  -62.314  -10.635  11.628 0.0000000000
93724  -61.905  -10.476  11.274 0.0000000000
93725  -61.452  -10.279  10.995 0.0000000000
93726  -55.142  -7.334  9.738 0.0000000000
93727  -55.338  -7.844  10.051 0.0000000000
93728  -54.710  -7.744  10.093 0.0000000000
93729  -54.339  -8.120  10.511 0.0000000000
93730  -53.997  -8.484  10.964 0.0000000000
93731  -53.636  -8.778  11.494 0.0000000000
93732  -53.417  -8.388  11.025 0.0000000000
93733  -52.839  -8.322  11.058 0.0000000000
95049  -54.532  -20.532  22.349 0.0000000000
95050  -54.654  -21.300  22.460 0.0000000000
95051  -54.247  -21.173  22.314 0.0000000000
95052  -53.985  -21.729  22.141 0.0000000000
95053  -53.786  -22.383  21.966 0.0000000000
95054  -53.623  -23.009  21.776 0.0000000000
95055  -53.348  -22.346  21.966 0.0000000000
95056  -52.945  -22.321  21.947 0.0000000000
95057  -52.504  -22.252  21.908 0.0000000000
95058  -57.016  -16.153  14.683 0.0000000000
95059  -56.982  -16.549  14.682 0.0000000000
95060  -56.431  -16.414  14.633 0.0000000000
95061  -55.804  -16.631  14.577 0.0000000000
95062  -55.171  -16.854  14.551 0.0000000000
98027  -55.286  -4.966  8.707 0.0000000000
98028  -54.805  -4.683  8.712 0.0000000000
98029  -55.163  -4.271  8.557 0.0000000000
98030  -55.085  -3.563  8.411 0.0000000000
98031  -55.021  -2.856  8.184 0.0000000000
98032  -56.357  -0.098  7.880 0.0000000000
98033  -56.043  -0.549  7.719 0.0000000000
98034  -56.230  0.091  7.583 0.0000000000
98035  -56.121  0.300  7.306 0.0000000000
98036  -56.064  0.512  6.914 0.0000000000
98037  -56.007  0.688  6.525 0.0000000000
98038  -56.393  1.158  6.583 0.0000000000
98039  -56.679  1.816  6.258 0.0000000000
98040  -56.879  2.432  5.956 0.0000000000
98041  -60.051  -6.683  10.423 0.0000000000
98042  -60.171  -6.958  10.123 0.0000000000
98043  -59.833  -6.496  10.002 0.0000000000
98044  -59.538  -6.290  9.711 0.0000000000
98045  -59.191  -6.114  9.425 0.0000000000
98046  -57.627  -4.258  8.945 0.0000000000
98047  -57.901  -4.781  8.934 0.0000000000
98048  -57.552  -4.631  8.734 0.0000000000
98049  -57.254  -4.985  8.667 0.0000000000
98050  -56.959  -5.350  8.660 0.0000000000
98051  -56.665  -5.754  8.726 0.0000000000
98052  -56.471  -5.215  8.596 0.0000000000
98053  -55.929  -5.104  8.623 0.0000000000
99369  -59.172  -16.980  20.470 0.0000000000
99370  -58.776  -17.122  21.044 0.0000000000
99371  -58.458  -17.245  20.663 0.0000000000
99372  -57.795  -17.518  20.851 0.0000000000
99373  -57.070  -17.932  21.202 0.0000000000
99374  -56.416  -18.336  21.530 0.0000000000
99375  -56.671  -17.936  20.911 0.0000000000
99376  -56.314  -18.006  20.607 0.0000000000
99377  -55.928  -18.015  20.319 0.0000000000
99378  -52.578  -14.837  15.520 0.0000000000
99379  -52.412  -15.426  15.226 0.0000000000
99380  -51.909  -15.284  15.392 0.0000000000
99381  -51.197  -15.737  15.238 0.0000000000
99382  -50.498  -16.155  15.102 0.0000000000
100944  -55.706  -27.484  17.904 0.0000000000
100945  -56.069  -27.908  17.811 0.0000000000
100946  -55.354  -27.959  17.654 0.0000000000
100947  -54.938  -28.389  17.586 0.0000000000
100948  -54.542  -28.849  17.595 0.0000000000
102577  -53.144  -3.663  8.421 0.0000000000
102604  -63.274  -13.942  16.502 0.0000000000
102605  -63.017  -14.486  16.472 0.0000000000
102606  -63.117  -14.193  16.001 0.0000000000
102607  -62.859  -14.358  15.633 0.0000000000
102608  -62.449  -14.473  15.249 0.0000000000
102609  -61.251  -12.735  13.245 0.0000000000
102610  -61.366  -13.310  13.825 0.0000000000
102611  -60.831  -13.155  13.711 0.0000000000
102612  -60.412  -13.630  14.119 0.0000000000
102613  -59.917  -14.128  14.524 0.0000000000
102614  -59.320  -14.649  14.808 0.0000000000
102615  -59.347  -13.876  14.541 0.0000000000
102616  -58.788  -13.726  14.698 0.0000000000
102617  -58.254  -13.507  14.733 0.0000000000
102618  -59.893  -8.233  9.752 0.0000000000
102619  -60.096  -8.753  10.016 0.0000000000
102620  -59.590  -8.604  9.914 0.0000000000
102621  -59.259  -9.002  10.156 0.0000000000
102622  -58.822  -9.398  10.566 0.0000000000
102623  -56.057  -9.682  11.886 0.0000000000
102624  -56.669  -9.810  11.815 0.0000000000
102625  -56.273  -10.134  12.402 0.0000000000
102626  -56.525  -10.600  12.934 0.0000000000
102627  -56.653  -11.113  13.436 0.0000000000
102628  -56.851  -11.685  13.930 0.0000000000
102629  -56.198  -11.476  13.993 0.0000000000
102630  -55.763  -11.906  14.496 0.0000000000
102631  -55.296  -12.380  14.922 0.0000000000
102632  -54.769  -12.892  15.217 0.0000000000
102633  -54.714  -12.204  14.916 0.0000000000
102634  -54.173  -11.974  14.941 0.0000000000
102635  -53.601  -11.830  15.038 0.0000000000
102636  -52.124  -9.893  13.738 0.0000000000
102637  -52.257  -10.363  14.230 0.0000000000
106592  -55.729  -23.547  21.624 0.0000000000
106593  -56.171  -23.528  21.681 0.0000000000
106594  -56.090  -23.977  21.282 0.0000000000
106595  -56.473  -24.326  21.012 0.0000000000
106596  -56.880  -24.665  20.689 0.0000000000
106597  -57.309  -24.989  20.452 0.0000000000
106598  -56.909  -25.082  20.310 0.0000000000
106599  -56.917  -25.458  19.988 0.0000000000
106600  -56.880  -25.826  19.635 0.0000000000
106601  -56.763  -26.146  19.249 0.0000000000
106602  -56.359  -25.886  19.567 0.0000000000
106603  -55.837  -25.960  19.554 0.0000000000
106604  -55.263  -26.019  19.610 0.0000000000
106605  -53.144  -25.130  21.025 0.0000000000
106606  -53.461  -25.544  20.664 0.0000000000
106607  -52.917  -25.593  20.815 0.0000000000
106608  -52.652  -26.028  20.562 0.0000000000
106609  -52.303  -26.445  20.245 0.0000000000
106610  -51.940  -26.799  19.933 0.0000000000
106611  -51.708  -26.471  20.469 0.0000000000
106612  -51.133  -26.464  20.642 0.0000000000
106613  -50.551  -26.405  20.779 0.0000000000
106614  -61.332  -16.390  16.295 0.0000000000
106615  -61.191  -16.528  16.748 0.0000000000
106616  -60.784  -16.669  16.307 0.0000000000
106617  -60.183  -16.878  16.395 0.0000000000
106618  -59.555  -17.054  16.485 0.0000000000
106619  -56.643  -17.434  15.949 0.0000000000
106620  -57.143  -17.441  16.270 0.0000000000
106621  -56.470  -17.533  16.513 0.0000000000
106622  -56.294  -17.602  17.127 0.0000000000
106623  -56.091  -17.652  17.742 0.0000000000
106624  -55.813  -17.760  18.290 0.0000000000
106625  -55.413  -17.796  18.034 0.0000000000
106626  -54.715  -17.956  18.425 0.0000000000
106627  -54.062  -18.151  18.856 0.0000000000
106628  -52.014  -17.136  14.618 0.0000000000
106629  -52.548  -17.216  14.627 0.0000000000
106630  -51.976  -17.478  14.843 0.0000000000
106631  -51.949  -17.741  15.210 0.0000000000
106632  -51.915  -17.923  15.713 0.0000000000
106633  -50.090  -18.670  18.582 0.0000000000
106634  -50.662  -18.454  18.040 0.0000000000
106635  -50.593  -18.626  18.762 0.0000000000
106636  -51.083  -18.620  18.952 0.0000000000
106637  -51.572  -18.617  19.165 0.0000000000
106638  -52.038  -18.627  19.295 0.0000000000
106639  -51.492  -18.962  19.753 0.0000000000
106640  -51.452  -19.377  20.317 0.0000000000
106641  -51.435  -19.901  20.848 0.0000000000
106642  -51.440  -20.547  21.333 0.0000000000
106643  -51.054  -20.467  21.170 0.0000000000
106644  -50.714  -21.111  21.445 0.0000000000
106645  -50.422  -21.769  21.690 0.0000000000
108610  -62.760  -9.918  14.454 0.0000000000
108611  -62.881  -10.138  13.897 0.0000000000
108612  -62.415  -9.641  13.869 0.0000000000
108613  -62.061  -9.239  13.472 0.0000000000
108614  -61.691  -8.837  13.126 0.0000000000
108625  -59.474  -7.006  13.334 0.0000000000
108626  -59.053  -6.453  13.316 0.0000000000
108627  -59.330  -6.418  12.884 0.0000000000
108628  -59.598  -6.492  12.473 0.0000000000
108629  -59.823  -6.605  12.077 0.0000000000
108630  -59.206  -6.031  12.449 0.0000000000
108631  -58.833  -5.544  12.465 0.0000000000
108632  -58.450  -4.984  12.506 0.0000000000
108636  -57.485  -1.642  13.514 0.0000000000
108637  -57.407  -1.827  13.114 0.0000000000
108638  -57.419  -1.931  12.652 0.0000000000
115283  -56.448  -3.318  8.534 0.0000000000
115284  -56.060  -3.027  8.387 0.0000000000
115285  -56.282  -2.622  8.492 0.0000000000
115286  -56.266  -1.837  8.386 0.0000000000
115287  -56.372  -0.999  8.278 0.0000000000
115288  -56.737  -0.870  8.877 0.0000000000
115289  -56.622  -0.543  8.535 0.0000000000
115290  -56.485  -0.296  8.194 0.0000000000
115291  -56.624  0.304  8.136 0.0000000000
115292  -56.796  0.942  8.033 0.0000000000
115293  -57.026  1.621  7.839 0.0000000000
115294  -58.506  -4.700  10.452 0.0000000000
115295  -58.696  -4.983  10.060 0.0000000000
115296  -58.372  -4.495  10.105 0.0000000000
115297  -58.195  -4.286  9.781 0.0000000000
115298  -57.990  -4.058  9.467 0.0000000000
115299  -57.591  -3.178  9.979 0.0000000000
115300  -57.674  -3.516  9.553 0.0000000000
115301  -57.667  -3.873  9.200 0.0000000000
115302  -57.349  -3.705  8.958 0.0000000000
115303  -56.927  -3.513  8.736 0.0000000000
116331  -59.571  -16.891  19.893 0.0000000000
116332  -59.231  -17.044  19.433 0.0000000000
116333  -58.837  -17.185  19.042 0.0000000000
116335  -50.393  -14.881  16.094 0.0000000000
117552  -52.947  -27.717  17.946 0.0000000000
117553  -53.178  -28.035  17.603 0.0000000000
117554  -52.542  -28.104  17.655 0.0000000000
117555  -52.106  -28.563  17.440 0.0000000000
117556  -51.703  -29.057  17.368 0.0000000000
117558  -50.990  -29.131  17.484 0.0000000000
117559  -51.291  -29.612  17.443 0.0000000000
118843  -63.312  -12.601  14.408 0.0000000000
118844  -63.105  -13.047  14.468 0.0000000000
118845  -63.002  -12.607  13.908 0.0000000000
118846  -62.610  -12.605  13.477 0.0000000000
118847  -62.172  -12.528  13.112 0.0000000000
118848  -62.376  -11.587  12.270 0.0000000000
118849  -62.053  -11.984  12.498 0.0000000000
118850  -61.648  -12.354  12.770 0.0000000000
118851  -61.145  -12.162  12.649 0.0000000000
118852  -60.606  -11.955  12.558 0.0000000000
118853  -60.037  -11.731  12.510 0.0000000000
118854  -57.569  -7.789  9.616 0.0000000000
118855  -57.744  -8.320  9.923 0.0000000000
118856  -57.131  -8.173  9.958 0.0000000000
118857  -56.687  -8.561  10.355 0.0000000000
118858  -56.288  -8.940  10.840 0.0000000000
118859  -55.523  -8.328  10.428 0.0000000000
118860  -55.703  -8.801  10.868 0.0000000000
118861  -55.867  -9.246  11.377 0.0000000000
118862  -55.474  -9.556  11.918 0.0000000000
118863  -55.146  -9.850  12.497 0.0000000000
118864  -54.789  -10.137  13.025 0.0000000000
118865  -54.369  -10.450  13.561 0.0000000000
118866  -54.205  -9.990  13.028 0.0000000000
118867  -53.695  -9.848  13.056 0.0000000000
118868  -53.133  -9.706  13.079 0.0000000000
118869  -53.275  -9.065  12.026 0.0000000000
118870  -52.935  -9.344  12.582 0.0000000000
118871  -52.539  -9.610  13.132 0.0000000000
118872  -51.949  -9.512  13.175 0.0000000000
121941  -56.062  -20.872  22.953 0.0000000000
121942  -56.256  -21.515  22.873 0.0000000000
121943  -55.869  -21.497  22.754 0.0000000000
121944  -55.710  -22.079  22.492 0.0000000000
121945  -55.556  -22.566  22.230 0.0000000000
121946  -54.814  -21.961  22.396 0.0000000000
121947  -55.112  -22.530  22.194 0.0000000000
121948  -55.414  -23.060  21.932 0.0000000000
121949  -55.303  -23.566  21.568 0.0000000000
121950  -55.203  -24.068  21.213 0.0000000000
121951  -55.157  -24.526  20.901 0.0000000000
121952  -55.117  -24.949  20.571 0.0000000000
121953  -54.701  -24.563  20.940 0.0000000000
121954  -54.211  -24.571  21.029 0.0000000000
121955  -53.749  -24.636  21.094 0.0000000000
121956  -53.490  -23.546  21.562 0.0000000000
121957  -53.380  -24.149  21.386 0.0000000000
121958  -53.281  -24.689  21.223 0.0000000000
121959  -52.788  -24.646  21.336 0.0000000000
121960  -52.198  -24.622  21.514 0.0000000000
121961  -51.664  -24.590  21.692 0.0000000000
121962  -59.390  -16.523  15.122 0.0000000000
121963  -59.337  -16.805  15.356 0.0000000000
121964  -58.748  -16.782  15.150 0.0000000000
121965  -58.080  -16.987  15.216 0.0000000000
121966  -57.456  -17.161  15.343 0.0000000000
121967  -56.930  -16.883  14.817 0.0000000000
121968  -56.888  -17.144  15.099 0.0000000000
121969  -56.803  -17.336  15.496 0.0000000000
121970  -56.106  -17.455  15.676 0.0000000000
121971  -55.409  -17.560  15.950 0.0000000000
121972  -54.695  -17.649  16.279 0.0000000000
121973  -49.564  -18.334  15.670 0.0000000000
121974  -50.168  -18.263  15.810 0.0000000000
121975  -49.549  -18.535  16.248 0.0000000000
121976  -49.539  -18.634  16.903 0.0000000000
121977  -49.529  -18.689  17.667 0.0000000000
121978  -48.388  -19.147  18.011 0.0000000000
121979  -48.974  -18.961  18.227 0.0000000000
121980  -49.530  -18.819  18.436 0.0000000000
121981  -49.531  -19.019  19.169 0.0000000000
121982  -49.510  -19.304  19.874 0.0000000000
121983  -49.574  -19.852  20.486 0.0000000000
121984  -49.699  -20.414  20.951 0.0000000000
121985  -49.172  -20.391  20.945 0.0000000000
121986  -48.833  -20.960  21.323 0.0000000000
121987  -48.477  -21.581  21.659 0.0000000000
121989  -47.934  -21.585  21.556 0.0000000000
128867  -53.741  -6.756  9.441 0.0000000000
128868  -53.290  -6.570  9.305 0.0000000000
128869  -53.690  -6.102  9.170 0.0000000000
128870  -53.590  -5.422  8.987 0.0000000000
128871  -53.496  -4.711  8.789 0.0000000000
128872  -54.350  -4.445  8.707 0.0000000000
128873  -53.882  -4.169  8.644 0.0000000000
128874  -53.465  -3.937  8.560 0.0000000000
128875  -53.580  -3.171  8.283 0.0000000000
128876  -53.737  -2.482  7.933 0.0000000000
128877  -53.955  -1.781  7.553 0.0000000000
128878  -55.695  -2.716  8.250 0.0000000000
128879  -55.387  -2.429  8.059 0.0000000000
128880  -55.094  -2.146  7.888 0.0000000000
128881  -55.652  -1.017  7.666 0.0000000000
128882  -55.262  -1.441  7.683 0.0000000000
128883  -54.876  -1.866  7.740 0.0000000000
128884  -54.612  -1.612  7.580 0.0000000000
128885  -54.407  -1.353  7.354 0.0000000000
128886  -54.243  -1.149  7.134 0.0000000000
128887  -54.602  -0.529  6.654 0.0000000000
128888  -54.977  0.109  6.191 0.0000000000
128889  -55.318  0.751  5.779 0.0000000000
128890  -55.930  0.924  6.111 0.0000000000
128891  -55.816  1.185  5.705 0.0000000000
128892  -55.624  1.405  5.342 0.0000000000
128896  -61.393  -8.571  10.841 0.0000000000
128897  -61.407  -8.893  10.696 0.0000000000
128898  -61.143  -8.426  10.518 0.0000000000
128899  -60.846  -8.215  10.193 0.0000000000
128900  -60.475  -8.060  9.925 0.0000000000
128901  -60.220  -7.257  9.881 0.0000000000
128902  -60.181  -7.560  9.747 0.0000000000
128903  -60.076  -7.897  9.689 0.0000000000
128904  -59.604  -7.738  9.535 0.0000000000
128905  -59.074  -7.660  9.411 0.0000000000
128906  -58.511  -7.492  9.353 0.0000000000
128907  -58.820  -5.280  9.697 0.0000000000
128908  -58.844  -5.624  9.402 0.0000000000
128909  -58.803  -5.954  9.176 0.0000000000
128910  -58.111  -5.315  8.916 0.0000000000
128911  -58.369  -5.821  8.965 0.0000000000
128912  -58.664  -6.316  9.066 0.0000000000
128913  -58.492  -6.663  9.041 0.0000000000
128914  -58.257  -6.973  9.092 0.0000000000
128915  -57.936  -7.359  9.324 0.0000000000
128916  -57.368  -7.239  9.304 0.0000000000
128917  -56.800  -7.116  9.261 0.0000000000
128918  -56.180  -7.006  9.378 0.0000000000
128919  -56.322  -6.143  8.900 0.0000000000
128920  -55.951  -6.508  9.159 0.0000000000
128921  -55.564  -6.908  9.443 0.0000000000
128922  -54.954  -6.838  9.477 0.0000000000
128923  -54.309  -6.802  9.494 0.0000000000
131698  -57.143  -20.179  23.322 0.0000000000
131699  -56.757  -20.175  23.162 0.0000000000
131703  -58.416  -17.411  21.615 0.0000000000
131707  -56.831  -19.450  22.901 0.0000000000
131708  -56.416  -20.139  22.952 0.0000000000
131709  -56.035  -20.158  22.788 0.0000000000
131710  -55.628  -20.099  22.647 0.0000000000
131711  -55.257  -20.014  22.449 0.0000000000
131712  -55.849  -18.773  21.799 0.0000000000
131713  -55.319  -19.327  22.067 0.0000000000
131714  -54.850  -19.920  22.336 0.0000000000
131715  -54.474  -19.802  22.070 0.0000000000
131716  -54.066  -19.748  21.842 0.0000000000
131717  -53.651  -19.718  21.627 0.0000000000
131718  -54.685  -15.467  15.003 0.0000000000
131719  -54.631  -15.938  14.682 0.0000000000
131720  -54.057  -15.791  14.793 0.0000000000
131721  -53.398  -16.134  14.605 0.0000000000
131722  -52.732  -16.446  14.549 0.0000000000
131723  -52.254  -15.927  14.907 0.0000000000
131724  -52.140  -16.349  14.646 0.0000000000
131725  -52.075  -16.718  14.519 0.0000000000
131726  -51.435  -17.080  14.618 0.0000000000
131727  -50.804  -17.421  14.753 0.0000000000
131728  -50.202  -17.728  14.946 0.0000000000
131729  -50.187  -15.519  15.770 0.0000000000
131730  -49.994  -16.061  15.367 0.0000000000
131731  -49.857  -16.529  15.020 0.0000000000
131733  -49.142  -16.932  14.979 0.0000000000
131734  -49.720  -16.980  14.798 0.0000000000
131735  -49.602  -17.408  14.715 0.0000000000
131736  -49.553  -17.748  14.860 0.0000000000
131737  -49.568  -18.062  15.202 0.0000000000
131738  -48.923  -18.415  15.513 0.0000000000
135035  -53.490  -28.458  17.454 0.0000000000
135036  -53.811  -28.898  17.505 0.0000000000
135037  -54.062  -29.290  17.766 0.0000000000
138448  -52.793  -6.383  9.189 0.0000000000
138449  -52.327  -6.268  9.028 0.0000000000
138503  -62.440  -15.351  18.352 0.0000000000
138504  -62.567  -15.147  17.852 0.0000000000
138505  -62.390  -15.470  17.341 0.0000000000
138506  -62.171  -15.829  16.844 0.0000000000
138507  -62.649  -15.063  16.457 0.0000000000
138508  -62.251  -15.637  16.413 0.0000000000
138509  -61.831  -16.062  16.339 0.0000000000
138510  -61.442  -16.259  15.915 0.0000000000
138511  -60.986  -16.265  15.599 0.0000000000
138512  -60.525  -16.287  15.326 0.0000000000
138513  -62.806  -13.493  14.583 0.0000000000
138514  -62.422  -14.023  14.817 0.0000000000
138515  -62.000  -14.572  14.996 0.0000000000
138516  -61.474  -13.874  14.339 0.0000000000
138517  -61.525  -14.563  14.771 0.0000000000
138518  -61.522  -15.123  15.075 0.0000000000
138519  -61.005  -15.587  15.099 0.0000000000
138520  -60.509  -15.934  15.109 0.0000000000
138521  -59.970  -16.228  15.117 0.0000000000
138522  -59.376  -16.193  14.950 0.0000000000
138523  -58.766  -16.148  14.821 0.0000000000
138524  -58.157  -16.026  14.771 0.0000000000
138525  -58.725  -15.124  14.842 0.0000000000
138526  -58.122  -15.560  14.812 0.0000000000
138527  -57.557  -15.898  14.739 0.0000000000
138528  -56.995  -15.704  14.792 0.0000000000
138529  -56.440  -15.493  14.899 0.0000000000
138530  -55.869  -15.308  15.015 0.0000000000
138531  -61.343  -9.273  10.633 0.0000000000
138532  -61.214  -9.692  10.661 0.0000000000
138533  -60.988  -10.077  10.770 0.0000000000
138534  -60.316  -9.322  10.311 0.0000000000
138535  -60.505  -9.882  10.658 0.0000000000
138536  -60.705  -10.455  11.040 0.0000000000
138537  -60.352  -10.811  11.398 0.0000000000
138538  -59.923  -11.175  11.920 0.0000000000
138539  -59.469  -11.493  12.497 0.0000000000
138540  -57.945  -8.802  10.292 0.0000000000
138541  -58.162  -9.279  10.671 0.0000000000
138542  -58.383  -9.735  11.042 0.0000000000
138543  -57.299  -9.926  11.704 0.0000000000
138544  -57.917  -10.079  11.598 0.0000000000
138545  -58.593  -10.227  11.505 0.0000000000
138546  -58.750  -10.752  12.026 0.0000000000
138547  -58.904  -11.290  12.566 0.0000000000
138548  -59.058  -11.837  13.129 0.0000000000
138549  -58.640  -12.243  13.749 0.0000000000
138550  -58.219  -12.695  14.352 0.0000000000
138551  -57.684  -13.287  14.820 0.0000000000
138552  -57.032  -12.326  14.422 0.0000000000
138553  -57.103  -13.091  14.936 0.0000000000
138554  -57.110  -13.848  15.161 0.0000000000
138555  -56.525  -14.325  15.281 0.0000000000
138556  -55.916  -14.741  15.227 0.0000000000
138557  -55.265  -15.148  15.152 0.0000000000
138558  -54.771  -14.946  15.261 0.0000000000
138559  -54.231  -14.781  15.365 0.0000000000
138560  -53.690  -14.584  15.478 0.0000000000
138561  -54.307  -13.405  15.454 0.0000000000
138562  -53.785  -13.901  15.577 0.0000000000
138563  -53.171  -14.370  15.568 0.0000000000
138564  -52.630  -14.201  15.700 0.0000000000
138565  -52.103  -14.038  15.869 0.0000000000
138566  -51.611  -13.814  16.021 0.0000000000
138567  -53.956  -10.802  14.083 0.0000000000
138568  -53.504  -11.211  14.575 0.0000000000
138569  -53.050  -11.625  15.043 0.0000000000
138570  -52.393  -10.875  14.704 0.0000000000
138571  -52.509  -11.447  15.128 0.0000000000
138572  -52.612  -12.056  15.459 0.0000000000
138573  -52.149  -12.613  15.795 0.0000000000
138574  -51.658  -13.108  16.057 0.0000000000
138575  -51.123  -13.633  16.235 0.0000000000
138576  -50.659  -13.523  16.433 0.0000000000
146598  -56.480  -22.046  22.703 0.0000000000
146599  -56.717  -22.490  22.514 0.0000000000
146600  -56.961  -22.864  22.354 0.0000000000
146601  -56.547  -23.474  21.790 0.0000000000
146602  -56.872  -23.342  21.962 0.0000000000
146618  -56.769  -27.090  18.247 0.0000000000
146619  -56.575  -26.469  18.872 0.0000000000
146620  -56.344  -26.777  18.477 0.0000000000
146621  -56.054  -27.092  18.151 0.0000000000
146622  -55.355  -27.181  18.093 0.0000000000
146623  -54.659  -27.280  18.057 0.0000000000
146624  -53.951  -27.344  18.045 0.0000000000
146625  -55.021  -25.364  20.357 0.0000000000
146626  -54.874  -25.731  20.061 0.0000000000
146627  -54.651  -26.076  19.697 0.0000000000
146628  -53.761  -25.885  20.272 0.0000000000
146629  -54.083  -26.162  19.789 0.0000000000
146630  -54.398  -26.419  19.304 0.0000000000
146631  -54.097  -26.768  18.917 0.0000000000
146632  -53.745  -27.142  18.539 0.0000000000
146633  -53.337  -27.429  18.224 0.0000000000
146634  -52.681  -27.482  18.339 0.0000000000
146635  -52.014  -27.508  18.464 0.0000000000
146636  -51.362  -27.579  18.711 0.0000000000
146637  -51.543  -27.068  19.611 0.0000000000
146638  -51.150  -27.340  19.224 0.0000000000
146639  -50.721  -27.639  18.915 0.0000000000
146640  -50.093  -27.683  19.121 0.0000000000
146643  -62.088  -15.835  18.331 0.0000000000
146644  -61.664  -16.226  18.263 0.0000000000
146645  -61.130  -16.517  18.231 0.0000000000
146646  -61.022  -16.633  17.225 0.0000000000
146647  -60.789  -16.703  17.713 0.0000000000
146648  -60.537  -16.767  18.239 0.0000000000
146649  -59.866  -16.953  18.333 0.0000000000
146650  -59.187  -17.116  18.488 0.0000000000
146651  -58.467  -17.315  18.633 0.0000000000
146652  -59.191  -17.007  15.714 0.0000000000
146653  -59.049  -17.113  16.124 0.0000000000
146654  -58.838  -17.194  16.656 0.0000000000
146655  -57.638  -17.368  16.590 0.0000000000
146656  -58.138  -17.317  16.909 0.0000000000
146657  -58.587  -17.270  17.234 0.0000000000
146658  -58.383  -17.331  17.757 0.0000000000
146659  -58.082  -17.393  18.311 0.0000000000
146660  -57.704  -17.460  18.943 0.0000000000
146661  -56.954  -17.621  19.269 0.0000000000
146662  -56.237  -17.821  19.609 0.0000000000
146663  -55.548  -18.027  19.999 0.0000000000
146664  -55.511  -17.896  18.972 0.0000000000
146665  -55.210  -18.069  19.671 0.0000000000
146666  -54.906  -18.324  20.379 0.0000000000
146667  -54.295  -18.685  20.709 0.0000000000
146668  -53.748  -19.109  21.051 0.0000000000
146669  -53.305  -19.670  21.387 0.0000000000
146670  -54.592  -16.334  14.498 0.0000000000
146671  -54.574  -16.726  14.504 0.0000000000
146672  -54.545  -17.057  14.638 0.0000000000
146673  -53.193  -17.243  14.676 0.0000000000
146674  -53.830  -17.283  14.760 0.0000000000
146675  -54.465  -17.322  14.907 0.0000000000
146676  -54.374  -17.523  15.342 0.0000000000
146677  -54.194  -17.620  15.983 0.0000000000
146678  -54.054  -17.735  16.654 0.0000000000
146679  -50.731  -18.153  15.941 0.0000000000
146680  -51.299  -18.069  16.138 0.0000000000
146681  -51.883  -18.013  16.315 0.0000000000
146682  -51.256  -18.247  17.540 0.0000000000
146683  -51.838  -18.080  16.970 0.0000000000
146684  -52.451  -17.938  16.524 0.0000000000
146685  -52.966  -17.866  16.798 0.0000000000
146686  -53.417  -17.860  17.072 0.0000000000
146687  -53.913  -17.839  17.363 0.0000000000
146688  -53.752  -17.954  18.083 0.0000000000
146689  -53.619  -18.141  18.716 0.0000000000
146690  -53.431  -18.389  19.247 0.0000000000
146691  -52.486  -18.634  19.443 0.0000000000
146692  -52.887  -18.649  19.605 0.0000000000
146693  -53.244  -18.700  19.811 0.0000000000
146694  -53.092  -19.087  20.441 0.0000000000
146695  -52.986  -19.563  21.081 0.0000000000
146696  -52.916  -20.195  21.642 0.0000000000
146697  -52.601  -20.801  21.782 0.0000000000
146698  -52.325  -21.498  21.854 0.0000000000
146699  -52.037  -22.183  21.905 0.0000000000
146700  -51.517  -21.326  21.676 0.0000000000
146701  -51.617  -22.080  21.829 0.0000000000
146702  -51.790  -22.809  21.859 0.0000000000
146703  -51.603  -23.426  21.875 0.0000000000
146704  -51.404  -24.021  21.886 0.0000000000
146705  -51.185  -24.569  21.818 0.0000000000
146706  -49.839  -21.028  21.342 0.0000000000
146707  -49.991  -21.691  21.701 0.0000000000
146708  -50.169  -22.392  21.879 0.0000000000
146709  -49.414  -22.922  22.054 0.0000000000
146710  -49.899  -23.013  22.020 0.0000000000
146711  -50.350  -23.097  22.000 0.0000000000
146712  -50.525  -23.805  22.032 0.0000000000
146713  -50.719  -24.494  21.941 0.0000000000
146714  -50.969  -25.084  21.728 0.0000000000
146715  -50.676  -25.555  21.506 0.0000000000
146716  -50.345  -25.967  21.216 0.0000000000
146717  -49.994  -26.339  20.935 0.0000000000
149252  -57.222  -0.036  11.141 0.0000000000
149253  -57.270  0.626  10.767 0.0000000000
149254  -57.358  0.678  11.232 0.0000000000
150639  -63.515  -13.311  16.361 0.0000000000
150640  -63.531  -13.037  15.826 0.0000000000
150641  -63.520  -12.697  15.301 0.0000000000
150649  -63.572  -12.019  15.159 0.0000000000
150650  -63.475  -12.313  14.764 0.0000000000
150651  -63.391  -11.889  14.201 0.0000000000
150652  -63.244  -11.465  13.570 0.0000000000
150653  -63.040  -11.050  12.998 0.0000000000
150654  -62.936  -10.324  13.401 0.0000000000
150655  -62.923  -10.483  12.930 0.0000000000
150656  -62.831  -10.623  12.476 0.0000000000
150657  -62.577  -10.159  12.038 0.0000000000
150658  -62.242  -9.631  11.712 0.0000000000
150659  -61.844  -9.065  11.413 0.0000000000
150678  -60.782  -8.485  13.735 0.0000000000
150679  -61.060  -8.383  13.320 0.0000000000
150680  -61.294  -8.411  12.880 0.0000000000
150681  -60.209  -7.477  13.018 0.0000000000
150682  -60.885  -7.942  12.721 0.0000000000
150683  -61.435  -8.425  12.445 0.0000000000
150684  -61.511  -8.440  12.013 0.0000000000
150685  -61.547  -8.529  11.577 0.0000000000
150686  -61.495  -8.553  11.178 0.0000000000
150687  -61.163  -8.073  11.028 0.0000000000
150688  -60.834  -7.621  10.930 0.0000000000
150689  -60.477  -7.176  10.872 0.0000000000
150690  -59.947  -6.657  11.673 0.0000000000
150691  -60.034  -6.697  11.257 0.0000000000
150692  -60.069  -6.704  10.842 0.0000000000
150693  -59.644  -6.256  10.758 0.0000000000
150694  -59.237  -5.765  10.734 0.0000000000
150695  -58.843  -5.233  10.786 0.0000000000
150697  -58.022  -4.264  13.048 0.0000000000
150698  -58.140  -4.409  12.643 0.0000000000
150699  -57.607  -3.027  13.316 0.0000000000
150700  -57.870  -3.804  12.766 0.0000000000
150701  -58.242  -4.507  12.214 0.0000000000
150702  -58.364  -4.619  11.762 0.0000000000
150703  -58.449  -4.696  11.297 0.0000000000
150704  -58.504  -4.746  10.830 0.0000000000
150705  -58.165  -4.156  10.965 0.0000000000
150706  -57.880  -3.542  11.082 0.0000000000
150707  -57.655  -2.916  11.206 0.0000000000
150708  -57.437  -2.067  12.214 0.0000000000
150709  -57.457  -2.195  11.789 0.0000000000
150710  -57.474  -2.235  11.350 0.0000000000
150711  -57.334  -1.549  11.322 0.0000000000
150712  -57.241  -0.790  11.258 0.0000000000
154362  -57.324  0.859  10.342 0.0000000000
154363  -57.333  1.139  9.928 0.0000000000
154364  -57.352  1.392  9.519 0.0000000000
154366  -57.557  2.016  9.615 0.0000000000
154367  -57.329  1.634  9.093 0.0000000000
154368  -57.311  1.847  8.657 0.0000000000
154369  -57.298  2.020  8.240 0.0000000000
154370  -57.315  2.212  7.775 0.0000000000
154377  -57.654  3.203  8.364 0.0000000000
154378  -57.468  2.812  7.788 0.0000000000
