#!ascii label  , from subject fsaverage vox2ras=TkReg
965
161  -25.014  -34.414  -12.564 0.0000000000
328  -27.956  -18.480  -26.084 0.0000000000
329  -36.326  -26.797  -17.727 0.0000000000
640  -25.605  -28.304  -17.079 0.0000000000
808  -38.537  -23.450  -17.922 0.0000000000
1435  -32.390  -32.233  -15.105 0.0000000000
1436  -26.058  -31.845  -14.884 0.0000000000
1741  -36.967  -16.822  -21.412 0.0000000000
1742  -31.317  -16.416  -25.770 0.0000000000
1743  -34.713  -19.925  -21.849 0.0000000000
1744  -32.201  -22.654  -22.012 0.0000000000
1745  -29.174  -24.786  -21.282 0.0000000000
1797  -18.346  -33.846  -12.784 0.0000000000
1798  -19.741  -31.928  -14.947 0.0000000000
2555  -31.092  -28.387  -18.102 0.0000000000
3258  -37.317  -13.616  -22.188 0.0000000000
3350  -24.374  -35.549  -11.170 0.0000000000
3354  -28.957  -35.491  -12.933 0.0000000000
3355  -29.223  -33.880  -14.130 0.0000000000
3356  -25.686  -33.205  -13.824 0.0000000000
3862  -38.232  -18.242  -19.448 0.0000000000
3863  -35.772  -18.386  -21.699 0.0000000000
3864  -37.469  -20.039  -19.811 0.0000000000
3865  -37.570  -25.250  -17.923 0.0000000000
3866  -35.489  -23.185  -19.861 0.0000000000
3867  -34.237  -24.639  -19.657 0.0000000000
3868  -30.782  -23.819  -21.695 0.0000000000
3869  -32.730  -25.909  -19.579 0.0000000000
5475  -29.725  -17.606  -26.107 0.0000000000
5742  -28.964  -30.556  -16.581 0.0000000000
5743  -31.905  -30.346  -16.588 0.0000000000
5744  -28.414  -28.679  -17.884 0.0000000000
5745  -27.507  -26.709  -19.231 0.0000000000
5746  -25.024  -26.567  -18.192 0.0000000000
6062  -38.988  -21.553  -17.698 0.0000000000
6064  -39.944  -25.244  -15.989 0.0000000000
6065  -39.201  -27.339  -16.075 0.0000000000
7191  -29.297  -32.314  -15.234 0.0000000000
7192  -25.962  -30.143  -16.008 0.0000000000
7902  -37.854  -14.993  -20.225 0.0000000000
7903  -35.745  -15.340  -23.281 0.0000000000
7905  -34.316  -16.754  -23.600 0.0000000000
7906  -32.917  -18.226  -23.900 0.0000000000
7907  -31.660  -19.533  -24.120 0.0000000000
7908  -36.488  -21.610  -19.951 0.0000000000
7909  -33.487  -21.350  -21.989 0.0000000000
7910  -30.188  -20.694  -24.139 0.0000000000
7911  -28.665  -21.719  -23.810 0.0000000000
7912  -27.019  -22.414  -22.934 0.0000000000
8030  -20.069  -34.078  -10.847 0.0000000000
8031  -21.178  -32.866  -12.067 0.0000000000
8032  -21.974  -31.949  -13.067 0.0000000000
8033  -18.998  -32.868  -13.858 0.0000000000
10220  -34.741  -29.885  -16.517 0.0000000000
10221  -33.813  -27.813  -17.923 0.0000000000
10222  -30.154  -26.567  -19.722 0.0000000000
10223  -26.453  -24.823  -20.614 0.0000000000
10225  -22.324  -30.731  -14.226 0.0000000000
10226  -22.602  -29.547  -15.315 0.0000000000
10227  -22.455  -28.217  -16.606 0.0000000000
11030  -24.752  -35.002  -11.895 0.0000000000
11032  -26.788  -35.825  -12.201 0.0000000000
11033  -28.775  -36.236  -12.191 0.0000000000
11034  -26.944  -35.057  -12.976 0.0000000000
11035  -27.274  -34.433  -13.496 0.0000000000
11036  -25.382  -33.850  -13.246 0.0000000000
11541  -38.274  -18.062  -17.833 0.0000000000
11542  -38.490  -18.997  -18.385 0.0000000000
11543  -37.915  -19.161  -19.776 0.0000000000
11545  -36.920  -26.063  -17.880 0.0000000000
11546  -35.935  -25.007  -18.709 0.0000000000
11547  -35.210  -25.712  -18.652 0.0000000000
11548  -33.464  -25.300  -19.672 0.0000000000
11549  -34.427  -26.365  -18.622 0.0000000000
13155  -28.799  -18.058  -26.178 0.0000000000
13422  -27.331  -29.579  -16.962 0.0000000000
13423  -28.649  -29.632  -17.253 0.0000000000
13424  -27.138  -28.680  -17.542 0.0000000000
13425  -26.576  -27.537  -18.184 0.0000000000
13426  -25.272  -27.440  -17.634 0.0000000000
13948  -39.684  -26.300  -16.047 0.0000000000
15822  -27.556  -32.891  -14.627 0.0000000000
15823  -29.261  -33.079  -14.669 0.0000000000
15824  -27.601  -32.076  -15.214 0.0000000000
15825  -27.568  -31.320  -15.772 0.0000000000
15826  -25.985  -31.006  -15.445 0.0000000000
17344  -37.912  -15.713  -19.151 0.0000000000
17345  -37.623  -15.911  -20.885 0.0000000000
17346  -37.299  -15.196  -21.857 0.0000000000
17347  -36.397  -16.080  -22.369 0.0000000000
17348  -34.995  -16.064  -23.417 0.0000000000
17349  -35.642  -16.868  -22.540 0.0000000000
17350  -35.294  -19.152  -21.785 0.0000000000
17351  -34.387  -18.341  -22.751 0.0000000000
17352  -33.810  -19.039  -22.822 0.0000000000
17353  -32.269  -18.893  -24.053 0.0000000000
17354  -33.206  -19.791  -22.942 0.0000000000
17355  -38.808  -22.495  -17.930 0.0000000000
17356  -37.912  -21.639  -18.915 0.0000000000
17357  -37.576  -22.462  -18.939 0.0000000000
17358  -33.943  -22.923  -20.856 0.0000000000
17359  -34.415  -22.236  -20.900 0.0000000000
17360  -32.963  -22.020  -21.964 0.0000000000
17361  -31.950  -21.097  -23.103 0.0000000000
17362  -31.216  -21.709  -23.149 0.0000000000
17363  -29.485  -21.250  -24.037 0.0000000000
17364  -30.503  -22.272  -23.010 0.0000000000
17365  -29.942  -24.336  -21.575 0.0000000000
17366  -28.947  -23.245  -22.518 0.0000000000
17367  -28.061  -23.582  -22.145 0.0000000000
17368  -26.170  -22.617  -22.461 0.0000000000
17369  -27.221  -23.863  -21.701 0.0000000000
17617  -18.867  -33.648  -11.773 0.0000000000
17618  -20.620  -33.463  -11.488 0.0000000000
17619  -19.266  -33.002  -12.383 0.0000000000
17620  -19.714  -32.478  -12.868 0.0000000000
17621  -18.650  -33.352  -13.295 0.0000000000
22185  -32.126  -15.814  -25.559 0.0000000000
22985  -31.576  -29.397  -17.294 0.0000000000
22986  -33.207  -30.050  -16.622 0.0000000000
22987  -32.902  -29.095  -17.301 0.0000000000
22988  -34.252  -28.821  -17.221 0.0000000000
22989  -32.403  -28.127  -18.041 0.0000000000
22990  -31.991  -27.248  -18.789 0.0000000000
22991  -30.592  -27.461  -18.925 0.0000000000
22992  -25.708  -25.574  -19.396 0.0000000000
22993  -27.005  -25.759  -19.927 0.0000000000
22994  -25.134  -24.688  -20.114 0.0000000000
22995  -24.733  -23.872  -20.809 0.0000000000
22997  -20.490  -31.454  -13.891 0.0000000000
22998  -22.125  -31.344  -13.703 0.0000000000
22999  -20.765  -30.951  -14.488 0.0000000000
23002  -21.127  -29.349  -16.254 0.0000000000
23003  -22.502  -28.850  -15.928 0.0000000000
24298  -37.411  -12.768  -21.499 0.0000000000
24460  -23.949  -36.204  -10.491 0.0000000000
24469  -30.907  -34.760  -13.390 0.0000000000
24470  -29.141  -34.729  -13.522 0.0000000000
24471  -27.447  -33.648  -14.091 0.0000000000
24472  -25.836  -32.530  -14.336 0.0000000000
25383  -38.270  -17.282  -18.876 0.0000000000
25384  -37.621  -17.533  -20.425 0.0000000000
25385  -36.419  -17.622  -21.583 0.0000000000
25386  -37.195  -18.370  -20.618 0.0000000000
25387  -36.701  -19.244  -20.760 0.0000000000
25388  -36.205  -20.009  -20.858 0.0000000000
25389  -38.144  -24.410  -17.932 0.0000000000
25390  -37.129  -23.393  -18.860 0.0000000000
25391  -36.551  -24.258  -18.788 0.0000000000
25392  -34.808  -23.895  -19.800 0.0000000000
25393  -33.209  -23.589  -20.764 0.0000000000
25394  -31.530  -23.277  -21.878 0.0000000000
25395  -32.497  -24.260  -20.736 0.0000000000
25396  -31.730  -24.891  -20.682 0.0000000000
25397  -30.884  -25.386  -20.575 0.0000000000
25549  -18.458  -34.717  -13.458 0.0000000000
28287  -30.551  -17.061  -25.888 0.0000000000
28766  -30.744  -31.421  -15.884 0.0000000000
28767  -32.304  -31.406  -15.775 0.0000000000
28768  -30.528  -30.574  -16.590 0.0000000000
28769  -30.127  -29.558  -17.401 0.0000000000
28770  -29.733  -28.571  -18.087 0.0000000000
28771  -29.260  -27.617  -18.825 0.0000000000
28772  -27.998  -27.694  -18.551 0.0000000000
28773  -26.282  -26.660  -18.777 0.0000000000
28774  -24.520  -25.645  -18.938 0.0000000000
29504  -38.939  -20.645  -17.519 0.0000000000
29505  -39.171  -21.384  -16.480 0.0000000000
29507  -39.485  -23.345  -16.919 0.0000000000
29510  -39.332  -24.387  -16.987 0.0000000000
29511  -38.995  -25.330  -17.042 0.0000000000
29512  -38.485  -26.275  -17.081 0.0000000000
29513  -37.862  -27.145  -16.959 0.0000000000
31761  -27.026  -18.933  -25.865 0.0000000000
32134  -32.431  -33.096  -14.519 0.0000000000
32135  -30.896  -33.959  -13.990 0.0000000000
32136  -30.970  -33.172  -14.556 0.0000000000
32137  -30.728  -32.207  -15.273 0.0000000000
32138  -29.092  -31.383  -15.884 0.0000000000
32139  -27.511  -30.471  -16.345 0.0000000000
32140  -25.876  -29.302  -16.514 0.0000000000
34067  -37.655  -14.302  -21.174 0.0000000000
34068  -36.645  -14.496  -22.823 0.0000000000
34069  -35.138  -14.578  -24.140 0.0000000000
34071  -34.332  -15.310  -24.284 0.0000000000
34072  -33.632  -15.959  -24.471 0.0000000000
34073  -32.900  -16.658  -24.637 0.0000000000
34074  -34.953  -17.534  -22.656 0.0000000000
34075  -33.572  -17.493  -23.742 0.0000000000
34076  -32.169  -17.369  -24.798 0.0000000000
34077  -31.437  -18.034  -25.017 0.0000000000
34078  -30.681  -18.621  -25.197 0.0000000000
34079  -29.903  -19.128  -25.214 0.0000000000
34080  -38.196  -20.826  -18.792 0.0000000000
34081  -37.013  -20.814  -19.912 0.0000000000
34082  -35.593  -20.783  -20.911 0.0000000000
34083  -35.986  -22.401  -19.914 0.0000000000
34084  -34.976  -21.534  -20.929 0.0000000000
34085  -34.102  -20.671  -21.898 0.0000000000
34086  -32.556  -20.434  -23.026 0.0000000000
34087  -30.955  -20.108  -24.126 0.0000000000
34088  -29.079  -19.619  -25.171 0.0000000000
34089  -28.194  -20.102  -25.060 0.0000000000
34090  -27.491  -20.557  -24.727 0.0000000000
34091  -26.744  -20.935  -24.303 0.0000000000
34092  -29.764  -22.794  -22.722 0.0000000000
34093  -27.907  -22.127  -23.391 0.0000000000
34095  -25.135  -21.490  -23.210 0.0000000000
34411  -22.220  -34.673  -10.865 0.0000000000
34412  -22.792  -34.115  -11.546 0.0000000000
34413  -23.143  -33.557  -12.200 0.0000000000
34414  -23.463  -33.049  -12.785 0.0000000000
34415  -21.591  -32.411  -12.579 0.0000000000
34416  -20.151  -31.964  -13.330 0.0000000000
34417  -19.339  -32.372  -14.430 0.0000000000
40890  -36.802  -27.850  -17.051 0.0000000000
40894  -33.722  -31.145  -15.770 0.0000000000
40895  -35.140  -30.947  -15.748 0.0000000000
40898  -35.555  -28.388  -17.126 0.0000000000
40899  -35.076  -27.363  -17.846 0.0000000000
40900  -33.265  -26.839  -18.741 0.0000000000
40901  -31.441  -26.292  -19.740 0.0000000000
40902  -29.680  -25.709  -20.554 0.0000000000
40903  -28.792  -26.679  -19.589 0.0000000000
40904  -28.278  -25.791  -20.328 0.0000000000
40905  -27.765  -24.833  -21.032 0.0000000000
40906  -25.948  -23.860  -21.254 0.0000000000
40909  -23.801  -32.521  -13.370 0.0000000000
40910  -24.124  -31.976  -13.889 0.0000000000
40911  -24.260  -31.232  -14.438 0.0000000000
40912  -20.892  -30.408  -15.096 0.0000000000
40913  -22.525  -30.110  -14.838 0.0000000000
40914  -24.412  -30.525  -14.965 0.0000000000
40915  -24.351  -29.751  -15.496 0.0000000000
40916  -24.172  -28.865  -16.073 0.0000000000
40917  -24.093  -28.174  -16.658 0.0000000000
40925  -22.334  -27.572  -17.251 0.0000000000
40926  -23.830  -27.382  -17.317 0.0000000000
40927  -23.642  -26.634  -17.928 0.0000000000
41750  -24.916  -34.745  -12.246 0.0000000000
41751  -25.809  -35.513  -12.069 0.0000000000
41752  -25.944  -35.184  -12.417 0.0000000000
41753  -26.863  -35.462  -12.580 0.0000000000
41754  -25.981  -34.797  -12.808 0.0000000000
41755  -26.145  -34.490  -13.135 0.0000000000
41756  -25.277  -34.161  -12.931 0.0000000000
42262  -38.625  -19.408  -17.844 0.0000000000
42263  -38.517  -19.477  -18.554 0.0000000000
42265  -36.593  -26.409  -17.766 0.0000000000
42266  -36.069  -25.897  -18.259 0.0000000000
42267  -35.753  -26.233  -18.170 0.0000000000
42268  -34.850  -26.032  -18.655 0.0000000000
42269  -35.357  -26.589  -18.149 0.0000000000
43875  -28.417  -18.296  -26.159 0.0000000000
43876  -27.746  -17.669  -26.609 0.0000000000
43877  -27.209  -17.848  -26.563 0.0000000000
44142  -26.522  -28.989  -17.034 0.0000000000
44143  -27.220  -29.121  -17.248 0.0000000000
44144  -26.374  -28.528  -17.341 0.0000000000
44145  -26.254  -28.086  -17.592 0.0000000000
44146  -25.471  -27.889  -17.371 0.0000000000
46542  -26.762  -32.343  -14.825 0.0000000000
46543  -27.594  -32.500  -14.910 0.0000000000
46544  -26.780  -31.941  -15.092 0.0000000000
46545  -26.765  -31.507  -15.360 0.0000000000
46546  -26.011  -31.370  -15.189 0.0000000000
48063  -37.599  -16.744  -20.723 0.0000000000
48064  -37.805  -16.256  -20.394 0.0000000000
48065  -37.356  -16.401  -21.161 0.0000000000
48066  -37.131  -16.006  -21.702 0.0000000000
48067  -36.708  -16.472  -21.906 0.0000000000
48068  -36.061  -16.461  -22.448 0.0000000000
48069  -36.267  -16.863  -21.994 0.0000000000
48070  -35.050  -19.554  -21.776 0.0000000000
48071  -34.547  -19.111  -22.275 0.0000000000
48072  -34.238  -19.501  -22.321 0.0000000000
48073  -33.484  -19.428  -22.906 0.0000000000
48074  -33.995  -19.864  -22.396 0.0000000000
48075  -38.683  -23.011  -17.946 0.0000000000
48076  -38.253  -22.486  -18.446 0.0000000000
48077  -38.058  -22.994  -18.416 0.0000000000
48078  -33.082  -22.801  -21.431 0.0000000000
48079  -33.371  -22.467  -21.490 0.0000000000
48080  -32.652  -22.354  -22.009 0.0000000000
48081  -32.127  -21.876  -22.548 0.0000000000
48082  -31.869  -22.205  -22.541 0.0000000000
48083  -30.954  -22.013  -23.087 0.0000000000
48084  -31.304  -22.469  -22.547 0.0000000000
48085  -29.468  -24.517  -21.423 0.0000000000
48086  -28.977  -23.980  -21.905 0.0000000000
48087  -28.504  -24.129  -21.721 0.0000000000
48088  -27.566  -23.722  -21.966 0.0000000000
48089  -28.243  -24.364  -21.506 0.0000000000
48335  -18.093  -34.151  -12.393 0.0000000000
48336  -18.297  -33.961  -11.933 0.0000000000
48337  -18.518  -33.645  -12.286 0.0000000000
48338  -19.086  -33.343  -12.093 0.0000000000
48339  -18.691  -33.387  -12.607 0.0000000000
48340  -18.869  -33.110  -12.871 0.0000000000
48341  -18.498  -33.602  -13.061 0.0000000000
52905  -31.782  -16.109  -25.631 0.0000000000
52907  -30.825  -15.911  -26.193 0.0000000000
53702  -33.231  -32.684  -14.706 0.0000000000
53705  -31.339  -28.887  -17.699 0.0000000000
53706  -32.224  -29.232  -17.292 0.0000000000
53707  -32.000  -28.738  -17.693 0.0000000000
53708  -32.781  -28.663  -17.566 0.0000000000
53709  -31.854  -28.324  -18.023 0.0000000000
53710  -31.511  -27.806  -18.483 0.0000000000
53711  -30.886  -27.946  -18.468 0.0000000000
53712  -24.854  -25.143  -19.512 0.0000000000
53713  -25.552  -25.253  -19.750 0.0000000000
53714  -24.684  -24.792  -19.850 0.0000000000
53717  -20.005  -31.599  -14.393 0.0000000000
53718  -20.641  -31.234  -14.202 0.0000000000
53719  -20.167  -31.317  -14.701 0.0000000000
55853  -37.571  -13.539  -21.366 0.0000000000
55855  -37.399  -13.166  -21.770 0.0000000000
56128  -27.535  -36.708  -11.537 0.0000000000
56135  -28.868  -35.844  -12.580 0.0000000000
56136  -29.763  -36.339  -12.119 0.0000000000
56137  -29.796  -35.988  -12.476 0.0000000000
56139  -29.876  -35.557  -12.805 0.0000000000
56140  -29.942  -35.172  -13.156 0.0000000000
56141  -29.017  -35.072  -13.234 0.0000000000
56142  -26.424  -33.827  -13.697 0.0000000000
56143  -27.335  -34.029  -13.807 0.0000000000
56144  -26.522  -33.458  -13.966 0.0000000000
56145  -26.675  -33.135  -14.257 0.0000000000
56146  -25.722  -32.827  -14.090 0.0000000000
57663  -38.403  -18.131  -18.655 0.0000000000
57664  -38.258  -17.722  -18.367 0.0000000000
57665  -38.242  -17.778  -19.208 0.0000000000
57666  -38.115  -17.378  -19.661 0.0000000000
57667  -37.930  -17.870  -19.972 0.0000000000
57668  -37.449  -17.963  -20.566 0.0000000000
57669  -37.801  -18.305  -20.040 0.0000000000
57670  -37.794  -19.583  -19.758 0.0000000000
57671  -37.362  -19.213  -20.286 0.0000000000
57672  -37.264  -19.639  -20.265 0.0000000000
57673  -36.504  -19.642  -20.784 0.0000000000
57674  -36.917  -20.008  -20.342 0.0000000000
57675  -37.886  -24.798  -17.915 0.0000000000
57676  -37.377  -24.376  -18.356 0.0000000000
57677  -37.143  -24.716  -18.321 0.0000000000
57678  -35.117  -24.859  -19.166 0.0000000000
57679  -35.338  -24.460  -19.307 0.0000000000
57680  -34.480  -24.259  -19.803 0.0000000000
57681  -33.992  -23.733  -20.280 0.0000000000
57682  -33.678  -24.063  -20.267 0.0000000000
57683  -32.907  -23.934  -20.750 0.0000000000
57684  -33.368  -24.451  -20.193 0.0000000000
57685  -33.072  -25.602  -19.685 0.0000000000
57686  -32.582  -25.090  -20.183 0.0000000000
57687  -32.217  -25.384  -20.155 0.0000000000
57688  -31.355  -25.160  -20.616 0.0000000000
57689  -31.798  -25.654  -20.093 0.0000000000
62505  -30.095  -17.302  -26.006 0.0000000000
62507  -29.045  -16.990  -26.585 0.0000000000
63302  -29.853  -31.029  -16.269 0.0000000000
63303  -30.632  -30.980  -16.247 0.0000000000
63304  -29.766  -30.568  -16.609 0.0000000000
63305  -28.494  -29.068  -17.599 0.0000000000
63306  -29.510  -29.639  -17.300 0.0000000000
63307  -29.266  -29.133  -17.677 0.0000000000
63308  -29.916  -29.052  -17.729 0.0000000000
63309  -29.045  -28.649  -18.043 0.0000000000
63310  -28.875  -28.173  -18.341 0.0000000000
63311  -28.134  -28.135  -18.293 0.0000000000
63312  -25.757  -27.048  -18.216 0.0000000000
63313  -26.435  -27.120  -18.484 0.0000000000
63314  -25.624  -26.581  -18.534 0.0000000000
63315  -25.438  -26.134  -18.815 0.0000000000
63316  -24.746  -26.125  -18.630 0.0000000000
64873  -39.522  -22.832  -16.822 0.0000000000
64881  -39.698  -24.332  -16.478 0.0000000000
64883  -39.187  -24.845  -17.012 0.0000000000
64884  -39.541  -25.311  -16.543 0.0000000000
64885  -39.477  -26.841  -16.095 0.0000000000
64886  -39.138  -26.305  -16.580 0.0000000000
64887  -38.873  -26.818  -16.576 0.0000000000
64888  -38.154  -26.723  -17.016 0.0000000000
64889  -38.606  -27.300  -16.579 0.0000000000
70502  -30.104  -34.342  -13.760 0.0000000000
70503  -30.938  -34.413  -13.653 0.0000000000
70504  -30.098  -33.954  -14.041 0.0000000000
70505  -29.290  -32.696  -14.963 0.0000000000
70506  -30.084  -33.125  -14.639 0.0000000000
70507  -30.122  -32.737  -14.889 0.0000000000
70508  -30.861  -32.699  -14.884 0.0000000000
70509  -30.047  -32.277  -15.238 0.0000000000
70510  -29.914  -31.820  -15.571 0.0000000000
70511  -29.259  -31.879  -15.549 0.0000000000
70512  -26.759  -30.762  -15.918 0.0000000000
70513  -27.629  -30.943  -16.044 0.0000000000
70514  -26.797  -30.393  -16.186 0.0000000000
70515  -26.702  -29.903  -16.456 0.0000000000
70516  -25.886  -29.734  -16.249 0.0000000000
75075  -37.663  -14.631  -19.823 0.0000000000
75077  -37.731  -14.689  -20.675 0.0000000000
75078  -36.527  -15.275  -22.622 0.0000000000
75079  -36.903  -14.881  -22.396 0.0000000000
75080  -36.188  -14.930  -23.092 0.0000000000
75081  -35.892  -14.558  -23.516 0.0000000000
75082  -35.444  -14.916  -23.629 0.0000000000
75083  -34.705  -14.920  -24.202 0.0000000000
75084  -35.043  -15.344  -23.775 0.0000000000
75085  -34.667  -16.414  -23.530 0.0000000000
75086  -34.253  -15.987  -23.993 0.0000000000
75087  -33.933  -16.380  -24.074 0.0000000000
75088  -33.245  -16.301  -24.545 0.0000000000
75089  -33.592  -16.710  -24.127 0.0000000000
75090  -36.109  -18.022  -21.628 0.0000000000
75091  -35.708  -17.588  -22.089 0.0000000000
75092  -35.339  -17.998  -22.165 0.0000000000
75093  -33.677  -18.282  -23.302 0.0000000000
75094  -33.958  -17.906  -23.257 0.0000000000
75095  -33.228  -17.848  -23.841 0.0000000000
75096  -32.843  -17.431  -24.264 0.0000000000
75097  -32.522  -17.778  -24.397 0.0000000000
75098  -31.761  -17.701  -24.938 0.0000000000
75099  -32.218  -18.146  -24.441 0.0000000000
75100  -31.988  -19.221  -24.078 0.0000000000
75101  -31.494  -18.774  -24.642 0.0000000000
75102  -31.161  -19.071  -24.688 0.0000000000
75103  -30.261  -18.873  -25.262 0.0000000000
75104  -30.812  -19.358  -24.704 0.0000000000
75105  -38.922  -21.124  -17.610 0.0000000000
75106  -38.672  -20.753  -18.190 0.0000000000
75107  -38.591  -21.201  -18.230 0.0000000000
75108  -37.245  -21.621  -19.454 0.0000000000
75109  -37.475  -21.256  -19.382 0.0000000000
75110  -36.796  -21.232  -19.892 0.0000000000
75111  -36.347  -20.792  -20.412 0.0000000000
75112  -36.100  -21.205  -20.409 0.0000000000
75113  -36.266  -23.302  -19.370 0.0000000000
75114  -36.523  -22.927  -19.364 0.0000000000
75115  -35.748  -22.853  -19.851 0.0000000000
75116  -33.947  -21.799  -21.435 0.0000000000
75117  -34.746  -21.901  -20.919 0.0000000000
75118  -34.232  -21.443  -21.442 0.0000000000
75119  -34.564  -21.098  -21.414 0.0000000000
75120  -33.825  -20.992  -21.917 0.0000000000
75121  -33.362  -20.568  -22.422 0.0000000000
75122  -33.012  -20.898  -22.511 0.0000000000
75123  -31.138  -20.923  -23.601 0.0000000000
75124  -31.392  -20.596  -23.654 0.0000000000
75125  -30.462  -20.373  -24.172 0.0000000000
75126  -29.978  -19.896  -24.721 0.0000000000
75127  -29.614  -20.146  -24.662 0.0000000000
75128  -28.666  -19.849  -25.079 0.0000000000
75129  -29.175  -20.404  -24.669 0.0000000000
75130  -29.147  -21.503  -23.940 0.0000000000
75131  -28.487  -20.925  -24.433 0.0000000000
75132  -28.162  -21.160  -24.276 0.0000000000
75133  -27.170  -20.772  -24.556 0.0000000000
75134  -27.763  -21.368  -24.077 0.0000000000
75135  -31.063  -23.543  -21.826 0.0000000000
75136  -30.666  -23.060  -22.319 0.0000000000
75137  -30.094  -23.304  -22.270 0.0000000000
75138  -27.923  -22.822  -22.744 0.0000000000
75139  -28.339  -22.638  -22.930 0.0000000000
75140  -27.368  -22.231  -23.188 0.0000000000
75141  -26.963  -21.717  -23.613 0.0000000000
75142  -26.318  -21.778  -23.409 0.0000000000
75144  -26.136  -21.981  -23.091 0.0000000000
75883  -19.184  -34.114  -10.954 0.0000000000
75884  -18.908  -34.440  -10.674 0.0000000000
75885  -19.802  -34.420  -10.580 0.0000000000
75887  -20.877  -34.620  -10.574 0.0000000000
75889  -21.155  -34.288  -10.869 0.0000000000
75890  -20.871  -33.157  -11.768 0.0000000000
75891  -21.743  -33.724  -11.456 0.0000000000
75892  -21.990  -33.444  -11.779 0.0000000000
75893  -22.971  -33.840  -11.877 0.0000000000
75894  -22.207  -33.165  -12.099 0.0000000000
75895  -22.414  -32.926  -12.366 0.0000000000
75896  -21.375  -32.654  -12.328 0.0000000000
75897  -19.213  -32.591  -13.375 0.0000000000
75898  -19.957  -32.212  -13.097 0.0000000000
75899  -19.439  -32.327  -13.646 0.0000000000
75900  -19.619  -32.060  -13.930 0.0000000000
75901  -19.151  -32.569  -14.120 0.0000000000
91990  -32.126  -30.845  -16.180 0.0000000000
91991  -32.937  -31.261  -15.799 0.0000000000
91992  -32.902  -30.786  -16.129 0.0000000000
91993  -33.959  -29.958  -16.583 0.0000000000
91994  -34.145  -30.514  -16.188 0.0000000000
91995  -35.043  -30.443  -16.166 0.0000000000
91996  -35.829  -30.772  -15.807 0.0000000000
91997  -35.623  -30.251  -16.154 0.0000000000
92000  -33.987  -28.291  -17.553 0.0000000000
92001  -34.905  -28.636  -17.172 0.0000000000
92002  -34.693  -28.102  -17.537 0.0000000000
92003  -35.265  -27.841  -17.530 0.0000000000
92004  -34.322  -27.547  -17.951 0.0000000000
92005  -34.193  -27.115  -18.274 0.0000000000
92006  -33.471  -27.293  -18.346 0.0000000000
92007  -30.978  -26.866  -19.343 0.0000000000
92008  -31.706  -26.770  -19.262 0.0000000000
92009  -30.761  -26.456  -19.756 0.0000000000
92010  -30.574  -26.022  -20.178 0.0000000000
92011  -29.792  -26.107  -20.200 0.0000000000
92012  -28.380  -27.186  -19.084 0.0000000000
92013  -29.096  -27.191  -19.221 0.0000000000
92014  -28.181  -26.763  -19.454 0.0000000000
92015  -26.823  -25.330  -20.287 0.0000000000
92016  -27.645  -25.760  -20.184 0.0000000000
92017  -27.353  -25.327  -20.496 0.0000000000
92018  -28.045  -25.300  -20.699 0.0000000000
92019  -27.111  -24.799  -20.869 0.0000000000
92020  -26.857  -24.360  -21.152 0.0000000000
92021  -26.272  -24.351  -20.939 0.0000000000
92023  -24.404  -23.398  -21.122 0.0000000000
92027  -22.665  -32.396  -12.948 0.0000000000
92028  -23.681  -32.811  -13.088 0.0000000000
92029  -22.802  -32.146  -13.194 0.0000000000
92030  -22.353  -31.123  -13.965 0.0000000000
92031  -23.130  -31.616  -13.740 0.0000000000
92032  -23.275  -31.332  -13.983 0.0000000000
92033  -24.164  -31.573  -14.196 0.0000000000
92034  -23.288  -30.966  -14.315 0.0000000000
92038  -21.745  -29.601  -15.460 0.0000000000
92039  -21.687  -29.854  -15.204 0.0000000000
92040  -22.615  -29.859  -15.019 0.0000000000
92041  -23.428  -30.285  -14.808 0.0000000000
92042  -23.500  -29.958  -15.046 0.0000000000
92043  -24.346  -30.084  -15.248 0.0000000000
92044  -23.490  -29.584  -15.332 0.0000000000
92045  -22.427  -28.506  -16.272 0.0000000000
92046  -23.407  -28.842  -15.921 0.0000000000
92047  -23.285  -28.420  -16.258 0.0000000000
92048  -24.195  -28.574  -16.341 0.0000000000
92049  -23.150  -28.093  -16.615 0.0000000000
92071  -23.213  -27.448  -17.179 0.0000000000
92073  -23.610  -26.939  -17.665 0.0000000000
93416  -36.864  -13.663  -23.011 0.0000000000
93417  -37.118  -13.254  -22.712 0.0000000000
93580  -24.599  -35.271  -11.523 0.0000000000
93581  -25.427  -35.972  -11.339 0.0000000000
93582  -25.719  -35.787  -11.691 0.0000000000
93583  -26.708  -36.160  -11.811 0.0000000000
93584  -27.693  -36.396  -11.895 0.0000000000
93585  -28.688  -36.602  -11.832 0.0000000000
93586  -27.806  -36.063  -12.263 0.0000000000
93587  -27.898  -35.690  -12.633 0.0000000000
93588  -27.991  -35.340  -12.964 0.0000000000
93589  -28.110  -34.971  -13.267 0.0000000000
93590  -27.115  -34.760  -13.240 0.0000000000
93591  -26.301  -34.159  -13.430 0.0000000000
93592  -25.548  -33.586  -13.516 0.0000000000
94504  -38.357  -18.605  -18.916 0.0000000000
94505  -38.056  -18.684  -19.557 0.0000000000
94506  -38.292  -19.087  -19.081 0.0000000000
94507  -38.226  -19.510  -19.205 0.0000000000
94508  -37.987  -19.998  -19.267 0.0000000000
94509  -37.191  -25.625  -17.882 0.0000000000
94510  -36.736  -25.130  -18.306 0.0000000000
94511  -36.257  -25.456  -18.314 0.0000000000
94512  -35.492  -25.305  -18.751 0.0000000000
94513  -34.677  -25.156  -19.219 0.0000000000
94514  -33.863  -24.992  -19.693 0.0000000000
94515  -34.334  -25.503  -19.164 0.0000000000
94516  -33.927  -25.821  -19.204 0.0000000000
94517  -33.549  -26.132  -19.107 0.0000000000
97407  -29.326  -17.833  -26.100 0.0000000000
97408  -28.659  -17.206  -26.583 0.0000000000
97409  -28.292  -17.455  -26.608 0.0000000000
97886  -28.077  -30.052  -16.826 0.0000000000
97887  -28.834  -30.100  -16.951 0.0000000000
97888  -28.045  -29.644  -17.119 0.0000000000
97889  -27.858  -29.154  -17.487 0.0000000000
97890  -27.624  -28.572  -17.758 0.0000000000
97891  -27.480  -28.120  -18.066 0.0000000000
97892  -26.822  -28.103  -17.844 0.0000000000
97893  -26.092  -27.596  -17.885 0.0000000000
97894  -25.235  -27.069  -17.976 0.0000000000
98833  -40.077  -25.672  -15.448 0.0000000000
98834  -39.792  -25.739  -16.042 0.0000000000
102206  -28.363  -33.397  -14.415 0.0000000000
102207  -29.298  -33.511  -14.375 0.0000000000
102208  -28.433  -33.033  -14.673 0.0000000000
102209  -28.433  -32.619  -14.964 0.0000000000
102210  -28.424  -32.212  -15.247 0.0000000000
102211  -28.524  -31.897  -15.506 0.0000000000
102212  -27.561  -31.664  -15.512 0.0000000000
102213  -26.746  -31.086  -15.677 0.0000000000
102214  -25.966  -30.514  -15.716 0.0000000000
104947  -38.039  -16.123  -19.544 0.0000000000
104948  -37.885  -15.808  -20.050 0.0000000000
104949  -37.859  -15.480  -20.609 0.0000000000
104950  -37.765  -15.131  -21.097 0.0000000000
104951  -37.513  -15.575  -21.363 0.0000000000
104952  -36.868  -15.670  -22.122 0.0000000000
104953  -36.008  -15.700  -22.848 0.0000000000
104954  -35.313  -15.663  -23.365 0.0000000000
104955  -35.708  -16.080  -22.899 0.0000000000
104956  -35.382  -16.432  -22.984 0.0000000000
104957  -35.001  -16.799  -23.015 0.0000000000
104958  -35.576  -18.809  -21.690 0.0000000000
104959  -35.094  -18.366  -22.224 0.0000000000
104960  -34.843  -18.750  -22.221 0.0000000000
104961  -34.090  -18.696  -22.814 0.0000000000
104962  -33.373  -18.637  -23.373 0.0000000000
104963  -32.626  -18.526  -23.949 0.0000000000
104964  -33.059  -18.979  -23.427 0.0000000000
104965  -32.769  -19.330  -23.491 0.0000000000
104966  -32.495  -19.674  -23.501 0.0000000000
104967  -38.900  -22.013  -17.782 0.0000000000
104968  -38.505  -21.632  -18.317 0.0000000000
104969  -38.425  -22.076  -18.332 0.0000000000
104970  -37.744  -22.044  -18.921 0.0000000000
104971  -36.957  -22.039  -19.461 0.0000000000
104972  -34.759  -23.049  -20.326 0.0000000000
104973  -34.912  -22.676  -20.393 0.0000000000
104974  -34.137  -22.558  -20.936 0.0000000000
104975  -33.708  -22.144  -21.419 0.0000000000
104976  -33.180  -21.686  -21.978 0.0000000000
104977  -32.752  -21.248  -22.546 0.0000000000
104978  -32.451  -21.568  -22.568 0.0000000000
104979  -31.669  -21.412  -23.110 0.0000000000
104980  -30.740  -21.192  -23.661 0.0000000000
104981  -29.785  -20.944  -24.147 0.0000000000
104982  -30.396  -21.504  -23.607 0.0000000000
104983  -30.031  -21.790  -23.573 0.0000000000
104984  -29.632  -22.024  -23.422 0.0000000000
104985  -30.269  -24.048  -21.651 0.0000000000
104986  -29.895  -23.560  -22.112 0.0000000000
104987  -29.388  -23.753  -22.011 0.0000000000
104988  -28.498  -23.403  -22.295 0.0000000000
104989  -27.557  -22.982  -22.512 0.0000000000
104990  -26.481  -22.480  -22.725 0.0000000000
104991  -27.130  -23.124  -22.328 0.0000000000
104992  -26.681  -23.266  -22.101 0.0000000000
104993  -26.208  -23.338  -21.851 0.0000000000
105436  -18.649  -33.961  -11.443 0.0000000000
105437  -19.373  -33.766  -11.277 0.0000000000
105438  -20.342  -33.774  -11.181 0.0000000000
105439  -19.656  -33.460  -11.580 0.0000000000
105440  -19.904  -33.123  -11.885 0.0000000000
105441  -20.062  -32.808  -12.148 0.0000000000
105442  -20.378  -32.563  -12.394 0.0000000000
105443  -19.445  -32.743  -12.632 0.0000000000
105444  -19.043  -32.810  -13.073 0.0000000000
105445  -18.835  -33.122  -13.598 0.0000000000
113661  -32.534  -15.487  -25.444 0.0000000000
115099  -31.778  -29.886  -16.948 0.0000000000
115100  -32.658  -30.276  -16.565 0.0000000000
115101  -32.401  -29.732  -16.937 0.0000000000
115102  -33.054  -29.571  -16.941 0.0000000000
115103  -33.891  -29.520  -16.853 0.0000000000
115104  -34.507  -29.353  -16.832 0.0000000000
115105  -33.623  -28.998  -17.188 0.0000000000
115106  -33.298  -28.446  -17.620 0.0000000000
115107  -33.100  -27.966  -17.946 0.0000000000
115108  -32.934  -27.550  -18.321 0.0000000000
115109  -32.207  -27.678  -18.411 0.0000000000
115110  -31.270  -27.370  -18.892 0.0000000000
115111  -30.337  -27.033  -19.331 0.0000000000
115112  -26.643  -26.142  -19.301 0.0000000000
115113  -27.231  -26.262  -19.625 0.0000000000
115114  -26.317  -25.730  -19.723 0.0000000000
115115  -26.037  -25.203  -20.022 0.0000000000
115116  -25.864  -24.782  -20.360 0.0000000000
115117  -25.577  -24.319  -20.709 0.0000000000
115121  -21.201  -31.654  -13.444 0.0000000000
115122  -22.063  -31.698  -13.371 0.0000000000
115123  -21.348  -31.377  -13.686 0.0000000000
115124  -21.449  -31.109  -13.992 0.0000000000
115125  -21.491  -30.748  -14.380 0.0000000000
115130  -21.763  -29.290  -15.737 0.0000000000
115131  -22.610  -29.202  -15.564 0.0000000000
115132  -21.702  -29.008  -16.094 0.0000000000
115133  -21.686  -28.577  -16.320 0.0000000000
118133  -37.169  -12.780  -20.532 0.0000000000
118134  -37.220  -12.396  -21.149 0.0000000000
118135  -37.279  -12.832  -22.446 0.0000000000
118136  -37.318  -12.398  -22.050 0.0000000000
118525  -29.602  -36.704  -11.775 0.0000000000
118531  -31.648  -35.167  -12.945 0.0000000000
118532  -30.816  -35.144  -13.098 0.0000000000
118533  -30.025  -34.751  -13.482 0.0000000000
118534  -29.120  -34.268  -13.850 0.0000000000
118535  -28.169  -34.559  -13.578 0.0000000000
118536  -28.280  -34.190  -13.851 0.0000000000
118537  -28.286  -33.770  -14.131 0.0000000000
118538  -27.461  -33.227  -14.371 0.0000000000
118539  -26.750  -32.761  -14.528 0.0000000000
118540  -25.970  -32.198  -14.628 0.0000000000
120665  -37.998  -17.669  -17.521 0.0000000000
120668  -38.195  -16.948  -19.409 0.0000000000
120669  -37.856  -17.085  -20.255 0.0000000000
120670  -37.313  -17.193  -20.983 0.0000000000
120671  -36.705  -17.246  -21.520 0.0000000000
120672  -37.058  -17.622  -21.087 0.0000000000
120673  -36.767  -18.016  -21.119 0.0000000000
120674  -36.441  -18.424  -21.197 0.0000000000
120675  -37.554  -18.780  -20.148 0.0000000000
120676  -36.910  -18.827  -20.658 0.0000000000
120677  -36.284  -18.834  -21.190 0.0000000000
120678  -36.061  -19.220  -21.256 0.0000000000
120679  -35.754  -19.613  -21.293 0.0000000000
120680  -35.447  -19.976  -21.358 0.0000000000
120681  -38.386  -23.899  -17.948 0.0000000000
120682  -37.890  -23.429  -18.377 0.0000000000
120683  -37.639  -23.848  -18.387 0.0000000000
120684  -36.809  -23.781  -18.829 0.0000000000
120685  -35.940  -23.675  -19.277 0.0000000000
120686  -36.280  -24.623  -18.784 0.0000000000
120687  -35.669  -24.086  -19.281 0.0000000000
120688  -35.168  -23.537  -19.780 0.0000000000
120689  -34.370  -23.394  -20.305 0.0000000000
120690  -33.579  -23.260  -20.828 0.0000000000
120691  -32.711  -23.114  -21.379 0.0000000000
120692  -31.855  -22.939  -21.915 0.0000000000
120693  -32.390  -23.446  -21.305 0.0000000000
120694  -32.007  -23.749  -21.301 0.0000000000
120695  -31.618  -24.035  -21.271 0.0000000000
120696  -32.991  -24.772  -20.198 0.0000000000
120697  -32.122  -24.571  -20.697 0.0000000000
120698  -31.239  -24.350  -21.174 0.0000000000
120699  -30.843  -24.635  -21.160 0.0000000000
120700  -30.440  -24.872  -21.069 0.0000000000
120701  -29.973  -25.094  -21.015 0.0000000000
121050  -18.111  -34.466  -12.863 0.0000000000
121051  -18.293  -34.234  -13.160 0.0000000000
121052  -18.179  -34.946  -13.128 0.0000000000
127443  -30.976  -16.734  -25.822 0.0000000000
127444  -30.493  -16.213  -26.273 0.0000000000
128558  -31.580  -31.822  -15.515 0.0000000000
128559  -32.330  -31.782  -15.477 0.0000000000
128560  -31.472  -31.372  -15.874 0.0000000000
128561  -31.411  -30.961  -16.207 0.0000000000
128562  -31.232  -30.446  -16.583 0.0000000000
128563  -29.593  -30.115  -16.946 0.0000000000
128564  -30.343  -30.042  -16.975 0.0000000000
128565  -30.984  -29.932  -17.018 0.0000000000
128566  -30.847  -29.466  -17.352 0.0000000000
128567  -30.643  -28.980  -17.734 0.0000000000
128568  -30.466  -28.533  -18.083 0.0000000000
128569  -30.142  -28.015  -18.504 0.0000000000
128570  -29.615  -28.172  -18.421 0.0000000000
128571  -28.765  -27.767  -18.698 0.0000000000
128572  -27.858  -27.243  -18.870 0.0000000000
128573  -27.285  -27.653  -18.402 0.0000000000
128574  -27.126  -27.204  -18.719 0.0000000000
128575  -26.863  -26.659  -18.992 0.0000000000
128576  -25.907  -26.056  -19.077 0.0000000000
128577  -25.102  -25.639  -19.153 0.0000000000
128578  -24.215  -25.187  -19.278 0.0000000000
128580  -19.879  -31.680  -15.297 0.0000000000
130552  -39.092  -21.039  -17.009 0.0000000000
130553  -39.181  -21.462  -17.100 0.0000000000
130557  -39.270  -22.428  -17.307 0.0000000000
130558  -39.192  -22.936  -17.404 0.0000000000
130559  -39.072  -23.429  -17.459 0.0000000000
130565  -39.809  -23.668  -15.791 0.0000000000
130566  -39.707  -23.748  -16.416 0.0000000000
130567  -39.414  -23.815  -16.973 0.0000000000
130568  -38.961  -23.883  -17.504 0.0000000000
130569  -38.794  -24.413  -17.476 0.0000000000
130570  -38.547  -24.845  -17.509 0.0000000000
130571  -38.355  -25.311  -17.493 0.0000000000
130572  -39.355  -25.787  -16.592 0.0000000000
130573  -38.777  -25.806  -17.065 0.0000000000
130574  -38.039  -25.743  -17.468 0.0000000000
130575  -37.736  -26.200  -17.498 0.0000000000
130576  -37.376  -26.579  -17.418 0.0000000000
130577  -37.113  -26.979  -17.341 0.0000000000
136677  -27.550  -18.700  -25.945 0.0000000000
136678  -26.879  -18.099  -26.449 0.0000000000
136679  -26.451  -18.256  -26.253 0.0000000000
137685  -33.264  -33.150  -14.389 0.0000000000
137686  -32.433  -32.709  -14.819 0.0000000000
137687  -31.724  -34.789  -13.254 0.0000000000
137688  -31.668  -34.353  -13.611 0.0000000000
137689  -31.720  -33.952  -13.901 0.0000000000
137690  -30.070  -33.530  -14.373 0.0000000000
137691  -30.897  -33.539  -14.263 0.0000000000
137693  -31.678  -33.123  -14.525 0.0000000000
137694  -31.637  -32.669  -14.904 0.0000000000
137695  -31.601  -32.244  -15.174 0.0000000000
137696  -30.800  -31.857  -15.522 0.0000000000
137697  -29.921  -31.429  -15.885 0.0000000000
137698  -29.069  -30.998  -16.206 0.0000000000
137699  -28.405  -31.400  -15.848 0.0000000000
137700  -28.224  -30.911  -16.173 0.0000000000
137701  -28.210  -30.517  -16.472 0.0000000000
137702  -27.463  -30.085  -16.623 0.0000000000
137703  -26.664  -29.538  -16.729 0.0000000000
137704  -25.851  -28.935  -16.749 0.0000000000
143281  -37.525  -13.980  -21.704 0.0000000000
143282  -37.533  -14.806  -21.593 0.0000000000
143283  -37.326  -14.402  -22.065 0.0000000000
143284  -37.175  -14.025  -22.446 0.0000000000
143285  -36.432  -14.115  -23.279 0.0000000000
143286  -35.682  -14.187  -23.976 0.0000000000
143292  -34.654  -15.672  -23.876 0.0000000000
143293  -34.008  -15.650  -24.389 0.0000000000
143294  -33.272  -15.598  -24.903 0.0000000000
143295  -32.941  -15.913  -24.981 0.0000000000
143296  -32.508  -16.217  -25.097 0.0000000000
143297  -32.220  -16.562  -25.158 0.0000000000
143298  -36.014  -17.244  -21.999 0.0000000000
143299  -35.240  -17.236  -22.589 0.0000000000
143300  -34.525  -17.192  -23.128 0.0000000000
143301  -34.612  -17.950  -22.727 0.0000000000
143302  -34.270  -17.550  -23.205 0.0000000000
143303  -33.911  -17.137  -23.620 0.0000000000
143304  -33.211  -17.077  -24.207 0.0000000000
143305  -32.478  -17.010  -24.801 0.0000000000
143306  -31.735  -16.888  -25.303 0.0000000000
143307  -31.375  -17.241  -25.370 0.0000000000
143308  -30.969  -17.553  -25.529 0.0000000000
143309  -30.610  -17.860  -25.544 0.0000000000
143310  -31.877  -18.447  -24.552 0.0000000000
143311  -31.153  -18.325  -25.072 0.0000000000
143312  -30.374  -18.153  -25.560 0.0000000000
143313  -29.790  -18.373  -25.700 0.0000000000
143314  -29.423  -18.626  -25.723 0.0000000000
143315  -28.941  -18.825  -25.679 0.0000000000
143316  -38.684  -20.291  -18.087 0.0000000000
143317  -38.361  -20.390  -18.728 0.0000000000
143318  -37.799  -20.460  -19.303 0.0000000000
143319  -38.082  -21.252  -18.853 0.0000000000
143320  -37.611  -20.869  -19.357 0.0000000000
143321  -37.248  -20.456  -19.829 0.0000000000
143322  -36.647  -20.414  -20.326 0.0000000000
143323  -35.906  -20.377  -20.872 0.0000000000
143324  -35.169  -20.348  -21.369 0.0000000000
143325  -37.304  -22.974  -18.881 0.0000000000
143326  -36.760  -22.456  -19.455 0.0000000000
143327  -36.181  -22.026  -19.961 0.0000000000
143328  -35.198  -22.332  -20.405 0.0000000000
143329  -35.471  -21.969  -20.447 0.0000000000
143330  -35.716  -21.576  -20.437 0.0000000000
143331  -35.351  -21.166  -20.906 0.0000000000
143332  -34.775  -20.750  -21.448 0.0000000000
143333  -34.456  -20.277  -21.832 0.0000000000
143334  -33.665  -20.183  -22.379 0.0000000000
143335  -32.902  -20.097  -22.981 0.0000000000
143336  -32.095  -19.963  -23.588 0.0000000000
143337  -32.234  -20.756  -23.078 0.0000000000
143338  -31.761  -20.285  -23.588 0.0000000000
143339  -31.225  -19.804  -24.214 0.0000000000
143340  -30.420  -19.609  -24.712 0.0000000000
143341  -29.526  -19.377  -25.177 0.0000000000
143342  -28.685  -19.112  -25.597 0.0000000000
143343  -28.069  -19.289  -25.530 0.0000000000
143344  -27.776  -19.519  -25.384 0.0000000000
143345  -27.241  -19.736  -25.380 0.0000000000
143346  -28.782  -20.663  -24.597 0.0000000000
143347  -27.809  -20.358  -24.938 0.0000000000
143348  -26.751  -19.930  -25.193 0.0000000000
143349  -26.512  -20.147  -24.946 0.0000000000
143350  -26.171  -20.345  -24.670 0.0000000000
143351  -25.604  -20.414  -24.430 0.0000000000
143352  -30.992  -22.751  -22.431 0.0000000000
143353  -30.092  -22.543  -22.906 0.0000000000
143354  -29.225  -22.263  -23.289 0.0000000000
143355  -29.226  -22.994  -22.639 0.0000000000
143356  -28.803  -22.496  -23.106 0.0000000000
143357  -28.320  -21.916  -23.607 0.0000000000
143358  -27.322  -21.522  -23.873 0.0000000000
143359  -26.318  -21.102  -24.043 0.0000000000
143360  -25.305  -20.636  -24.161 0.0000000000
143364  -25.541  -22.024  -22.866 0.0000000000
144271  -22.813  -35.711  -10.368 0.0000000000
144272  -23.165  -35.447  -10.689 0.0000000000
144273  -23.405  -35.130  -11.022 0.0000000000
144274  -21.432  -33.991  -11.172 0.0000000000
144275  -22.581  -34.379  -11.237 0.0000000000
144276  -23.616  -34.859  -11.349 0.0000000000
144277  -23.794  -34.575  -11.691 0.0000000000
144278  -23.957  -34.284  -12.044 0.0000000000
144279  -24.115  -33.997  -12.392 0.0000000000
144280  -24.268  -33.740  -12.755 0.0000000000
144281  -23.327  -33.324  -12.462 0.0000000000
144282  -22.588  -32.710  -12.612 0.0000000000
144283  -21.792  -32.190  -12.813 0.0000000000
144284  -20.609  -32.327  -12.630 0.0000000000
144285  -20.815  -32.073  -12.856 0.0000000000
144286  -21.006  -31.832  -13.157 0.0000000000
144287  -20.319  -31.709  -13.557 0.0000000000
144288  -19.852  -31.845  -14.152 0.0000000000
144289  -19.549  -32.160  -14.679 0.0000000000
144290  -18.460  -33.976  -13.462 0.0000000000
144291  -18.597  -33.707  -13.725 0.0000000000
144292  -18.806  -33.499  -14.036 0.0000000000
144295  -18.989  -33.275  -14.274 0.0000000000
144296  -19.159  -33.053  -14.605 0.0000000000
144297  -19.316  -32.818  -14.904 0.0000000000
163623  -38.817  -27.793  -16.235 0.0000000000
163624  -38.101  -27.682  -16.658 0.0000000000
163625  -37.343  -27.515  -17.031 0.0000000000
163626  -36.536  -27.302  -17.378 0.0000000000
163636  -33.171  -31.827  -15.365 0.0000000000
163637  -33.839  -31.709  -15.384 0.0000000000
163639  -33.568  -30.677  -16.162 0.0000000000
163640  -34.475  -31.098  -15.736 0.0000000000
163648  -35.184  -29.167  -16.838 0.0000000000
163649  -35.827  -28.965  -16.806 0.0000000000
163651  -36.240  -28.153  -17.112 0.0000000000
163652  -35.923  -27.613  -17.452 0.0000000000
163653  -35.682  -27.079  -17.753 0.0000000000
163654  -34.773  -26.854  -18.190 0.0000000000
163655  -33.869  -26.650  -18.669 0.0000000000
163656  -32.919  -26.379  -19.212 0.0000000000
163657  -32.619  -27.054  -18.770 0.0000000000
163658  -32.318  -26.551  -19.243 0.0000000000
163659  -32.003  -26.095  -19.718 0.0000000000
163660  -31.123  -25.810  -20.182 0.0000000000
163661  -30.244  -25.532  -20.610 0.0000000000
163662  -29.318  -25.179  -20.944 0.0000000000
163663  -29.951  -27.552  -18.868 0.0000000000
163664  -29.689  -27.080  -19.299 0.0000000000
163665  -29.469  -26.692  -19.692 0.0000000000
163666  -27.972  -26.298  -19.807 0.0000000000
163667  -28.525  -26.219  -19.983 0.0000000000
163668  -29.259  -26.219  -20.049 0.0000000000
163669  -28.926  -25.729  -20.482 0.0000000000
163670  -28.693  -25.281  -20.875 0.0000000000
163671  -28.400  -24.787  -21.201 0.0000000000
163672  -27.476  -24.350  -21.369 0.0000000000
163673  -26.572  -23.890  -21.501 0.0000000000
163674  -25.648  -23.391  -21.597 0.0000000000
163675  -25.349  -23.867  -21.014 0.0000000000
163676  -25.107  -23.416  -21.286 0.0000000000
163681  -24.425  -33.445  -13.013 0.0000000000
163682  -24.617  -33.211  -13.274 0.0000000000
163683  -24.807  -32.914  -13.588 0.0000000000
163684  -23.054  -31.915  -13.467 0.0000000000
163685  -23.938  -32.244  -13.629 0.0000000000
163686  -24.836  -32.538  -13.878 0.0000000000
163687  -25.011  -32.240  -14.144 0.0000000000
163688  -25.020  -31.841  -14.401 0.0000000000
163689  -25.147  -31.526  -14.701 0.0000000000
163690  -20.275  -31.103  -15.011 0.0000000000
163691  -20.860  -30.686  -14.791 0.0000000000
163692  -21.575  -30.491  -14.634 0.0000000000
163693  -20.955  -30.162  -15.350 0.0000000000
163694  -21.629  -30.190  -14.859 0.0000000000
163695  -22.443  -30.473  -14.569 0.0000000000
163696  -23.409  -30.625  -14.566 0.0000000000
163697  -24.323  -30.885  -14.722 0.0000000000
163698  -25.212  -31.164  -14.933 0.0000000000
163699  -25.133  -30.666  -15.242 0.0000000000
163700  -25.149  -30.308  -15.459 0.0000000000
163701  -25.132  -29.910  -15.698 0.0000000000
163702  -23.464  -29.175  -15.614 0.0000000000
163703  -24.252  -29.273  -15.735 0.0000000000
163704  -25.121  -29.491  -15.996 0.0000000000
163705  -25.062  -29.150  -16.274 0.0000000000
163706  -24.950  -28.639  -16.543 0.0000000000
163707  -24.919  -28.279  -16.776 0.0000000000
163731  -22.317  -27.903  -16.985 0.0000000000
163732  -23.113  -27.750  -16.891 0.0000000000
163733  -23.999  -27.704  -16.903 0.0000000000
163734  -24.752  -27.821  -17.155 0.0000000000
163735  -24.584  -27.367  -17.437 0.0000000000
163736  -24.397  -26.914  -17.734 0.0000000000
163737  -24.233  -26.554  -18.099 0.0000000000
163740  -24.018  -26.110  -18.452 0.0000000000
163741  -23.743  -25.702  -18.822 0.0000000000
163742  -23.527  -25.319  -19.248 0.0000000000
