#!ascii label  , from subject fsaverage vox2ras=TkReg
409
357  -16.678  -46.942  -7.026 0.0000000000
1429  -20.603  -41.875  -0.044 0.0000000000
1431  -28.662  -40.301  -5.729 0.0000000000
1795  -14.895  -39.106  -7.683 0.0000000000
3347  -15.870  -42.360  -0.039 0.0000000000
3349  -17.703  -42.237  -1.271 0.0000000000
3947  -17.293  -44.299  -6.171 0.0000000000
3948  -14.403  -40.385  -6.407 0.0000000000
3949  -16.164  -42.441  -7.421 0.0000000000
3951  -16.438  -39.350  -9.999 0.0000000000
4395  -13.754  -43.192  2.110 0.0000000000
5725  -19.267  -39.687  -5.651 0.0000000000
5726  -21.407  -41.821  -4.091 0.0000000000
5727  -23.219  -41.095  -5.553 0.0000000000
6114  -17.510  -45.483  -8.064 0.0000000000
7180  -22.080  -37.927  -8.498 0.0000000000
7181  -24.879  -40.311  -7.111 0.0000000000
8022  -15.795  -40.803  -3.043 0.0000000000
8025  -16.912  -37.885  -7.235 0.0000000000
8026  -15.896  -40.925  -8.868 0.0000000000
8027  -15.604  -37.835  -8.890 0.0000000000
8028  -17.960  -36.639  -8.466 0.0000000000
10198  -19.543  -41.976  -2.587 0.0000000000
10199  -22.968  -41.855  -1.141 0.0000000000
10201  -26.916  -40.961  -4.073 0.0000000000
11027  -14.959  -41.954  -1.005 0.0000000000
11028  -16.687  -42.271  -0.656 0.0000000000
11029  -15.854  -41.762  -1.520 0.0000000000
11627  -17.374  -45.783  -6.689 0.0000000000
11628  -16.659  -43.318  -6.758 0.0000000000
11629  -17.113  -44.802  -7.158 0.0000000000
13405  -20.085  -39.336  -6.328 0.0000000000
13406  -21.373  -40.540  -5.713 0.0000000000
13407  -22.210  -40.177  -6.417 0.0000000000
15800  -19.617  -41.842  0.511 0.0000000000
15804  -22.101  -41.223  0.648 0.0000000000
15805  -22.573  -37.331  -9.162 0.0000000000
15806  -24.279  -38.776  -8.624 0.0000000000
17600  -14.615  -39.704  -7.045 0.0000000000
17602  -15.094  -38.798  -6.867 0.0000000000
17603  -16.280  -38.429  -6.600 0.0000000000
17604  -15.530  -38.192  -7.546 0.0000000000
17606  -16.880  -43.113  -8.373 0.0000000000
17607  -17.095  -42.415  -9.009 0.0000000000
17608  -16.047  -37.666  -10.147 0.0000000000
17609  -15.674  -38.307  -9.547 0.0000000000
17610  -15.957  -37.142  -9.499 0.0000000000
17611  -16.386  -36.934  -8.682 0.0000000000
17612  -16.795  -36.253  -9.337 0.0000000000
18975  -18.216  -47.448  -5.965 0.0000000000
22930  -16.790  -40.638  -3.688 0.0000000000
22931  -17.770  -41.447  -2.897 0.0000000000
22932  -18.666  -41.301  -3.519 0.0000000000
22933  -23.226  -41.967  -3.557 0.0000000000
22934  -22.234  -42.166  -2.817 0.0000000000
22935  -23.876  -41.785  -1.923 0.0000000000
22936  -24.246  -41.262  -0.520 0.0000000000
22937  -25.274  -41.065  -1.142 0.0000000000
22938  -26.863  -40.443  -6.499 0.0000000000
22939  -25.998  -40.893  -5.810 0.0000000000
22940  -27.786  -40.638  -4.900 0.0000000000
24455  -16.515  -42.228  1.042 0.0000000000
24459  -19.246  -42.293  -0.671 0.0000000000
25535  -16.097  -43.059  -5.629 0.0000000000
25537  -15.482  -42.083  -6.367 0.0000000000
25538  -15.122  -41.192  -7.073 0.0000000000
25539  -14.993  -40.428  -7.762 0.0000000000
25541  -17.413  -41.708  -9.527 0.0000000000
26343  -12.698  -43.745  1.636 0.0000000000
28735  -18.395  -40.064  -5.000 0.0000000000
28736  -19.555  -41.117  -4.244 0.0000000000
28737  -20.474  -40.907  -5.011 0.0000000000
28738  -22.307  -41.476  -4.802 0.0000000000
28739  -24.172  -41.595  -4.233 0.0000000000
28741  -29.380  -40.164  -3.984 0.0000000000
29621  -16.315  -47.940  -7.363 0.0000000000
29622  -17.037  -46.161  -7.598 0.0000000000
34393  -17.398  -39.195  -5.751 0.0000000000
34394  -18.104  -38.723  -6.374 0.0000000000
34396  -16.973  -43.950  -7.722 0.0000000000
34397  -15.863  -41.633  -8.165 0.0000000000
34398  -15.113  -39.749  -8.380 0.0000000000
34399  -16.121  -40.212  -9.438 0.0000000000
34400  -15.342  -39.040  -8.993 0.0000000000
34401  -15.227  -38.484  -8.342 0.0000000000
34402  -15.995  -37.598  -8.117 0.0000000000
34403  -17.410  -37.215  -7.867 0.0000000000
34405  -20.052  -37.116  -8.382 0.0000000000
36035  -15.281  -42.561  0.519 0.0000000000
36071  -17.843  -45.092  -5.715 0.0000000000
36072  -17.709  -46.620  -6.340 0.0000000000
36073  -16.675  -47.689  -6.503 0.0000000000
36082  -15.847  -48.598  -6.629 0.0000000000
36083  -15.522  -49.569  -6.924 0.0000000000
40828  -16.859  -41.634  -2.195 0.0000000000
40829  -18.576  -42.118  -1.921 0.0000000000
40830  -20.189  -42.256  -1.365 0.0000000000
40831  -20.429  -41.945  -3.289 0.0000000000
40832  -21.180  -42.238  -2.041 0.0000000000
40833  -21.735  -41.913  -0.681 0.0000000000
40834  -23.219  -41.226  0.121 0.0000000000
40837  -24.053  -40.700  -6.382 0.0000000000
40838  -25.064  -41.208  -5.005 0.0000000000
40839  -25.924  -41.224  -3.317 0.0000000000
40840  -28.398  -40.414  -3.225 0.0000000000
40841  -27.386  -40.549  -2.442 0.0000000000
40842  -26.325  -40.828  -1.716 0.0000000000
41748  -15.388  -41.847  -1.258 0.0000000000
42347  -17.063  -46.397  -6.882 0.0000000000
42348  -17.238  -45.272  -6.887 0.0000000000
42349  -17.079  -45.926  -7.128 0.0000000000
44125  -20.521  -39.174  -6.665 0.0000000000
44126  -21.206  -39.800  -6.363 0.0000000000
44127  -21.550  -39.591  -6.717 0.0000000000
46520  -20.148  -41.849  0.284 0.0000000000
46521  -20.159  -41.550  0.824 0.0000000000
46522  -20.730  -41.560  0.564 0.0000000000
46524  -21.409  -41.571  0.321 0.0000000000
48320  -14.717  -39.405  -7.354 0.0000000000
48321  -14.758  -39.199  -6.925 0.0000000000
48322  -14.965  -38.902  -7.263 0.0000000000
48323  -15.318  -38.496  -7.188 0.0000000000
48324  -15.151  -38.605  -7.613 0.0000000000
48326  -17.551  -43.569  -8.716 0.0000000000
48329  -15.941  -37.322  -9.872 0.0000000000
48330  -16.156  -36.815  -9.799 0.0000000000
48331  -16.301  -36.647  -9.407 0.0000000000
48332  -16.489  -36.306  -9.746 0.0000000000
48333  -17.001  -35.928  -9.654 0.0000000000
48334  -16.752  -35.970  -10.070 0.0000000000
53650  -17.265  -40.532  -4.017 0.0000000000
53651  -17.806  -40.989  -3.588 0.0000000000
53652  -18.214  -40.879  -3.904 0.0000000000
53653  -24.029  -41.775  -3.165 0.0000000000
53654  -23.522  -41.923  -2.799 0.0000000000
53655  -24.424  -41.661  -2.193 0.0000000000
53656  -24.610  -41.476  -1.510 0.0000000000
53658  -27.823  -40.402  -6.095 0.0000000000
53659  -27.349  -40.589  -5.731 0.0000000000
53660  -28.264  -40.507  -5.254 0.0000000000
56117  -16.267  -42.363  0.512 0.0000000000
56119  -16.659  -42.355  0.220 0.0000000000
56120  -17.181  -42.248  -0.944 0.0000000000
56121  -17.538  -42.343  -0.342 0.0000000000
56122  -18.057  -42.339  -0.697 0.0000000000
56123  -18.746  -42.289  -0.348 0.0000000000
56124  -18.497  -42.332  -0.975 0.0000000000
57917  -16.801  -43.633  -5.897 0.0000000000
57918  -15.758  -42.552  -5.989 0.0000000000
57919  -16.470  -43.120  -6.226 0.0000000000
57920  -16.403  -42.874  -7.083 0.0000000000
57921  -15.846  -42.200  -6.908 0.0000000000
57922  -15.607  -41.765  -7.288 0.0000000000
57923  -15.002  -40.803  -7.416 0.0000000000
57924  -15.465  -41.366  -7.671 0.0000000000
63250  -18.821  -39.881  -5.340 0.0000000000
63251  -19.423  -40.425  -4.986 0.0000000000
63252  -19.948  -40.313  -5.335 0.0000000000
63253  -22.285  -40.873  -5.657 0.0000000000
63254  -21.851  -41.066  -5.304 0.0000000000
63255  -22.766  -41.299  -5.169 0.0000000000
63256  -23.248  -41.590  -4.578 0.0000000000
63257  -23.707  -41.391  -4.944 0.0000000000
65117  -16.292  -48.561  -7.564 0.0000000000
65118  -16.661  -47.738  -7.724 0.0000000000
75843  -17.008  -39.356  -5.451 0.0000000000
75848  -18.447  -38.422  -6.718 0.0000000000
75849  -17.753  -37.892  -7.147 0.0000000000
75850  -17.262  -45.808  -7.853 0.0000000000
75851  -17.140  -45.058  -7.628 0.0000000000
75852  -17.237  -44.678  -7.873 0.0000000000
75853  -16.425  -42.006  -8.652 0.0000000000
75854  -16.386  -42.364  -8.270 0.0000000000
75855  -15.857  -41.298  -8.511 0.0000000000
75856  -15.351  -40.575  -8.340 0.0000000000
75857  -15.422  -40.282  -8.670 0.0000000000
75858  -16.901  -40.533  -9.800 0.0000000000
75859  -16.715  -40.937  -9.568 0.0000000000
75860  -16.249  -39.830  -9.719 0.0000000000
75861  -15.581  -38.033  -9.261 0.0000000000
75862  -15.494  -38.688  -9.264 0.0000000000
75863  -15.403  -38.384  -8.937 0.0000000000
75864  -15.247  -38.735  -8.655 0.0000000000
75865  -15.425  -38.156  -8.612 0.0000000000
75866  -15.564  -37.984  -8.232 0.0000000000
75867  -15.731  -37.673  -8.517 0.0000000000
75868  -17.063  -36.712  -8.574 0.0000000000
75869  -16.810  -37.037  -8.271 0.0000000000
75870  -17.719  -36.932  -8.189 0.0000000000
75871  -18.373  -37.351  -7.749 0.0000000000
75872  -18.638  -37.037  -8.085 0.0000000000
75874  -18.922  -36.763  -8.421 0.0000000000
79870  -15.632  -42.467  1.044 0.0000000000
79871  -14.953  -42.654  0.815 0.0000000000
79962  -17.637  -48.090  -6.158 0.0000000000
79963  -17.965  -47.016  -6.158 0.0000000000
79964  -17.405  -47.650  -6.316 0.0000000000
79965  -17.221  -47.213  -6.483 0.0000000000
79966  -16.750  -48.099  -6.293 0.0000000000
79988  -15.743  -48.939  -6.253 0.0000000000
79989  -15.441  -49.363  -6.301 0.0000000000
79990  -15.643  -49.068  -6.727 0.0000000000
91828  -18.603  -41.737  -2.738 0.0000000000
91829  -18.161  -41.809  -2.410 0.0000000000
91830  -19.092  -42.063  -2.266 0.0000000000
91831  -19.430  -42.275  -1.708 0.0000000000
91832  -19.912  -42.197  -2.009 0.0000000000
91833  -20.460  -41.492  -4.234 0.0000000000
91834  -19.979  -41.562  -3.829 0.0000000000
91835  -20.959  -41.879  -3.715 0.0000000000
91836  -22.594  -42.075  -2.014 0.0000000000
91837  -21.709  -42.222  -2.410 0.0000000000
91838  -21.984  -42.143  -1.695 0.0000000000
91839  -21.439  -42.130  -1.381 0.0000000000
91840  -22.327  -41.891  -0.871 0.0000000000
91841  -22.561  -41.604  -0.225 0.0000000000
91842  -23.166  -41.597  -0.468 0.0000000000
91843  -24.737  -40.900  -0.217 0.0000000000
91844  -24.280  -40.889  0.119 0.0000000000
91848  -23.868  -40.054  -7.225 0.0000000000
91849  -23.540  -40.295  -6.826 0.0000000000
91850  -24.442  -40.500  -6.781 0.0000000000
91851  -26.481  -40.978  -4.954 0.0000000000
91852  -25.574  -41.058  -5.386 0.0000000000
91853  -26.047  -41.127  -4.521 0.0000000000
91854  -25.519  -41.279  -4.213 0.0000000000
91855  -26.450  -41.073  -3.693 0.0000000000
91856  -29.631  -39.975  -3.202 0.0000000000
91857  -28.917  -40.268  -3.573 0.0000000000
91858  -29.136  -40.046  -2.814 0.0000000000
91860  -28.026  -40.152  -2.142 0.0000000000
91862  -26.827  -40.677  -2.056 0.0000000000
91863  -26.915  -40.367  -1.407 0.0000000000
93575  -15.346  -42.202  -0.569 0.0000000000
93576  -16.279  -42.314  -0.363 0.0000000000
93577  -15.812  -42.133  -0.838 0.0000000000
93578  -16.265  -42.067  -1.143 0.0000000000
94655  -17.453  -45.034  -6.451 0.0000000000
94656  -16.988  -43.780  -6.449 0.0000000000
94657  -17.193  -44.501  -6.678 0.0000000000
94658  -16.962  -44.043  -6.919 0.0000000000
94659  -16.767  -43.578  -7.266 0.0000000000
97855  -19.684  -39.543  -5.994 0.0000000000
97856  -20.368  -40.159  -5.675 0.0000000000
97857  -20.802  -39.984  -6.009 0.0000000000
97858  -21.798  -40.347  -6.063 0.0000000000
97859  -22.747  -40.690  -6.027 0.0000000000
102175  -22.339  -37.670  -8.854 0.0000000000
102176  -23.116  -38.340  -8.572 0.0000000000
102177  -23.462  -38.054  -8.918 0.0000000000
105406  -14.495  -40.010  -6.725 0.0000000000
105412  -15.611  -38.547  -6.739 0.0000000000
105413  -15.830  -38.255  -7.067 0.0000000000
105414  -16.156  -37.981  -7.372 0.0000000000
105416  -17.264  -44.334  -8.183 0.0000000000
105417  -17.383  -43.947  -8.465 0.0000000000
105418  -16.990  -42.758  -8.713 0.0000000000
105419  -16.468  -41.616  -8.989 0.0000000000
105420  -16.159  -38.385  -10.117 0.0000000000
105421  -15.920  -38.753  -9.833 0.0000000000
105422  -15.875  -37.980  -9.833 0.0000000000
105423  -15.748  -37.674  -9.530 0.0000000000
105424  -15.773  -37.484  -9.209 0.0000000000
105425  -15.911  -37.342  -8.809 0.0000000000
105426  -16.118  -37.015  -9.084 0.0000000000
105427  -16.589  -36.603  -9.001 0.0000000000
105428  -17.304  -36.357  -8.905 0.0000000000
105429  -18.197  -36.337  -8.799 0.0000000000
105430  -17.536  -36.043  -9.219 0.0000000000
107880  -18.761  -47.044  -5.445 0.0000000000
107882  -18.481  -47.821  -5.762 0.0000000000
115001  -16.849  -41.133  -2.955 0.0000000000
115002  -17.336  -41.082  -3.248 0.0000000000
115003  -18.263  -41.386  -3.229 0.0000000000
115004  -19.068  -41.658  -3.093 0.0000000000
115005  -22.313  -41.949  -3.885 0.0000000000
115006  -21.817  -42.070  -3.496 0.0000000000
115007  -22.707  -42.074  -3.293 0.0000000000
115008  -23.029  -42.039  -2.460 0.0000000000
115009  -23.389  -41.861  -1.536 0.0000000000
115010  -23.597  -41.588  -0.829 0.0000000000
115011  -24.110  -41.552  -1.194 0.0000000000
115012  -24.738  -41.190  -0.836 0.0000000000
115013  -25.315  -40.750  -0.500 0.0000000000
115014  -25.935  -40.466  -6.785 0.0000000000
115015  -25.505  -40.660  -6.501 0.0000000000
115016  -26.470  -40.710  -6.085 0.0000000000
115017  -26.928  -40.805  -5.303 0.0000000000
115018  -27.339  -40.814  -4.478 0.0000000000
118499  -16.678  -41.911  1.501 0.0000000000
118501  -17.109  -41.941  1.278 0.0000000000
118504  -17.074  -42.350  -0.064 0.0000000000
118508  -19.462  -42.130  -0.080 0.0000000000
118509  -19.918  -42.150  -0.401 0.0000000000
121019  -15.329  -42.583  -5.401 0.0000000000
121021  -15.084  -42.095  -5.780 0.0000000000
121022  -14.880  -41.675  -6.111 0.0000000000
121023  -14.736  -41.187  -6.432 0.0000000000
121024  -16.101  -42.630  -6.575 0.0000000000
121025  -15.270  -41.632  -6.721 0.0000000000
121026  -14.690  -40.757  -6.751 0.0000000000
121027  -14.702  -40.373  -7.072 0.0000000000
121028  -14.733  -40.010  -7.437 0.0000000000
121029  -14.795  -39.700  -7.788 0.0000000000
121033  -17.680  -41.374  -9.733 0.0000000000
121034  -17.123  -40.078  -10.051 0.0000000000
121037  -16.651  -38.977  -10.272 0.0000000000
122904  -13.120  -43.708  2.190 0.0000000000
122905  -13.248  -43.511  1.889 0.0000000000
128486  -18.585  -40.748  -4.234 0.0000000000
128487  -19.022  -40.596  -4.601 0.0000000000
128488  -20.046  -41.035  -4.625 0.0000000000
128489  -20.927  -41.415  -4.598 0.0000000000
128490  -20.918  -40.743  -5.350 0.0000000000
128491  -21.381  -41.269  -4.947 0.0000000000
128492  -21.866  -41.686  -4.455 0.0000000000
128493  -22.770  -41.782  -4.213 0.0000000000
128494  -23.686  -41.769  -3.912 0.0000000000
128495  -24.528  -41.632  -3.479 0.0000000000
128497  -29.059  -40.301  -4.839 0.0000000000
128498  -29.744  -40.057  -4.393 0.0000000000
128499  -30.005  -39.825  -3.510 0.0000000000
130865  -16.468  -47.410  -7.236 0.0000000000
130866  -16.833  -46.547  -7.337 0.0000000000
130867  -16.713  -47.085  -7.576 0.0000000000
130868  -17.017  -46.821  -7.839 0.0000000000
144201  -14.865  -40.605  -3.145 0.0000000000
144204  -15.280  -40.480  -3.459 0.0000000000
144206  -16.271  -40.218  -4.120 0.0000000000
144217  -17.473  -39.788  -5.059 0.0000000000
144218  -17.887  -39.646  -5.371 0.0000000000
144219  -18.293  -39.434  -5.713 0.0000000000
144221  -17.784  -38.957  -6.046 0.0000000000
144222  -18.675  -39.243  -5.988 0.0000000000
144223  -19.086  -38.996  -6.292 0.0000000000
144224  -19.462  -38.762  -6.619 0.0000000000
144226  -17.095  -45.497  -7.391 0.0000000000
144227  -17.033  -44.347  -7.434 0.0000000000
144228  -16.622  -43.190  -7.562 0.0000000000
144229  -16.883  -43.554  -8.055 0.0000000000
144230  -16.449  -42.755  -7.919 0.0000000000
144231  -15.923  -41.985  -7.833 0.0000000000
144232  -15.401  -40.979  -8.032 0.0000000000
144233  -15.004  -40.078  -8.081 0.0000000000
144234  -14.951  -39.367  -8.081 0.0000000000
144235  -17.233  -42.043  -9.275 0.0000000000
144236  -16.592  -41.284  -9.273 0.0000000000
144237  -15.982  -40.556  -9.195 0.0000000000
144238  -15.765  -39.193  -9.530 0.0000000000
144239  -15.622  -39.576  -9.251 0.0000000000
144240  -15.502  -39.929  -8.971 0.0000000000
144241  -15.234  -39.400  -8.685 0.0000000000
144242  -15.101  -39.060  -8.367 0.0000000000
144243  -15.063  -38.807  -8.009 0.0000000000
144244  -15.359  -38.307  -7.982 0.0000000000
144245  -15.802  -37.930  -7.829 0.0000000000
144246  -16.401  -37.671  -7.695 0.0000000000
144247  -16.179  -37.272  -8.386 0.0000000000
144248  -16.612  -37.341  -7.972 0.0000000000
144249  -17.163  -37.545  -7.541 0.0000000000
144250  -18.052  -37.618  -7.445 0.0000000000
144255  -21.062  -37.491  -8.435 0.0000000000
144259  -21.579  -36.901  -9.131 0.0000000000
149190  -17.078  -44.052  -5.614 0.0000000000
149191  -17.570  -44.713  -5.947 0.0000000000
149192  -18.261  -46.270  -5.882 0.0000000000
149193  -17.989  -45.852  -6.061 0.0000000000
149194  -17.689  -45.464  -6.254 0.0000000000
149195  -17.506  -46.209  -6.518 0.0000000000
149196  -17.078  -46.779  -6.677 0.0000000000
149197  -16.647  -47.298  -6.759 0.0000000000
149221  -16.248  -48.941  -6.017 0.0000000000
149222  -16.205  -48.517  -6.284 0.0000000000
149223  -16.214  -48.125  -6.569 0.0000000000
149224  -16.241  -47.787  -6.889 0.0000000000
149225  -16.050  -48.249  -7.009 0.0000000000
149226  -15.900  -48.791  -7.169 0.0000000000
163441  -17.319  -41.534  -2.541 0.0000000000
163442  -17.767  -41.916  -2.099 0.0000000000
163443  -18.174  -42.227  -1.586 0.0000000000
163444  -18.956  -42.313  -1.338 0.0000000000
163445  -19.707  -42.287  -1.034 0.0000000000
163446  -20.399  -42.118  -0.705 0.0000000000
163447  -19.073  -41.216  -3.846 0.0000000000
163448  -19.435  -41.605  -3.444 0.0000000000
163449  -19.946  -41.918  -2.919 0.0000000000
163450  -21.398  -42.139  -3.097 0.0000000000
163451  -20.871  -42.162  -2.680 0.0000000000
163452  -20.372  -42.144  -2.326 0.0000000000
163453  -20.745  -42.239  -1.678 0.0000000000
163454  -20.954  -42.100  -1.004 0.0000000000
163455  -21.205  -41.897  -0.365 0.0000000000
163456  -21.964  -41.592  0.043 0.0000000000
163459  -23.709  -41.246  -0.165 0.0000000000
163466  -23.172  -40.527  -6.414 0.0000000000
163467  -23.654  -40.919  -5.958 0.0000000000
163468  -25.050  -40.846  -6.152 0.0000000000
163469  -24.581  -41.009  -5.771 0.0000000000
163470  -24.154  -41.205  -5.398 0.0000000000
163471  -24.628  -41.383  -4.633 0.0000000000
163472  -25.031  -41.462  -3.806 0.0000000000
163473  -25.386  -41.406  -2.996 0.0000000000
163474  -28.611  -40.445  -4.458 0.0000000000
163475  -28.149  -40.593  -4.052 0.0000000000
163476  -27.698  -40.740  -3.619 0.0000000000
163478  -27.888  -40.504  -2.861 0.0000000000
163479  -27.207  -40.792  -3.143 0.0000000000
163480  -26.731  -40.907  -2.811 0.0000000000
163481  -26.203  -41.061  -2.466 0.0000000000
