#!ascii label  , from subject fsaverage vox2ras=TkReg
469
586  -6.428  -61.653  17.627 0.0000000000
587  -8.172  -58.145  11.516 0.0000000000
1325  -6.459  -54.956  9.519 0.0000000000
1527  -11.029  -51.608  6.130 0.0000000000
1528  -14.436  -51.076  4.318 0.0000000000
2397  -7.025  -59.881  14.498 0.0000000000
2425  -8.718  -53.260  7.990 0.0000000000
2426  -11.432  -56.374  10.306 0.0000000000
3504  -13.433  -53.293  7.582 0.0000000000
5348  -4.659  -59.569  14.900 0.0000000000
5349  -6.640  -60.871  16.100 0.0000000000
5417  -7.062  -56.932  9.978 0.0000000000
5418  -8.598  -56.033  9.273 0.0000000000
5419  -9.776  -57.485  10.492 0.0000000000
6951  -10.273  -62.023  21.149 0.0000000000
6952  -9.917  -60.777  19.889 0.0000000000
6953  -9.923  -59.709  18.512 0.0000000000
6996  -5.569  -57.746  11.572 0.0000000000
7403  -12.824  -51.431  5.341 0.0000000000
8594  -11.266  -48.896  3.341 0.0000000000
8595  -12.132  -48.326  2.261 0.0000000000
9748  -5.010  -58.804  13.198 0.0000000000
9749  -7.538  -58.854  13.007 0.0000000000
9750  -9.927  -58.811  17.005 0.0000000000
9751  -10.344  -58.163  15.156 0.0000000000
9830  -9.937  -52.502  7.091 0.0000000000
9831  -11.888  -53.925  8.900 0.0000000000
9833  -10.149  -54.791  9.430 0.0000000000
13023  -6.250  -62.143  18.432 0.0000000000
13027  -5.151  -61.347  16.871 0.0000000000
13028  -5.238  -61.030  16.035 0.0000000000
13029  -6.535  -61.273  16.855 0.0000000000
13097  -7.593  -57.610  10.742 0.0000000000
13098  -8.394  -57.217  10.164 0.0000000000
13099  -8.971  -57.829  10.934 0.0000000000
13100  -10.459  -58.035  11.087 0.0000000000
13101  -9.677  -58.213  11.637 0.0000000000
15426  -10.055  -61.366  20.508 0.0000000000
15427  -12.011  -60.374  20.651 0.0000000000
15500  -5.604  -56.677  11.294 0.0000000000
15501  -5.294  -56.860  12.403 0.0000000000
16270  -10.615  -50.549  5.113 0.0000000000
16271  -11.999  -51.554  5.785 0.0000000000
18947  -12.197  -50.327  4.275 0.0000000000
18948  -10.699  -49.091  3.844 0.0000000000
18949  -12.849  -50.129  3.802 0.0000000000
18953  -12.394  -47.940  1.684 0.0000000000
21805  -5.489  -60.161  14.377 0.0000000000
21806  -4.846  -59.215  14.049 0.0000000000
21807  -5.711  -59.658  13.528 0.0000000000
21808  -5.996  -59.242  12.810 0.0000000000
21809  -7.247  -59.375  13.746 0.0000000000
21811  -9.978  -59.260  17.806 0.0000000000
21816  -10.667  -58.127  14.174 0.0000000000
22009  -9.363  -52.889  7.607 0.0000000000
22010  -11.018  -53.220  8.065 0.0000000000
22011  -10.201  -53.606  8.475 0.0000000000
22015  -9.932  -56.225  9.803 0.0000000000
22016  -9.415  -55.426  9.312 0.0000000000
22017  -10.719  -55.607  9.896 0.0000000000
22018  -11.687  -55.071  9.884 0.0000000000
22019  -12.417  -55.851  10.234 0.0000000000
24738  -12.306  -52.493  6.900 0.0000000000
24739  -13.268  -52.432  6.449 0.0000000000
28059  -4.564  -59.974  15.708 0.0000000000
28060  -5.390  -60.632  15.173 0.0000000000
28061  -6.870  -60.392  15.322 0.0000000000
28183  -6.662  -56.065  9.590 0.0000000000
28184  -7.304  -55.638  9.079 0.0000000000
28185  -7.810  -56.489  9.515 0.0000000000
28186  -9.143  -56.807  9.812 0.0000000000
28187  -10.585  -57.005  10.267 0.0000000000
28189  -11.329  -57.620  10.625 0.0000000000
31578  -10.428  -62.736  21.657 0.0000000000
31579  -8.088  -62.921  20.893 0.0000000000
31580  -7.982  -62.376  20.239 0.0000000000
31581  -8.003  -61.887  19.506 0.0000000000
31582  -8.095  -61.331  18.779 0.0000000000
31583  -8.113  -60.878  18.010 0.0000000000
31584  -9.922  -60.179  19.238 0.0000000000
31585  -11.730  -59.120  19.464 0.0000000000
31684  -6.076  -56.386  10.349 0.0000000000
31685  -6.284  -57.376  10.673 0.0000000000
31686  -6.703  -58.067  11.355 0.0000000000
32706  -11.419  -50.455  4.718 0.0000000000
32707  -13.652  -51.266  4.844 0.0000000000
32708  -14.183  -52.280  5.952 0.0000000000
36041  -13.421  -49.848  3.219 0.0000000000
36042  -11.732  -48.679  2.794 0.0000000000
36044  -10.762  -46.910  2.354 0.0000000000
36045  -11.009  -46.537  1.827 0.0000000000
36046  -11.158  -46.077  1.328 0.0000000000
39480  -4.826  -58.017  15.037 0.0000000000
39481  -4.923  -57.715  14.166 0.0000000000
39482  -5.057  -57.302  13.297 0.0000000000
39483  -5.219  -58.285  12.339 0.0000000000
39484  -6.366  -58.626  12.092 0.0000000000
39485  -7.847  -58.442  12.213 0.0000000000
39486  -8.202  -60.404  17.288 0.0000000000
39487  -8.327  -59.946  16.618 0.0000000000
39488  -8.516  -59.448  15.822 0.0000000000
39490  -10.131  -58.405  16.095 0.0000000000
39491  -8.736  -59.009  15.005 0.0000000000
39492  -9.023  -58.678  14.083 0.0000000000
39493  -9.257  -58.467  13.141 0.0000000000
39494  -9.508  -58.370  12.350 0.0000000000
39495  -11.108  -58.427  12.381 0.0000000000
39726  -10.582  -52.029  6.651 0.0000000000
39727  -11.647  -52.847  7.514 0.0000000000
39728  -12.760  -53.632  8.261 0.0000000000
39729  -13.637  -54.339  8.880 0.0000000000
39733  -8.101  -55.177  8.853 0.0000000000
39734  -8.845  -54.570  8.772 0.0000000000
39735  -9.497  -54.005  8.733 0.0000000000
39736  -10.911  -54.268  9.285 0.0000000000
39737  -12.716  -54.666  9.510 0.0000000000
43743  -6.347  -61.844  18.023 0.0000000000
43745  -5.662  -61.794  17.605 0.0000000000
43746  -5.042  -61.537  17.305 0.0000000000
43747  -5.738  -61.596  17.201 0.0000000000
43748  -5.761  -61.462  16.750 0.0000000000
43749  -6.442  -61.472  17.211 0.0000000000
43817  -7.876  -57.905  11.119 0.0000000000
43818  -8.302  -57.715  10.825 0.0000000000
43819  -8.600  -58.014  11.222 0.0000000000
43820  -9.296  -58.077  11.311 0.0000000000
43821  -8.947  -58.178  11.585 0.0000000000
46146  -12.153  -60.732  20.915 0.0000000000
46220  -5.501  -56.327  12.373 0.0000000000
46989  -10.402  -51.190  5.766 0.0000000000
46990  -10.943  -51.156  5.654 0.0000000000
46991  -11.575  -51.613  6.010 0.0000000000
49667  -13.311  -50.723  4.309 0.0000000000
49668  -12.533  -50.226  4.039 0.0000000000
49669  -13.663  -50.608  4.053 0.0000000000
52525  -6.237  -60.107  14.390 0.0000000000
52526  -5.647  -59.895  13.989 0.0000000000
52527  -6.352  -59.889  13.972 0.0000000000
52528  -6.465  -59.576  13.623 0.0000000000
52529  -7.144  -59.621  14.131 0.0000000000
52729  -9.047  -53.082  7.822 0.0000000000
52730  -9.801  -53.255  8.044 0.0000000000
52731  -9.425  -53.456  8.197 0.0000000000
52734  -6.724  -54.812  9.172 0.0000000000
52735  -10.661  -56.297  10.093 0.0000000000
52736  -10.341  -55.920  9.878 0.0000000000
52737  -11.038  -55.969  10.140 0.0000000000
52738  -11.560  -55.710  10.128 0.0000000000
52739  -11.923  -56.095  10.276 0.0000000000
56589  -12.874  -52.916  7.281 0.0000000000
56590  -13.392  -52.880  7.037 0.0000000000
56591  -13.938  -53.265  7.311 0.0000000000
62123  -4.541  -59.408  16.195 0.0000000000
62124  -4.523  -60.148  16.168 0.0000000000
62125  -5.818  -61.121  15.958 0.0000000000
62126  -5.306  -60.859  15.585 0.0000000000
62127  -5.956  -60.867  15.569 0.0000000000
62128  -6.062  -60.644  15.150 0.0000000000
62129  -6.726  -60.683  15.692 0.0000000000
62332  -6.844  -56.524  9.740 0.0000000000
62333  -7.192  -56.344  9.463 0.0000000000
62334  -7.451  -56.782  9.719 0.0000000000
62335  -9.058  -57.349  10.300 0.0000000000
62336  -8.764  -57.017  9.966 0.0000000000
62337  -9.457  -57.147  10.187 0.0000000000
62338  -9.839  -56.911  10.057 0.0000000000
62339  -10.195  -57.264  10.368 0.0000000000
62340  -10.950  -57.356  10.543 0.0000000000
62341  -10.518  -57.575  10.609 0.0000000000
69307  -9.159  -63.496  21.794 0.0000000000
69311  -11.438  -61.887  21.402 0.0000000000
69313  -10.371  -62.358  21.401 0.0000000000
69314  -9.229  -62.806  21.322 0.0000000000
69315  -9.170  -62.480  21.052 0.0000000000
69316  -8.016  -62.660  20.581 0.0000000000
69317  -9.092  -62.187  20.745 0.0000000000
69318  -9.925  -61.061  20.211 0.0000000000
69319  -8.984  -61.624  20.037 0.0000000000
69320  -8.964  -61.355  19.724 0.0000000000
69321  -8.061  -61.618  19.179 0.0000000000
69322  -8.993  -61.055  19.387 0.0000000000
69323  -8.981  -60.774  18.978 0.0000000000
69324  -9.908  -60.478  19.589 0.0000000000
69326  -11.754  -59.420  19.813 0.0000000000
69540  -6.068  -55.815  10.312 0.0000000000
69541  -5.870  -55.983  10.716 0.0000000000
69542  -5.550  -57.232  11.385 0.0000000000
69543  -5.837  -57.073  10.909 0.0000000000
69544  -5.878  -57.583  11.070 0.0000000000
69545  -6.460  -57.739  10.994 0.0000000000
69546  -6.046  -58.009  11.397 0.0000000000
71847  -11.719  -51.012  5.218 0.0000000000
71848  -11.027  -50.500  4.924 0.0000000000
71849  -12.126  -50.955  5.024 0.0000000000
71850  -12.542  -50.902  4.801 0.0000000000
71851  -13.244  -51.339  5.096 0.0000000000
71852  -14.325  -52.776  6.485 0.0000000000
71853  -13.708  -52.371  6.219 0.0000000000
79880  -10.982  -48.985  3.593 0.0000000000
79884  -10.586  -48.185  3.297 0.0000000000
79886  -14.296  -50.385  3.465 0.0000000000
79888  -13.001  -48.951  2.410 0.0000000000
79889  -12.757  -49.102  2.704 0.0000000000
79890  -11.953  -48.513  2.527 0.0000000000
79891  -10.976  -47.971  2.725 0.0000000000
79892  -11.162  -47.798  2.487 0.0000000000
79893  -10.571  -47.074  2.608 0.0000000000
79894  -11.328  -47.630  2.230 0.0000000000
79895  -12.489  -47.695  1.409 0.0000000000
79896  -11.582  -47.247  1.664 0.0000000000
79897  -11.659  -46.997  1.389 0.0000000000
79898  -11.082  -46.290  1.599 0.0000000000
79899  -11.742  -46.758  1.126 0.0000000000
88455  -4.568  -59.023  15.365 0.0000000000
88457  -4.646  -58.831  14.948 0.0000000000
88458  -4.941  -59.023  13.607 0.0000000000
88459  -4.788  -58.520  14.032 0.0000000000
88460  -4.848  -58.338  13.606 0.0000000000
88461  -4.961  -57.502  13.751 0.0000000000
88462  -4.930  -58.079  13.210 0.0000000000
88463  -5.007  -57.830  12.744 0.0000000000
88464  -5.109  -58.543  12.798 0.0000000000
88465  -6.740  -59.060  12.930 0.0000000000
88466  -6.162  -58.903  12.507 0.0000000000
88467  -6.865  -58.796  12.579 0.0000000000
88468  -7.078  -58.513  12.140 0.0000000000
88469  -7.689  -58.590  12.619 0.0000000000
88470  -9.018  -60.305  18.264 0.0000000000
88471  -8.160  -60.656  17.654 0.0000000000
88472  -9.018  -60.108  17.913 0.0000000000
88473  -9.983  -59.018  17.418 0.0000000000
88474  -9.130  -59.597  17.225 0.0000000000
88475  -9.147  -59.370  16.839 0.0000000000
88476  -8.402  -59.706  16.234 0.0000000000
88477  -9.197  -59.135  16.439 0.0000000000
88483  -10.229  -58.249  15.647 0.0000000000
88484  -9.430  -58.700  15.578 0.0000000000
88485  -9.519  -58.542  15.129 0.0000000000
88486  -8.884  -58.850  14.530 0.0000000000
88487  -9.689  -58.427  14.640 0.0000000000
88488  -10.825  -58.203  13.662 0.0000000000
88489  -9.990  -58.320  13.667 0.0000000000
88490  -10.103  -58.317  13.188 0.0000000000
88491  -9.433  -58.385  12.742 0.0000000000
88492  -10.211  -58.355  12.764 0.0000000000
88493  -10.283  -58.365  12.371 0.0000000000
89065  -9.146  -52.289  6.954 0.0000000000
89068  -9.743  -51.858  6.504 0.0000000000
89069  -10.243  -52.241  6.914 0.0000000000
89070  -11.112  -52.437  7.083 0.0000000000
89071  -10.772  -52.644  7.326 0.0000000000
89072  -11.462  -53.571  8.504 0.0000000000
89073  -11.893  -53.400  8.217 0.0000000000
89074  -12.328  -53.772  8.608 0.0000000000
89075  -13.206  -54.009  8.587 0.0000000000
89076  -12.785  -54.135  8.965 0.0000000000
89085  -7.946  -55.851  9.125 0.0000000000
89086  -7.708  -55.423  8.913 0.0000000000
89087  -8.345  -55.595  9.053 0.0000000000
89088  -9.775  -55.066  9.371 0.0000000000
89089  -9.161  -54.992  9.035 0.0000000000
89090  -9.495  -54.661  9.101 0.0000000000
89091  -9.137  -54.250  8.757 0.0000000000
89092  -9.844  -54.401  9.126 0.0000000000
89093  -10.201  -54.157  9.043 0.0000000000
89094  -10.540  -54.544  9.429 0.0000000000
89096  -12.179  -54.851  9.746 0.0000000000
97169  -6.181  -62.363  18.858 0.0000000000
97171  -5.465  -62.238  18.444 0.0000000000
97176  -4.627  -61.068  17.110 0.0000000000
97177  -4.717  -60.887  16.681 0.0000000000
97178  -4.719  -60.768  16.254 0.0000000000
97179  -5.182  -61.246  16.419 0.0000000000
97180  -5.823  -61.258  16.387 0.0000000000
97181  -6.576  -61.125  16.463 0.0000000000
97303  -7.295  -57.284  10.365 0.0000000000
97304  -7.725  -57.089  10.057 0.0000000000
97305  -8.002  -57.402  10.437 0.0000000000
97306  -8.679  -57.520  10.536 0.0000000000
97307  -9.358  -57.661  10.672 0.0000000000
97308  -10.085  -57.778  10.802 0.0000000000
97309  -9.671  -57.972  11.067 0.0000000000
97310  -10.072  -58.147  11.362 0.0000000000
101494  -10.157  -61.681  20.846 0.0000000000
101496  -11.054  -60.855  20.623 0.0000000000
101497  -10.937  -60.541  20.313 0.0000000000
101498  -10.850  -60.234  20.030 0.0000000000
101628  -5.736  -56.098  11.242 0.0000000000
101629  -5.592  -56.223  11.823 0.0000000000
101630  -5.430  -56.800  11.828 0.0000000000
101631  -5.311  -57.341  11.917 0.0000000000
103014  -11.321  -51.073  5.416 0.0000000000
103015  -12.399  -51.484  5.546 0.0000000000
107831  -11.102  -49.850  4.224 0.0000000000
107833  -11.445  -49.753  4.018 0.0000000000
107834  -11.735  -49.642  3.793 0.0000000000
107835  -12.011  -49.529  3.546 0.0000000000
107841  -12.267  -48.137  1.971 0.0000000000
112977  -4.999  -59.947  14.579 0.0000000000
112978  -4.762  -59.372  14.489 0.0000000000
112979  -5.089  -59.779  14.137 0.0000000000
112980  -5.213  -59.534  13.733 0.0000000000
112981  -5.281  -59.363  13.258 0.0000000000
112982  -5.420  -59.113  12.913 0.0000000000
112983  -5.885  -59.419  13.204 0.0000000000
112984  -6.591  -59.351  13.268 0.0000000000
112985  -7.417  -59.104  13.397 0.0000000000
112986  -10.827  -59.129  18.689 0.0000000000
112987  -9.936  -59.496  18.150 0.0000000000
112988  -10.844  -58.881  18.339 0.0000000000
112989  -10.840  -58.673  17.938 0.0000000000
112990  -10.813  -58.444  17.569 0.0000000000
112996  -10.527  -58.096  14.662 0.0000000000
112997  -11.320  -57.914  14.635 0.0000000000
112998  -11.437  -57.993  14.170 0.0000000000
112999  -11.608  -58.117  13.670 0.0000000000
113345  -9.656  -52.697  7.361 0.0000000000
113346  -10.503  -52.868  7.579 0.0000000000
113347  -10.168  -53.061  7.827 0.0000000000
113348  -10.642  -53.412  8.326 0.0000000000
113349  -11.018  -53.749  8.754 0.0000000000
113355  -9.241  -56.141  9.488 0.0000000000
113356  -8.995  -55.739  9.263 0.0000000000
113357  -9.643  -55.847  9.592 0.0000000000
113358  -10.039  -55.518  9.629 0.0000000000
113359  -10.441  -55.185  9.678 0.0000000000
113360  -10.838  -54.950  9.742 0.0000000000
113361  -11.225  -55.310  9.955 0.0000000000
113362  -12.076  -55.454  10.076 0.0000000000
119160  -11.670  -52.037  6.517 0.0000000000
119161  -12.190  -52.042  6.351 0.0000000000
119162  -12.802  -52.469  6.682 0.0000000000
119163  -13.894  -52.833  6.783 0.0000000000
126909  -4.757  -58.596  16.320 0.0000000000
126910  -4.548  -59.221  15.768 0.0000000000
126911  -4.603  -59.761  15.300 0.0000000000
126912  -4.815  -60.587  15.813 0.0000000000
126913  -4.866  -60.388  15.364 0.0000000000
126914  -4.902  -60.176  14.960 0.0000000000
126915  -5.442  -60.379  14.788 0.0000000000
126916  -6.163  -60.378  14.788 0.0000000000
126917  -6.950  -60.133  14.911 0.0000000000
127201  -6.514  -55.563  9.526 0.0000000000
127202  -6.824  -55.356  9.230 0.0000000000
127203  -6.978  -55.861  9.325 0.0000000000
127204  -7.529  -56.058  9.244 0.0000000000
127205  -8.195  -56.268  9.352 0.0000000000
127206  -8.099  -56.885  9.822 0.0000000000
127207  -8.465  -56.663  9.616 0.0000000000
127208  -8.853  -56.432  9.498 0.0000000000
127209  -9.509  -56.527  9.748 0.0000000000
127210  -10.237  -56.616  10.029 0.0000000000
127211  -10.977  -56.681  10.324 0.0000000000
127212  -11.806  -56.776  10.413 0.0000000000
127213  -11.375  -57.067  10.457 0.0000000000
127216  -10.847  -57.849  10.834 0.0000000000
136181  -9.221  -63.198  21.581 0.0000000000
136182  -8.111  -63.216  21.187 0.0000000000
136184  -6.985  -63.032  20.430 0.0000000000
136186  -6.978  -62.548  19.705 0.0000000000
136187  -9.002  -61.877  20.406 0.0000000000
136188  -7.966  -62.138  19.860 0.0000000000
136189  -7.026  -62.307  19.337 0.0000000000
136190  -7.091  -62.080  18.976 0.0000000000
136191  -7.157  -61.781  18.576 0.0000000000
136192  -7.187  -61.531  18.146 0.0000000000
136193  -7.250  -61.342  17.781 0.0000000000
136194  -8.101  -61.086  18.369 0.0000000000
136195  -8.998  -60.523  18.614 0.0000000000
136196  -9.932  -59.929  18.869 0.0000000000
136197  -10.845  -59.931  19.721 0.0000000000
136198  -10.853  -59.609  19.424 0.0000000000
136199  -10.823  -59.364  19.054 0.0000000000
136200  -11.710  -58.840  19.133 0.0000000000
136468  -6.276  -55.680  9.878 0.0000000000
136469  -6.325  -56.226  9.900 0.0000000000
136470  -6.495  -56.698  10.048 0.0000000000
136471  -5.842  -56.533  10.797 0.0000000000
136472  -6.154  -56.902  10.447 0.0000000000
136473  -6.686  -57.131  10.334 0.0000000000
136474  -6.888  -57.517  10.648 0.0000000000
136475  -7.106  -57.811  10.984 0.0000000000
136476  -7.392  -58.069  11.420 0.0000000000
139335  -10.341  -49.955  4.669 0.0000000000
139336  -10.700  -49.897  4.439 0.0000000000
139337  -11.806  -50.406  4.496 0.0000000000
139338  -12.939  -50.825  4.557 0.0000000000
139339  -14.049  -51.194  4.576 0.0000000000
139340  -12.647  -52.004  6.150 0.0000000000
139341  -13.058  -51.928  5.908 0.0000000000
139342  -13.515  -51.853  5.646 0.0000000000
139345  -13.945  -51.773  5.373 0.0000000000
139346  -14.354  -51.701  5.121 0.0000000000
149099  -13.982  -50.496  3.755 0.0000000000
149100  -13.122  -49.976  3.523 0.0000000000
149101  -12.299  -49.439  3.286 0.0000000000
149102  -13.657  -49.689  2.920 0.0000000000
149103  -12.527  -49.265  2.996 0.0000000000
149104  -11.530  -48.809  3.098 0.0000000000
149105  -10.787  -48.081  3.026 0.0000000000
149111  -11.465  -47.451  1.945 0.0000000000
149112  -10.903  -46.726  2.100 0.0000000000
149142  -11.282  -45.869  1.043 0.0000000000
159399  -4.706  -58.658  14.502 0.0000000000
159400  -4.840  -57.842  14.578 0.0000000000
159401  -5.185  -57.025  14.814 0.0000000000
159402  -5.246  -56.898  14.367 0.0000000000
159403  -5.304  -56.734  13.899 0.0000000000
159405  -5.174  -57.078  12.844 0.0000000000
159406  -5.154  -57.588  12.311 0.0000000000
159407  -5.371  -58.025  11.943 0.0000000000
159408  -5.516  -58.862  12.516 0.0000000000
159409  -5.722  -58.565  12.142 0.0000000000
159410  -5.883  -58.275  11.764 0.0000000000
159411  -6.556  -58.331  11.692 0.0000000000
159412  -7.260  -58.304  11.754 0.0000000000
159413  -8.020  -58.271  11.850 0.0000000000
159414  -7.299  -61.128  17.411 0.0000000000
159415  -7.374  -60.931  17.055 0.0000000000
159416  -7.412  -60.685  16.684 0.0000000000
159417  -9.068  -59.854  17.556 0.0000000000
159418  -8.253  -60.159  16.940 0.0000000000
159419  -7.482  -60.471  16.338 0.0000000000
159420  -7.590  -60.230  15.964 0.0000000000
159421  -7.709  -59.987  15.556 0.0000000000
159422  -7.787  -59.719  15.156 0.0000000000
159425  -10.811  -58.295  17.074 0.0000000000
159428  -10.008  -58.614  16.543 0.0000000000
159429  -9.330  -58.900  15.998 0.0000000000
159430  -8.626  -59.224  15.428 0.0000000000
159431  -7.893  -59.488  14.746 0.0000000000
159432  -8.023  -59.259  14.354 0.0000000000
159433  -8.152  -59.042  13.932 0.0000000000
159434  -8.287  -58.842  13.508 0.0000000000
159435  -9.848  -58.306  14.184 0.0000000000
159436  -9.135  -58.538  13.598 0.0000000000
159437  -8.393  -58.607  13.087 0.0000000000
159438  -8.559  -58.481  12.689 0.0000000000
159439  -8.726  -58.375  12.284 0.0000000000
159440  -8.815  -58.295  11.917 0.0000000000
159441  -9.588  -58.298  11.977 0.0000000000
159442  -10.355  -58.364  11.972 0.0000000000
160125  -10.150  -51.380  6.008 0.0000000000
160133  -9.985  -51.589  6.270 0.0000000000
160134  -10.828  -51.802  6.381 0.0000000000
160135  -11.447  -52.244  6.796 0.0000000000
160136  -12.013  -52.670  7.245 0.0000000000
160137  -12.558  -53.073  7.629 0.0000000000
160138  -11.347  -53.032  7.769 0.0000000000
160139  -12.238  -53.227  7.899 0.0000000000
160140  -13.115  -53.456  7.933 0.0000000000
160141  -13.640  -53.840  8.243 0.0000000000
160142  -14.072  -54.190  8.514 0.0000000000
160153  -7.151  -55.173  8.965 0.0000000000
160154  -7.489  -55.019  8.741 0.0000000000
160155  -7.864  -54.744  8.668 0.0000000000
160156  -8.756  -55.316  9.039 0.0000000000
160157  -8.502  -54.889  8.807 0.0000000000
160158  -8.198  -54.453  8.568 0.0000000000
160159  -8.479  -54.152  8.472 0.0000000000
160160  -8.802  -53.867  8.435 0.0000000000
160161  -9.121  -53.656  8.353 0.0000000000
160162  -9.836  -53.804  8.629 0.0000000000
160163  -10.591  -53.954  8.908 0.0000000000
160164  -11.435  -54.097  9.122 0.0000000000
160165  -11.298  -54.675  9.633 0.0000000000
160166  -11.816  -54.461  9.450 0.0000000000
160167  -12.343  -54.286  9.252 0.0000000000
160168  -13.235  -54.497  9.212 0.0000000000
