#!ascii label  , from subject fsaverage vox2ras=TkReg
1409
63  -48.559  -28.224  19.329 0.0000000000
280  -39.489  -30.344  22.164 0.0000000000
281  -40.571  -36.991  20.229 0.0000000000
395  -37.572  -23.185  20.452 0.0000000000
396  -32.893  -22.291  17.582 0.0000000000
403  -45.711  -20.723  19.403 0.0000000000
760  -34.721  -31.841  21.018 0.0000000000
899  -42.218  -18.059  19.186 0.0000000000
900  -39.571  -17.113  20.950 0.0000000000
912  -45.374  -18.149  15.975 0.0000000000
913  -41.323  -22.454  19.116 0.0000000000
1202  -50.101  -31.677  19.054 0.0000000000
1656  -44.255  -29.025  21.072 0.0000000000
1657  -44.605  -33.147  17.911 0.0000000000
1658  -40.015  -34.218  18.670 0.0000000000
1883  -33.443  -28.267  20.492 0.0000000000
1885  -34.520  -22.755  20.335 0.0000000000
1886  -36.557  -16.305  20.530 0.0000000000
1901  -47.290  -24.719  22.245 0.0000000000
1902  -42.776  -25.408  22.296 0.0000000000
1903  -37.936  -26.977  22.125 0.0000000000
2275  -44.676  -34.486  23.131 0.0000000000
2681  -34.139  -34.013  18.096 0.0000000000
2819  -44.910  -16.033  18.969 0.0000000000
2820  -43.616  -15.229  19.821 0.0000000000
2833  -43.811  -18.066  17.652 0.0000000000
3122  -49.322  -29.950  17.745 0.0000000000
3720  -41.936  -29.623  21.933 0.0000000000
3721  -42.215  -31.416  19.811 0.0000000000
3722  -39.898  -32.286  20.534 0.0000000000
4139  -35.356  -25.965  20.857 0.0000000000
4140  -33.830  -25.789  20.084 0.0000000000
4141  -35.980  -23.052  20.706 0.0000000000
4143  -38.056  -16.638  21.012 0.0000000000
4144  -38.826  -13.540  20.584 0.0000000000
4175  -48.052  -20.029  20.130 0.0000000000
4176  -48.687  -22.187  21.905 0.0000000000
4177  -46.448  -22.361  21.807 0.0000000000
4178  -45.069  -24.922  22.257 0.0000000000
4179  -44.132  -22.831  21.507 0.0000000000
4180  -39.351  -22.800  19.692 0.0000000000
4181  -39.810  -24.596  21.149 0.0000000000
4182  -37.482  -25.355  21.181 0.0000000000
4183  -35.566  -27.806  21.562 0.0000000000
4972  -31.891  -25.208  17.170 0.0000000000
5048  -42.351  -35.061  19.302 0.0000000000
5049  -44.850  -34.126  20.196 0.0000000000
5050  -42.349  -35.665  21.923 0.0000000000
5976  -36.990  -31.204  21.886 0.0000000000
5977  -37.548  -33.211  20.733 0.0000000000
6227  -39.679  -20.511  19.666 0.0000000000
6228  -38.492  -20.149  20.640 0.0000000000
6229  -41.032  -17.613  20.263 0.0000000000
6230  -42.064  -14.581  20.356 0.0000000000
6250  -45.197  -20.064  16.531 0.0000000000
6251  -43.441  -21.658  19.059 0.0000000000
6252  -42.904  -20.519  16.865 0.0000000000
6253  -41.225  -20.306  18.213 0.0000000000
6727  -33.856  -19.069  18.006 0.0000000000
6728  -32.747  -22.675  15.212 0.0000000000
6729  -33.761  -19.379  15.872 0.0000000000
6773  -40.622  -39.285  18.774 0.0000000000
6774  -41.399  -38.333  21.370 0.0000000000
6775  -42.334  -40.281  19.124 0.0000000000
7704  -46.517  -28.550  20.161 0.0000000000
7705  -46.716  -30.325  18.164 0.0000000000
7706  -44.418  -30.842  18.793 0.0000000000
7707  -42.128  -33.634  18.005 0.0000000000
7708  -40.283  -35.849  18.640 0.0000000000
7709  -37.972  -35.063  18.862 0.0000000000
7711  -39.342  -38.146  18.172 0.0000000000
8269  -32.136  -28.056  18.971 0.0000000000
8270  -32.605  -25.558  18.808 0.0000000000
8271  -33.411  -22.489  19.186 0.0000000000
8272  -36.930  -19.835  20.969 0.0000000000
8273  -35.534  -19.529  20.558 0.0000000000
8274  -34.428  -19.309  19.467 0.0000000000
8275  -35.466  -15.981  19.572 0.0000000000
8315  -48.043  -26.727  20.980 0.0000000000
8316  -45.889  -27.019  21.571 0.0000000000
8317  -43.565  -27.375  22.271 0.0000000000
8318  -41.155  -27.972  22.727 0.0000000000
8319  -41.929  -23.743  21.189 0.0000000000
8320  -40.279  -26.194  22.304 0.0000000000
8321  -38.664  -28.726  22.611 0.0000000000
8322  -36.207  -29.453  22.122 0.0000000000
8323  -33.845  -30.126  21.091 0.0000000000
9385  -47.451  -32.620  18.405 0.0000000000
9386  -47.512  -33.112  21.260 0.0000000000
9388  -42.846  -37.120  23.517 0.0000000000
10499  -46.063  -14.959  18.651 0.0000000000
10500  -45.446  -14.512  19.058 0.0000000000
10513  -45.810  -16.057  18.280 0.0000000000
10800  -49.695  -28.033  18.884 0.0000000000
10802  -48.850  -29.041  18.347 0.0000000000
11400  -40.727  -30.012  22.095 0.0000000000
11401  -40.922  -30.946  21.233 0.0000000000
11402  -39.731  -31.324  21.426 0.0000000000
11819  -36.475  -24.616  20.739 0.0000000000
11820  -35.642  -24.562  20.673 0.0000000000
11821  -36.764  -23.141  20.620 0.0000000000
11853  -46.673  -19.904  18.136 0.0000000000
11855  -46.909  -20.325  19.715 0.0000000000
11856  -47.218  -21.100  20.972 0.0000000000
11857  -46.066  -21.376  20.832 0.0000000000
11858  -45.297  -22.518  21.669 0.0000000000
11859  -44.906  -21.661  20.662 0.0000000000
11860  -38.458  -22.960  20.126 0.0000000000
11861  -38.514  -24.038  20.538 0.0000000000
11862  -37.487  -24.303  20.714 0.0000000000
11863  -36.460  -25.669  21.047 0.0000000000
12652  -32.399  -23.770  17.387 0.0000000000
12654  -32.142  -23.960  16.156 0.0000000000
12728  -41.248  -35.862  20.061 0.0000000000
12729  -42.355  -35.291  20.584 0.0000000000
12730  -41.365  -36.323  21.111 0.0000000000
13800  -35.787  -31.509  21.568 0.0000000000
13801  -36.122  -32.653  21.055 0.0000000000
13802  -35.069  -32.919  20.508 0.0000000000
14219  -40.949  -19.252  19.341 0.0000000000
14220  -40.324  -19.088  19.941 0.0000000000
14221  -41.647  -17.847  19.783 0.0000000000
14222  -43.996  -13.741  19.578 0.0000000000
14223  -42.831  -14.879  20.122 0.0000000000
14224  -43.197  -13.439  19.758 0.0000000000
14256  -46.348  -19.144  15.663 0.0000000000
14257  -45.086  -19.292  15.840 0.0000000000
14258  -44.038  -20.363  16.574 0.0000000000
14259  -44.078  -19.231  16.252 0.0000000000
14260  -42.985  -18.098  18.461 0.0000000000
14261  -42.438  -19.137  17.787 0.0000000000
14262  -41.667  -19.172  18.625 0.0000000000
14263  -40.493  -20.376  18.953 0.0000000000
15052  -34.379  -17.467  18.164 0.0000000000
15053  -33.709  -19.251  16.948 0.0000000000
15054  -34.196  -17.593  17.182 0.0000000000
16920  -45.333  -28.782  20.536 0.0000000000
16921  -45.461  -29.655  19.490 0.0000000000
16922  -44.357  -29.878  19.971 0.0000000000
16923  -41.080  -32.864  19.167 0.0000000000
16924  -42.210  -32.465  18.747 0.0000000000
16925  -41.058  -33.872  18.322 0.0000000000
16926  -41.151  -34.798  18.221 0.0000000000
16927  -40.123  -35.084  18.315 0.0000000000
16929  -37.784  -34.187  19.878 0.0000000000
16930  -37.066  -35.486  18.534 0.0000000000
18179  -32.696  -29.327  20.019 0.0000000000
18182  -34.121  -24.331  20.162 0.0000000000
18183  -33.189  -25.692  19.512 0.0000000000
18184  -33.472  -24.197  19.647 0.0000000000
18185  -32.965  -24.037  19.027 0.0000000000
18186  -33.896  -22.595  19.859 0.0000000000
18187  -39.001  -18.673  20.864 0.0000000000
18188  -37.727  -19.994  20.908 0.0000000000
18189  -38.260  -18.427  21.051 0.0000000000
18190  -37.283  -16.429  20.843 0.0000000000
18191  -36.771  -18.069  20.908 0.0000000000
18192  -36.038  -17.958  20.566 0.0000000000
18193  -34.925  -19.420  20.091 0.0000000000
18194  -35.472  -17.782  20.101 0.0000000000
18195  -34.973  -17.641  19.518 0.0000000000
18196  -35.955  -16.152  20.108 0.0000000000
18288  -48.013  -23.441  22.202 0.0000000000
18290  -48.382  -24.688  22.095 0.0000000000
18291  -48.765  -25.770  21.499 0.0000000000
18292  -47.671  -25.793  21.700 0.0000000000
18293  -47.001  -26.820  21.312 0.0000000000
18294  -46.582  -25.872  21.963 0.0000000000
18295  -43.907  -25.106  22.249 0.0000000000
18296  -44.347  -26.231  22.218 0.0000000000
18297  -43.166  -26.421  22.450 0.0000000000
18298  -42.357  -27.615  22.561 0.0000000000
18299  -41.940  -26.733  22.640 0.0000000000
18300  -42.393  -22.092  19.085 0.0000000000
18301  -42.670  -22.587  20.303 0.0000000000
18302  -41.665  -23.047  20.197 0.0000000000
18303  -38.863  -25.710  21.705 0.0000000000
18304  -39.973  -25.365  21.719 0.0000000000
18305  -39.175  -26.528  22.251 0.0000000000
18306  -39.484  -27.433  22.603 0.0000000000
18307  -38.299  -27.831  22.493 0.0000000000
18308  -37.433  -29.118  22.430 0.0000000000
18309  -37.049  -28.245  22.272 0.0000000000
18310  -34.408  -28.102  21.096 0.0000000000
18311  -34.594  -28.990  21.434 0.0000000000
20685  -32.744  -22.750  14.021 0.0000000000
20903  -45.722  -31.779  17.668 0.0000000000
20904  -47.122  -31.606  17.703 0.0000000000
20905  -46.069  -32.887  18.043 0.0000000000
20906  -44.748  -34.215  21.743 0.0000000000
20907  -46.138  -33.665  20.726 0.0000000000
20908  -46.100  -33.702  22.189 0.0000000000
20911  -42.100  -38.998  21.690 0.0000000000
20912  -42.053  -37.725  22.536 0.0000000000
20913  -42.604  -38.547  22.855 0.0000000000
23256  -33.752  -32.033  20.271 0.0000000000
23257  -34.246  -33.040  19.824 0.0000000000
23507  -43.602  -17.035  19.117 0.0000000000
23508  -43.071  -16.698  19.654 0.0000000000
23509  -44.328  -15.614  19.475 0.0000000000
23510  -44.757  -14.077  19.375 0.0000000000
23530  -45.906  -17.161  16.661 0.0000000000
23531  -44.550  -18.091  16.794 0.0000000000
23532  -45.214  -17.100  17.599 0.0000000000
23533  -44.390  -17.082  18.437 0.0000000000
24051  -50.593  -29.739  17.567 0.0000000000
24052  -49.757  -30.942  17.962 0.0000000000
25128  -43.112  -29.312  21.508 0.0000000000
25129  -43.324  -30.181  20.497 0.0000000000
25130  -42.156  -30.567  20.944 0.0000000000
25131  -41.059  -31.820  20.218 0.0000000000
25132  -39.994  -33.276  19.595 0.0000000000
25883  -34.358  -27.153  20.807 0.0000000000
25884  -33.557  -27.124  20.212 0.0000000000
25885  -34.551  -25.930  20.535 0.0000000000
25886  -34.855  -24.474  20.499 0.0000000000
25887  -35.219  -22.841  20.606 0.0000000000
25888  -40.078  -15.536  20.883 0.0000000000
25889  -38.795  -16.842  21.037 0.0000000000
25890  -39.292  -15.284  20.934 0.0000000000
25891  -38.479  -15.089  20.878 0.0000000000
25892  -37.700  -14.873  20.725 0.0000000000
25950  -47.554  -22.172  21.850 0.0000000000
25951  -46.892  -23.493  22.297 0.0000000000
25952  -46.160  -24.739  22.314 0.0000000000
25953  -45.745  -23.655  22.272 0.0000000000
25954  -44.591  -23.769  22.085 0.0000000000
25955  -43.436  -24.142  21.963 0.0000000000
25956  -40.295  -22.644  19.364 0.0000000000
25957  -40.612  -23.501  20.272 0.0000000000
25958  -39.532  -23.788  20.397 0.0000000000
25959  -38.650  -24.956  21.146 0.0000000000
25960  -37.652  -26.174  21.604 0.0000000000
25961  -36.753  -27.416  21.898 0.0000000000
25962  -36.480  -26.625  21.456 0.0000000000
25963  -35.395  -26.912  21.180 0.0000000000
27382  -31.491  -26.531  17.037 0.0000000000
27384  -31.175  -26.559  15.836 0.0000000000
27518  -43.497  -34.320  18.475 0.0000000000
27519  -44.836  -33.927  18.822 0.0000000000
27520  -43.612  -34.590  19.654 0.0000000000
27521  -43.463  -34.718  21.220 0.0000000000
27522  -43.430  -35.034  22.556 0.0000000000
29304  -38.230  -30.773  22.113 0.0000000000
29305  -38.516  -31.794  21.506 0.0000000000
29306  -37.285  -32.286  21.361 0.0000000000
29307  -36.430  -33.670  20.435 0.0000000000
29891  -38.587  -21.808  20.007 0.0000000000
29892  -37.939  -21.679  20.417 0.0000000000
29893  -39.137  -20.282  20.218 0.0000000000
29894  -39.773  -18.833  20.455 0.0000000000
29895  -40.327  -17.307  20.696 0.0000000000
29896  -42.396  -16.361  20.118 0.0000000000
29897  -41.633  -16.106  20.491 0.0000000000
29898  -40.843  -15.850  20.718 0.0000000000
29899  -41.279  -14.277  20.525 0.0000000000
29943  -46.446  -19.662  16.722 0.0000000000
29944  -45.457  -20.419  17.871 0.0000000000
29945  -44.549  -21.197  19.205 0.0000000000
29946  -44.280  -20.862  17.703 0.0000000000
29947  -43.144  -21.300  17.735 0.0000000000
29948  -42.050  -21.529  17.964 0.0000000000
29949  -43.250  -19.213  16.975 0.0000000000
29950  -41.991  -20.400  17.433 0.0000000000
29951  -41.038  -21.581  18.293 0.0000000000
29952  -40.201  -21.572  18.811 0.0000000000
29953  -39.423  -21.643  19.414 0.0000000000
31057  -33.441  -20.558  17.877 0.0000000000
31058  -32.775  -22.472  16.433 0.0000000000
31059  -33.280  -20.906  16.676 0.0000000000
31060  -33.339  -21.039  15.602 0.0000000000
31061  -33.449  -21.229  14.436 0.0000000000
31163  -40.342  -38.235  19.767 0.0000000000
31164  -40.901  -37.641  20.902 0.0000000000
31165  -40.941  -38.887  20.151 0.0000000000
31166  -41.698  -39.481  20.370 0.0000000000
33528  -47.586  -28.421  19.775 0.0000000000
33529  -47.695  -29.247  18.721 0.0000000000
33530  -46.646  -29.424  19.169 0.0000000000
33531  -45.567  -30.594  18.418 0.0000000000
33532  -44.448  -31.993  17.872 0.0000000000
33533  -43.312  -31.123  19.272 0.0000000000
33534  -43.341  -32.186  18.255 0.0000000000
33535  -43.292  -33.401  17.842 0.0000000000
33536  -42.302  -34.599  18.269 0.0000000000
33537  -41.236  -35.435  18.983 0.0000000000
33538  -40.330  -36.418  19.395 0.0000000000
33539  -38.726  -32.754  20.724 0.0000000000
33540  -38.854  -33.720  19.873 0.0000000000
33541  -38.984  -34.643  18.896 0.0000000000
33543  -38.257  -35.846  18.145 0.0000000000
33544  -39.132  -35.469  18.299 0.0000000000
33545  -39.309  -36.317  18.335 0.0000000000
33546  -39.517  -37.015  18.761 0.0000000000
33547  -39.860  -37.633  19.270 0.0000000000
35103  -31.625  -27.878  18.055 0.0000000000
35104  -32.902  -27.036  19.532 0.0000000000
35105  -32.333  -26.903  18.788 0.0000000000
35106  -31.873  -26.695  17.978 0.0000000000
35107  -32.184  -25.385  18.031 0.0000000000
35108  -32.611  -23.887  18.247 0.0000000000
35109  -33.078  -22.394  18.417 0.0000000000
35110  -37.223  -21.546  20.698 0.0000000000
35111  -36.432  -21.356  20.817 0.0000000000
35112  -35.704  -21.231  20.751 0.0000000000
35113  -37.528  -18.253  21.072 0.0000000000
35114  -36.254  -19.658  20.884 0.0000000000
35115  -34.960  -21.178  20.449 0.0000000000
35116  -34.409  -20.999  19.999 0.0000000000
35117  -33.952  -20.882  19.403 0.0000000000
35118  -33.603  -20.750  18.646 0.0000000000
35119  -34.095  -19.137  18.783 0.0000000000
35120  -34.611  -17.519  18.882 0.0000000000
35121  -35.064  -15.873  18.979 0.0000000000
35210  -49.359  -27.381  19.859 0.0000000000
35236  -49.032  -26.705  20.777 0.0000000000
35237  -48.340  -27.502  20.273 0.0000000000
35238  -47.320  -27.658  20.565 0.0000000000
35239  -46.197  -27.835  20.888 0.0000000000
35240  -45.093  -28.045  21.325 0.0000000000
35241  -45.472  -26.007  22.096 0.0000000000
35242  -44.722  -27.206  21.945 0.0000000000
35243  -43.919  -28.226  21.815 0.0000000000
35244  -42.713  -28.543  22.193 0.0000000000
35245  -41.571  -28.841  22.468 0.0000000000
35246  -40.348  -29.158  22.564 0.0000000000
35247  -43.740  -22.095  20.398 0.0000000000
35248  -43.044  -23.244  21.369 0.0000000000
35249  -42.301  -24.505  21.787 0.0000000000
35250  -40.857  -24.211  21.102 0.0000000000
35251  -41.128  -24.924  21.768 0.0000000000
35252  -41.551  -25.795  22.333 0.0000000000
35253  -40.710  -27.020  22.649 0.0000000000
35254  -39.939  -28.279  22.705 0.0000000000
35255  -39.097  -29.554  22.482 0.0000000000
35256  -37.810  -29.930  22.375 0.0000000000
35257  -36.592  -30.318  22.121 0.0000000000
35258  -35.357  -30.705  21.712 0.0000000000
35259  -35.809  -28.601  21.910 0.0000000000
35260  -34.949  -29.853  21.682 0.0000000000
35261  -34.217  -31.038  21.120 0.0000000000
38395  -48.036  -30.253  17.943 0.0000000000
38396  -48.445  -31.328  17.835 0.0000000000
38397  -48.761  -32.201  18.724 0.0000000000
38398  -46.203  -33.485  19.230 0.0000000000
38399  -47.549  -33.066  19.710 0.0000000000
38404  -41.589  -36.982  21.970 0.0000000000
38405  -42.498  -36.297  22.868 0.0000000000
38406  -43.527  -35.656  23.664 0.0000000000
41520  -49.117  -28.104  19.109 0.0000000000
41521  -49.292  -28.496  18.583 0.0000000000
41522  -48.722  -28.593  18.782 0.0000000000
42120  -40.099  -30.165  22.143 0.0000000000
42121  -40.221  -30.667  21.768 0.0000000000
42122  -39.591  -30.881  21.838 0.0000000000
42539  -37.000  -23.943  20.628 0.0000000000
42540  -36.620  -23.869  20.663 0.0000000000
42541  -37.167  -23.158  20.554 0.0000000000
42573  -46.181  -20.297  18.789 0.0000000000
42574  -46.764  -20.068  18.960 0.0000000000
42575  -46.328  -20.537  19.572 0.0000000000
42576  -46.481  -20.831  20.284 0.0000000000
42577  -45.865  -20.993  20.129 0.0000000000
42578  -45.475  -21.511  20.695 0.0000000000
42579  -45.289  -21.190  20.020 0.0000000000
42580  -38.039  -23.064  20.296 0.0000000000
42581  -37.995  -23.624  20.437 0.0000000000
42582  -37.514  -23.784  20.540 0.0000000000
42583  -36.986  -24.478  20.746 0.0000000000
43372  -32.634  -23.071  17.468 0.0000000000
43373  -32.273  -23.834  16.784 0.0000000000
43374  -32.524  -23.163  16.879 0.0000000000
43448  -40.847  -36.380  20.225 0.0000000000
43449  -41.301  -36.062  20.588 0.0000000000
43450  -40.945  -36.682  20.673 0.0000000000
44520  -35.246  -31.688  21.301 0.0000000000
44521  -35.397  -32.233  21.083 0.0000000000
44522  -34.919  -32.357  20.823 0.0000000000
44939  -41.583  -18.617  19.261 0.0000000000
44940  -41.274  -18.554  19.573 0.0000000000
44941  -41.926  -17.952  19.495 0.0000000000
44943  -43.591  -13.591  19.679 0.0000000000
44973  -46.117  -17.649  15.854 0.0000000000
44974  -46.623  -17.687  15.479 0.0000000000
44975  -45.906  -18.160  15.625 0.0000000000
44976  -45.768  -18.685  15.557 0.0000000000
44977  -45.133  -18.737  15.763 0.0000000000
44978  -44.536  -19.309  16.019 0.0000000000
44979  -44.681  -18.705  16.113 0.0000000000
44980  -42.599  -18.053  18.829 0.0000000000
44981  -42.312  -18.605  18.518 0.0000000000
44982  -41.956  -18.587  18.905 0.0000000000
44983  -41.318  -19.177  19.012 0.0000000000
45773  -34.258  -17.549  17.673 0.0000000000
45843  -50.617  -31.160  18.601 0.0000000000
47640  -44.754  -28.877  20.805 0.0000000000
47641  -44.820  -29.325  20.283 0.0000000000
47642  -44.291  -29.501  20.586 0.0000000000
47643  -40.529  -33.572  18.913 0.0000000000
47644  -41.075  -33.356  18.697 0.0000000000
47645  -40.533  -34.023  18.487 0.0000000000
47646  -40.528  -34.505  18.257 0.0000000000
47647  -40.048  -34.657  18.404 0.0000000000
48899  -33.039  -28.792  20.298 0.0000000000
48902  -34.280  -23.573  20.234 0.0000000000
48903  -33.763  -24.287  19.917 0.0000000000
48904  -33.968  -23.460  20.032 0.0000000000
48905  -33.677  -23.375  19.782 0.0000000000
48906  -34.189  -22.652  20.124 0.0000000000
48907  -39.280  -17.906  20.925 0.0000000000
48908  -38.617  -18.580  20.999 0.0000000000
48909  -38.916  -17.756  21.020 0.0000000000
48910  -36.926  -16.348  20.694 0.0000000000
48911  -36.646  -17.200  20.727 0.0000000000
48912  -36.316  -17.111  20.558 0.0000000000
48913  -35.735  -17.876  20.351 0.0000000000
48914  -36.024  -17.048  20.361 0.0000000000
48915  -35.725  -16.965  20.110 0.0000000000
48916  -36.234  -16.227  20.335 0.0000000000
49008  -47.669  -24.084  22.267 0.0000000000
49009  -48.202  -24.076  22.212 0.0000000000
49010  -47.842  -24.670  22.150 0.0000000000
49011  -48.020  -25.220  21.924 0.0000000000
49012  -47.457  -25.247  22.027 0.0000000000
49013  -47.122  -25.825  21.842 0.0000000000
49014  -46.919  -25.279  22.112 0.0000000000
49015  -43.335  -25.286  22.251 0.0000000000
49016  -43.555  -25.811  22.339 0.0000000000
49017  -42.960  -25.887  22.429 0.0000000000
49018  -42.557  -26.502  22.551 0.0000000000
49019  -42.363  -26.048  22.479 0.0000000000
49020  -41.850  -22.279  19.033 0.0000000000
49021  -42.019  -22.534  19.616 0.0000000000
49022  -41.528  -22.789  19.642 0.0000000000
49023  -38.382  -26.308  21.969 0.0000000000
49024  -39.029  -26.094  21.988 0.0000000000
49025  -38.561  -26.755  22.203 0.0000000000
49026  -38.729  -27.189  22.400 0.0000000000
49027  -38.115  -27.418  22.344 0.0000000000
49028  -37.664  -28.051  22.388 0.0000000000
49029  -37.492  -27.639  22.233 0.0000000000
49030  -33.904  -28.182  20.815 0.0000000000
49031  -33.949  -28.649  20.983 0.0000000000
49032  -33.466  -28.717  20.673 0.0000000000
51623  -45.168  -32.456  17.712 0.0000000000
51624  -45.914  -32.357  17.717 0.0000000000
51625  -45.348  -33.003  17.931 0.0000000000
51626  -44.691  -34.330  22.446 0.0000000000
51627  -45.429  -33.958  21.990 0.0000000000
51628  -45.366  -34.045  22.698 0.0000000000
51631  -42.476  -39.349  21.806 0.0000000000
51632  -42.319  -38.767  22.312 0.0000000000
51633  -42.691  -39.137  22.413 0.0000000000
54539  -44.262  -16.542  19.076 0.0000000000
54540  -44.000  -16.345  19.357 0.0000000000
54541  -44.607  -15.826  19.238 0.0000000000
54543  -45.092  -14.260  19.243 0.0000000000
54545  -44.920  -13.373  19.170 0.0000000000
54576  -46.680  -16.716  16.652 0.0000000000
54577  -46.230  -16.739  17.071 0.0000000000
54578  -45.569  -17.114  17.144 0.0000000000
54579  -45.901  -16.636  17.556 0.0000000000
54580  -45.346  -16.055  18.630 0.0000000000
54581  -45.146  -16.553  18.396 0.0000000000
54582  -44.664  -16.569  18.735 0.0000000000
54583  -44.015  -17.070  18.803 0.0000000000
55443  -49.694  -29.322  17.777 0.0000000000
55444  -50.324  -29.238  17.639 0.0000000000
55445  -49.929  -29.864  17.606 0.0000000000
55446  -50.195  -30.334  17.716 0.0000000000
55447  -49.548  -30.433  17.723 0.0000000000
57240  -42.543  -29.466  21.756 0.0000000000
57241  -42.663  -29.958  21.266 0.0000000000
57242  -42.062  -30.101  21.486 0.0000000000
57243  -40.397  -31.590  20.909 0.0000000000
57244  -40.992  -31.373  20.732 0.0000000000
57245  -40.481  -32.054  20.411 0.0000000000
57246  -40.514  -32.565  19.908 0.0000000000
57247  -39.964  -32.763  20.076 0.0000000000
58499  -34.850  -26.573  20.851 0.0000000000
58500  -34.466  -26.564  20.668 0.0000000000
58501  -34.971  -25.928  20.712 0.0000000000
58502  -35.787  -23.835  20.673 0.0000000000
58503  -35.233  -24.546  20.581 0.0000000000
58504  -35.399  -23.772  20.626 0.0000000000
58505  -35.014  -23.684  20.546 0.0000000000
58506  -35.610  -22.954  20.664 0.0000000000
58507  -40.298  -14.753  20.779 0.0000000000
58508  -39.672  -15.412  20.927 0.0000000000
58509  -39.885  -14.618  20.824 0.0000000000
58511  -39.040  -14.425  20.827 0.0000000000
58512  -38.635  -14.335  20.763 0.0000000000
58513  -38.077  -14.990  20.803 0.0000000000
58514  -38.254  -14.219  20.687 0.0000000000
58605  -48.567  -19.874  20.287 0.0000000000
58607  -48.166  -20.446  20.731 0.0000000000
58608  -46.825  -21.722  21.419 0.0000000000
58609  -47.410  -21.611  21.473 0.0000000000
58610  -47.028  -22.265  21.806 0.0000000000
58611  -47.234  -22.835  22.094 0.0000000000
58612  -46.673  -22.917  22.115 0.0000000000
58613  -46.301  -23.533  22.305 0.0000000000
58614  -46.092  -22.985  22.109 0.0000000000
58615  -44.694  -22.640  21.597 0.0000000000
58616  -44.945  -23.133  21.931 0.0000000000
58617  -44.347  -23.281  21.846 0.0000000000
58618  -44.003  -23.934  22.030 0.0000000000
58619  -43.786  -23.459  21.781 0.0000000000
58620  -39.801  -22.723  19.525 0.0000000000
58621  -39.934  -23.207  19.911 0.0000000000
58622  -39.431  -23.320  20.024 0.0000000000
58623  -38.027  -24.698  20.889 0.0000000000
58624  -38.568  -24.538  20.840 0.0000000000
58625  -38.084  -25.152  21.182 0.0000000000
58626  -38.162  -25.543  21.427 0.0000000000
58627  -37.536  -25.796  21.393 0.0000000000
58628  -37.062  -26.410  21.550 0.0000000000
58629  -36.979  -25.997  21.329 0.0000000000
58630  -35.899  -25.830  20.958 0.0000000000
58631  -35.911  -26.319  21.150 0.0000000000
58632  -35.363  -26.449  21.015 0.0000000000
58633  -34.850  -27.046  21.012 0.0000000000
60997  -31.666  -25.899  17.060 0.0000000000
60998  -31.312  -26.554  16.437 0.0000000000
60999  -31.505  -25.936  16.473 0.0000000000
61223  -42.937  -34.763  18.873 0.0000000000
61224  -43.592  -34.504  18.980 0.0000000000
61225  -42.997  -34.833  19.463 0.0000000000
61226  -42.314  -35.447  21.292 0.0000000000
61227  -42.888  -35.003  20.919 0.0000000000
61228  -42.840  -35.147  21.624 0.0000000000
61229  -43.424  -34.853  21.904 0.0000000000
61230  -42.844  -35.357  22.254 0.0000000000
64440  -37.620  -31.000  22.001 0.0000000000
64441  -37.764  -31.549  21.768 0.0000000000
64442  -37.133  -31.753  21.646 0.0000000000
64443  -35.808  -33.313  20.522 0.0000000000
64444  -36.296  -33.182  20.752 0.0000000000
64446  -36.111  -34.293  19.787 0.0000000000
64448  -34.144  -33.550  19.024 0.0000000000
64449  -34.466  -33.554  19.482 0.0000000000
64450  -34.386  -34.054  18.612 0.0000000000
65699  -39.125  -21.142  19.810 0.0000000000
65700  -38.838  -21.048  20.060 0.0000000000
65701  -39.425  -20.397  19.933 0.0000000000
65702  -40.658  -18.383  20.110 0.0000000000
65703  -40.065  -18.964  20.206 0.0000000000
65704  -40.393  -18.230  20.356 0.0000000000
65705  -40.047  -18.081  20.593 0.0000000000
65706  -40.698  -17.435  20.501 0.0000000000
65707  -43.402  -15.960  19.793 0.0000000000
65708  -42.745  -16.531  19.879 0.0000000000
65709  -43.025  -15.785  19.966 0.0000000000
65710  -42.433  -14.717  20.248 0.0000000000
65711  -42.251  -15.464  20.307 0.0000000000
65712  -41.846  -15.296  20.449 0.0000000000
65713  -41.244  -15.953  20.595 0.0000000000
65714  -41.452  -15.197  20.560 0.0000000000
65715  -41.062  -15.035  20.666 0.0000000000
65716  -41.662  -14.425  20.473 0.0000000000
65808  -45.738  -19.615  16.044 0.0000000000
65809  -46.383  -19.466  16.126 0.0000000000
65810  -45.827  -19.854  16.610 0.0000000000
65811  -45.930  -20.025  17.266 0.0000000000
65812  -45.320  -20.251  17.138 0.0000000000
65813  -44.872  -20.630  17.759 0.0000000000
65814  -44.732  -20.459  17.114 0.0000000000
65815  -43.443  -20.495  16.627 0.0000000000
65816  -43.560  -20.869  17.106 0.0000000000
65817  -42.973  -20.992  17.216 0.0000000000
65818  -42.568  -21.465  17.863 0.0000000000
65819  -42.434  -21.068  17.357 0.0000000000
65820  -44.186  -18.076  17.227 0.0000000000
65821  -43.876  -18.636  16.856 0.0000000000
65822  -43.519  -18.620  17.286 0.0000000000
65823  -41.801  -19.693  17.972 0.0000000000
65824  -42.208  -19.742  17.572 0.0000000000
65825  -41.610  -20.348  17.823 0.0000000000
65826  -41.512  -20.997  17.865 0.0000000000
65827  -41.086  -20.950  18.092 0.0000000000
65828  -40.626  -21.560  18.558 0.0000000000
65829  -40.688  -20.955  18.481 0.0000000000
65830  -40.111  -20.437  19.305 0.0000000000
65831  -39.942  -21.012  19.146 0.0000000000
65832  -39.531  -21.075  19.478 0.0000000000
65833  -38.980  -21.737  19.687 0.0000000000
68197  -33.654  -19.804  17.936 0.0000000000
68198  -33.337  -20.757  17.260 0.0000000000
68199  -33.537  -20.007  17.342 0.0000000000
68200  -33.710  -19.279  16.441 0.0000000000
68201  -33.515  -20.114  16.270 0.0000000000
68202  -33.575  -20.175  15.783 0.0000000000
68203  -33.403  -21.133  15.028 0.0000000000
68204  -33.637  -20.281  15.194 0.0000000000
68423  -40.449  -38.788  19.319 0.0000000000
68424  -40.654  -38.580  19.969 0.0000000000
68425  -40.773  -39.105  19.469 0.0000000000
68426  -41.857  -40.070  19.075 0.0000000000
68427  -41.531  -39.668  19.739 0.0000000000
68428  -41.982  -39.925  19.759 0.0000000000
68429  -42.113  -39.748  20.449 0.0000000000
68430  -42.433  -40.146  19.863 0.0000000000
73800  -47.074  -28.522  19.978 0.0000000000
73801  -47.124  -28.957  19.449 0.0000000000
73802  -46.576  -28.996  19.685 0.0000000000
73803  -44.946  -30.191  19.143 0.0000000000
73804  -45.515  -30.081  18.951 0.0000000000
73805  -44.996  -30.758  18.584 0.0000000000
73806  -45.029  -31.328  18.093 0.0000000000
73807  -44.452  -31.404  18.256 0.0000000000
73808  -42.748  -30.791  20.133 0.0000000000
73809  -43.298  -30.636  19.900 0.0000000000
73810  -42.764  -31.227  19.563 0.0000000000
73811  -42.139  -33.045  18.302 0.0000000000
73812  -42.750  -32.282  18.501 0.0000000000
73813  -42.676  -32.928  18.063 0.0000000000
73814  -43.260  -32.789  17.926 0.0000000000
73815  -42.683  -33.545  17.874 0.0000000000
73816  -42.765  -34.072  17.977 0.0000000000
73817  -42.226  -34.177  17.945 0.0000000000
73818  -40.729  -35.312  18.473 0.0000000000
73819  -41.252  -35.130  18.499 0.0000000000
73820  -40.760  -35.628  18.784 0.0000000000
73821  -40.741  -35.887  19.213 0.0000000000
73822  -40.281  -36.156  18.993 0.0000000000
73823  -38.015  -32.529  21.115 0.0000000000
73824  -38.631  -32.303  21.122 0.0000000000
73825  -38.141  -32.990  20.756 0.0000000000
73826  -37.872  -34.657  19.369 0.0000000000
73827  -38.307  -33.972  19.936 0.0000000000
73828  -38.373  -34.435  19.388 0.0000000000
73829  -38.899  -34.218  19.398 0.0000000000
73830  -38.472  -34.840  18.941 0.0000000000
73835  -38.027  -36.464  17.674 0.0000000000
73836  -38.407  -36.295  17.910 0.0000000000
73837  -38.675  -35.667  18.250 0.0000000000
73838  -38.835  -36.095  18.072 0.0000000000
73839  -39.236  -35.888  18.242 0.0000000000
73840  -38.914  -36.524  18.089 0.0000000000
73842  -39.188  -37.269  18.379 0.0000000000
73843  -39.369  -37.600  18.546 0.0000000000
73844  -39.672  -37.326  19.020 0.0000000000
73845  -39.587  -37.910  18.730 0.0000000000
73846  -39.844  -38.232  18.931 0.0000000000
77584  -31.799  -28.546  18.608 0.0000000000
77585  -31.552  -28.478  18.125 0.0000000000
77586  -31.869  -27.975  18.546 0.0000000000
77587  -33.671  -26.490  20.096 0.0000000000
77588  -33.207  -27.099  19.871 0.0000000000
77589  -33.336  -26.449  19.821 0.0000000000
77590  -32.880  -25.663  19.196 0.0000000000
77591  -32.744  -26.340  19.161 0.0000000000
77592  -32.462  -26.259  18.785 0.0000000000
77593  -32.075  -26.812  18.391 0.0000000000
77594  -32.213  -26.158  18.392 0.0000000000
77595  -32.015  -26.068  17.976 0.0000000000
77596  -32.355  -25.487  18.405 0.0000000000
77597  -33.180  -23.257  19.125 0.0000000000
77598  -32.767  -23.957  18.654 0.0000000000
77599  -32.978  -23.210  18.728 0.0000000000
77600  -32.813  -23.189  18.306 0.0000000000
77601  -33.205  -22.461  18.790 0.0000000000
77602  -38.205  -20.896  20.510 0.0000000000
77603  -37.599  -21.615  20.589 0.0000000000
77604  -37.843  -20.841  20.699 0.0000000000
77605  -37.353  -19.914  20.979 0.0000000000
77606  -37.074  -20.673  20.873 0.0000000000
77607  -36.664  -20.631  20.900 0.0000000000
77608  -36.054  -21.304  20.796 0.0000000000
77609  -36.295  -20.555  20.871 0.0000000000
77610  -38.420  -16.731  21.038 0.0000000000
77611  -38.148  -17.538  21.068 0.0000000000
77612  -37.758  -17.482  21.045 0.0000000000
77613  -36.157  -18.798  20.760 0.0000000000
77614  -36.525  -18.866  20.933 0.0000000000
77615  -35.881  -19.608  20.738 0.0000000000
77616  -35.588  -20.432  20.672 0.0000000000
77617  -35.238  -20.365  20.506 0.0000000000
77618  -34.658  -21.091  20.247 0.0000000000
77619  -34.943  -20.254  20.293 0.0000000000
77620  -34.636  -19.360  19.793 0.0000000000
77621  -34.380  -20.185  19.776 0.0000000000
77622  -34.181  -20.108  19.437 0.0000000000
77623  -33.765  -20.811  19.039 0.0000000000
77624  -34.002  -20.028  19.098 0.0000000000
77625  -33.872  -19.904  18.760 0.0000000000
77626  -34.250  -19.223  19.149 0.0000000000
77627  -35.224  -16.825  19.538 0.0000000000
77628  -34.758  -17.590  19.186 0.0000000000
77629  -35.018  -16.753  19.238 0.0000000000
77630  -34.849  -16.716  18.908 0.0000000000
77631  -35.226  -15.923  19.284 0.0000000000
77913  -48.408  -26.241  21.231 0.0000000000
77914  -48.907  -26.275  21.124 0.0000000000
77915  -48.548  -26.702  20.878 0.0000000000
77916  -48.688  -27.101  20.507 0.0000000000
77917  -48.185  -27.170  20.641 0.0000000000
77918  -47.850  -27.601  20.414 0.0000000000
77919  -47.691  -27.206  20.755 0.0000000000
77920  -46.436  -26.960  21.431 0.0000000000
77921  -46.603  -27.337  21.079 0.0000000000
77922  -46.047  -27.466  21.231 0.0000000000
77923  -45.652  -27.993  21.080 0.0000000000
77924  -45.533  -27.551  21.409 0.0000000000
77925  -45.605  -24.869  22.293 0.0000000000
77926  -45.812  -25.400  22.214 0.0000000000
77927  -45.270  -25.468  22.207 0.0000000000
77928  -43.973  -26.825  22.246 0.0000000000
77929  -44.575  -26.739  22.112 0.0000000000
77930  -44.156  -27.292  22.103 0.0000000000
77931  -44.333  -27.731  21.889 0.0000000000
77932  -43.738  -27.834  22.094 0.0000000000
77933  -43.296  -28.382  21.993 0.0000000000
77934  -43.130  -27.941  22.245 0.0000000000
77935  -41.762  -27.784  22.657 0.0000000000
77936  -41.960  -28.240  22.545 0.0000000000
77937  -41.383  -28.408  22.625 0.0000000000
77938  -40.958  -29.021  22.534 0.0000000000
77939  -40.769  -28.561  22.698 0.0000000000
77940  -43.957  -21.413  19.082 0.0000000000
77941  -44.133  -21.611  19.807 0.0000000000
77942  -43.578  -21.863  19.740 0.0000000000
77943  -42.303  -23.146  20.816 0.0000000000
77944  -42.848  -22.906  20.885 0.0000000000
77945  -42.496  -23.510  21.259 0.0000000000
77946  -42.680  -23.913  21.627 0.0000000000
77947  -42.133  -24.112  21.519 0.0000000000
77948  -40.192  -24.046  20.725 0.0000000000
77949  -40.748  -23.851  20.686 0.0000000000
77950  -40.339  -24.411  21.089 0.0000000000
77951  -40.112  -25.752  22.035 0.0000000000
77952  -40.555  -25.160  21.784 0.0000000000
77953  -40.713  -25.553  22.074 0.0000000000
77954  -41.360  -25.343  22.064 0.0000000000
77955  -40.900  -25.962  22.334 0.0000000000
77956  -41.112  -26.395  22.526 0.0000000000
77957  -40.486  -26.594  22.503 0.0000000000
77958  -39.096  -28.064  22.656 0.0000000000
77959  -39.715  -27.847  22.695 0.0000000000
77960  -39.309  -28.491  22.656 0.0000000000
77961  -39.528  -28.906  22.612 0.0000000000
77962  -38.856  -29.173  22.570 0.0000000000
77963  -38.448  -29.751  22.434 0.0000000000
77964  -38.236  -29.336  22.511 0.0000000000
77965  -36.819  -29.309  22.313 0.0000000000
77966  -37.053  -29.726  22.322 0.0000000000
77967  -36.395  -29.887  22.150 0.0000000000
77968  -35.963  -30.500  21.937 0.0000000000
77969  -35.780  -30.078  21.960 0.0000000000
77970  -36.149  -27.611  21.746 0.0000000000
77971  -36.291  -27.997  21.937 0.0000000000
77972  -35.670  -28.204  21.751 0.0000000000
77973  -34.190  -29.551  21.302 0.0000000000
77974  -34.738  -29.432  21.568 0.0000000000
77975  -34.369  -30.009  21.405 0.0000000000
77976  -34.560  -30.455  21.447 0.0000000000
77977  -34.025  -30.577  21.128 0.0000000000
77978  -33.720  -31.126  20.759 0.0000000000
85080  -30.760  -27.749  15.189 0.0000000000
85095  -32.737  -22.602  15.830 0.0000000000
85097  -32.400  -23.380  15.043 0.0000000000
85748  -47.261  -29.788  18.472 0.0000000000
85749  -47.851  -29.726  18.286 0.0000000000
85750  -47.416  -30.323  18.063 0.0000000000
85751  -47.316  -32.180  17.942 0.0000000000
85752  -47.775  -31.474  17.708 0.0000000000
85753  -47.999  -32.053  18.008 0.0000000000
85754  -48.631  -31.825  18.179 0.0000000000
85755  -48.114  -32.437  18.570 0.0000000000
85756  -44.895  -34.071  19.465 0.0000000000
85757  -45.563  -33.724  19.033 0.0000000000
85758  -45.502  -33.841  19.708 0.0000000000
85759  -46.822  -33.399  20.996 0.0000000000
85760  -46.842  -33.378  20.229 0.0000000000
85761  -47.510  -33.149  20.478 0.0000000000
85762  -48.173  -32.860  19.938 0.0000000000
85763  -48.174  -32.883  20.690 0.0000000000
85765  -48.169  -32.860  21.463 0.0000000000
85771  -41.116  -37.982  21.150 0.0000000000
85772  -41.234  -37.322  21.452 0.0000000000
85773  -41.421  -37.680  21.715 0.0000000000
85774  -42.440  -37.428  23.042 0.0000000000
85775  -42.231  -36.984  22.798 0.0000000000
85776  -42.662  -36.691  23.240 0.0000000000
85777  -42.969  -35.975  23.300 0.0000000000
85778  -43.116  -36.390  23.691 0.0000000000
92627  -45.510  -15.478  18.814 0.0000000000
92628  -45.233  -15.263  19.088 0.0000000000
92629  -45.780  -14.727  18.862 0.0000000000
92651  -46.219  -16.140  17.914 0.0000000000
92652  -46.401  -15.607  18.175 0.0000000000
92653  -45.953  -15.538  18.494 0.0000000000
93172  -49.073  -29.484  17.966 0.0000000000
94248  -41.333  -29.810  22.033 0.0000000000
94249  -41.456  -30.286  21.640 0.0000000000
94250  -40.845  -30.495  21.697 0.0000000000
94251  -40.350  -31.121  21.336 0.0000000000
94252  -39.818  -31.810  20.983 0.0000000000
95003  -35.922  -25.292  20.818 0.0000000000
95004  -35.526  -25.252  20.732 0.0000000000
95005  -36.079  -24.575  20.724 0.0000000000
95006  -36.206  -23.837  20.679 0.0000000000
95007  -36.334  -23.153  20.663 0.0000000000
95063  -47.199  -19.550  17.519 0.0000000000
95064  -47.773  -19.345  17.817 0.0000000000
95065  -47.252  -19.667  18.342 0.0000000000
95067  -47.489  -20.158  19.899 0.0000000000
95068  -47.620  -20.532  20.598 0.0000000000
95069  -47.045  -20.663  20.382 0.0000000000
95070  -46.619  -21.181  20.933 0.0000000000
95071  -46.252  -21.832  21.389 0.0000000000
95072  -45.893  -22.449  21.796 0.0000000000
95073  -45.701  -21.950  21.367 0.0000000000
95074  -45.080  -22.042  21.198 0.0000000000
95075  -44.505  -22.227  21.126 0.0000000000
95076  -38.920  -22.864  19.895 0.0000000000
95077  -38.946  -23.429  20.136 0.0000000000
95078  -38.471  -23.488  20.281 0.0000000000
95079  -37.996  -24.149  20.629 0.0000000000
95080  -37.474  -24.852  20.957 0.0000000000
95081  -36.985  -25.528  21.123 0.0000000000
95082  -36.986  -24.992  20.913 0.0000000000
95083  -36.448  -25.159  20.861 0.0000000000
96502  -32.131  -24.503  17.275 0.0000000000
96504  -32.012  -24.528  16.691 0.0000000000
96506  -31.741  -24.741  15.358 0.0000000000
96638  -41.765  -35.433  19.698 0.0000000000
96639  -42.364  -35.173  19.900 0.0000000000
96640  -41.802  -35.569  20.300 0.0000000000
96641  -41.813  -35.765  20.922 0.0000000000
96642  -41.859  -36.003  21.516 0.0000000000
98568  -36.382  -31.363  21.746 0.0000000000
98569  -36.493  -31.940  21.534 0.0000000000
98570  -35.919  -32.094  21.337 0.0000000000
98571  -35.567  -32.785  20.816 0.0000000000
98572  -35.296  -33.422  20.214 0.0000000000
99323  -40.315  -19.867  19.482 0.0000000000
99324  -40.046  -19.769  19.762 0.0000000000
99325  -40.654  -19.169  19.648 0.0000000000
99326  -40.946  -18.475  19.868 0.0000000000
99327  -41.360  -17.738  20.032 0.0000000000
99328  -43.829  -14.462  19.755 0.0000000000
99329  -43.241  -15.048  19.969 0.0000000000
99330  -43.423  -14.307  19.894 0.0000000000
99331  -43.027  -14.157  19.987 0.0000000000
99389  -46.351  -18.716  15.370 0.0000000000
99390  -45.690  -19.232  15.674 0.0000000000
99391  -45.112  -19.738  16.109 0.0000000000
99392  -44.600  -20.233  16.607 0.0000000000
99393  -44.513  -19.866  16.141 0.0000000000
99394  -44.012  -19.891  16.252 0.0000000000
99395  -43.487  -19.887  16.514 0.0000000000
99396  -43.398  -18.090  18.066 0.0000000000
99397  -43.116  -18.594  17.691 0.0000000000
99398  -42.685  -18.601  18.074 0.0000000000
99399  -42.042  -19.157  18.217 0.0000000000
99400  -41.422  -19.724  18.398 0.0000000000
99401  -40.841  -20.311  18.578 0.0000000000
99402  -41.044  -19.760  18.772 0.0000000000
99403  -40.693  -19.806  19.131 0.0000000000
100822  -34.104  -18.301  18.086 0.0000000000
100823  -33.730  -19.195  17.469 0.0000000000
100824  -34.010  -18.392  17.590 0.0000000000
100825  -33.951  -18.428  17.095 0.0000000000
100826  -33.934  -18.449  16.578 0.0000000000
100958  -40.908  -39.725  18.140 0.0000000000
100959  -41.001  -39.593  18.862 0.0000000000
100960  -41.339  -39.979  18.244 0.0000000000
104184  -45.926  -28.687  20.310 0.0000000000
104185  -45.997  -29.124  19.825 0.0000000000
104186  -45.396  -29.242  20.022 0.0000000000
104187  -44.863  -29.795  19.709 0.0000000000
104188  -44.385  -30.327  19.379 0.0000000000
104189  -41.662  -32.140  19.485 0.0000000000
104190  -42.255  -31.925  19.263 0.0000000000
104191  -41.670  -32.647  18.966 0.0000000000
104192  -41.605  -33.186  18.481 0.0000000000
104193  -41.570  -33.746  18.152 0.0000000000
104194  -41.648  -34.252  18.067 0.0000000000
104195  -41.060  -34.373  18.142 0.0000000000
104196  -40.631  -34.933  18.286 0.0000000000
104197  -40.229  -35.485  18.394 0.0000000000
104198  -37.110  -33.894  20.258 0.0000000000
104199  -37.683  -33.681  20.335 0.0000000000
104200  -37.244  -34.389  19.783 0.0000000000
104201  -37.385  -34.885  19.234 0.0000000000
104202  -37.495  -35.288  18.745 0.0000000000
104208  -38.690  -37.120  17.867 0.0000000000
104209  -38.597  -37.689  17.541 0.0000000000
104212  -39.424  -38.648  17.686 0.0000000000
106451  -32.410  -29.827  19.685 0.0000000000
106456  -33.979  -25.064  20.109 0.0000000000
106457  -33.490  -25.752  19.824 0.0000000000
106458  -33.650  -25.010  19.831 0.0000000000
106459  -33.322  -24.966  19.553 0.0000000000
106460  -33.038  -24.891  19.241 0.0000000000
106461  -32.770  -24.814  18.883 0.0000000000
106462  -33.204  -24.124  19.374 0.0000000000
106463  -33.405  -23.330  19.492 0.0000000000
106464  -33.640  -22.527  19.583 0.0000000000
106465  -38.747  -19.412  20.766 0.0000000000
106466  -38.080  -20.098  20.823 0.0000000000
106467  -38.366  -19.310  20.908 0.0000000000
106468  -37.990  -19.215  20.997 0.0000000000
106469  -37.610  -19.082  21.044 0.0000000000
106470  -37.662  -16.544  20.941 0.0000000000
106471  -37.396  -17.367  20.976 0.0000000000
106472  -37.002  -17.276  20.893 0.0000000000
106473  -36.404  -18.004  20.752 0.0000000000
106474  -35.819  -18.722  20.589 0.0000000000
106475  -35.223  -19.459  20.343 0.0000000000
106476  -35.479  -18.675  20.357 0.0000000000
106477  -35.185  -18.602  20.088 0.0000000000
106478  -34.918  -18.518  19.804 0.0000000000
106479  -34.715  -18.454  19.504 0.0000000000
106480  -35.193  -17.703  19.819 0.0000000000
106481  -35.456  -16.904  19.859 0.0000000000
106482  -35.711  -16.061  19.864 0.0000000000
106646  -48.330  -22.775  22.111 0.0000000000
106650  -48.924  -24.734  22.001 0.0000000000
106651  -49.119  -25.330  21.758 0.0000000000
106652  -48.589  -25.239  21.829 0.0000000000
106653  -48.213  -25.748  21.581 0.0000000000
106654  -47.866  -26.287  21.338 0.0000000000
106655  -47.528  -26.770  21.112 0.0000000000
106656  -47.348  -26.347  21.502 0.0000000000
106657  -46.800  -26.365  21.663 0.0000000000
106658  -46.254  -26.446  21.763 0.0000000000
106659  -44.492  -25.001  22.245 0.0000000000
106660  -44.708  -25.570  22.244 0.0000000000
106661  -44.121  -25.674  22.267 0.0000000000
106662  -43.760  -26.362  22.342 0.0000000000
106663  -43.376  -26.920  22.392 0.0000000000
106664  -42.982  -27.463  22.452 0.0000000000
106665  -42.772  -26.987  22.562 0.0000000000
106666  -42.152  -27.163  22.625 0.0000000000
106667  -41.533  -27.362  22.705 0.0000000000
106668  -42.916  -21.883  19.056 0.0000000000
106669  -43.042  -22.094  19.710 0.0000000000
106670  -42.515  -22.303  19.680 0.0000000000
106671  -42.159  -22.793  20.223 0.0000000000
106672  -41.786  -23.375  20.720 0.0000000000
106673  -39.327  -25.153  21.438 0.0000000000
106674  -39.894  -24.980  21.432 0.0000000000
106675  -39.440  -25.526  21.712 0.0000000000
106676  -39.564  -25.939  21.994 0.0000000000
106677  -39.699  -26.383  22.261 0.0000000000
106678  -39.858  -26.845  22.495 0.0000000000
106679  -39.290  -26.991  22.447 0.0000000000
106680  -38.889  -27.627  22.561 0.0000000000
106681  -38.486  -28.268  22.586 0.0000000000
106682  -38.042  -28.927  22.552 0.0000000000
106683  -37.840  -28.479  22.490 0.0000000000
106684  -37.228  -28.686  22.374 0.0000000000
106685  -36.621  -28.862  22.223 0.0000000000
106686  -34.978  -27.973  21.354 0.0000000000
106687  -35.061  -28.422  21.533 0.0000000000
106688  -34.483  -28.543  21.280 0.0000000000
106689  -34.045  -29.103  21.155 0.0000000000
106690  -33.677  -29.667  20.992 0.0000000000
110961  -32.736  -22.724  14.603 0.0000000000
110962  -32.356  -23.426  14.428 0.0000000000
111353  -46.259  -31.087  17.860 0.0000000000
111354  -46.933  -30.994  17.756 0.0000000000
111355  -46.433  -31.682  17.652 0.0000000000
111356  -46.629  -32.275  17.769 0.0000000000
111357  -46.786  -32.790  18.181 0.0000000000
111358  -44.825  -34.139  20.967 0.0000000000
111359  -45.476  -33.882  20.455 0.0000000000
111360  -45.463  -33.909  21.236 0.0000000000
111361  -46.148  -33.653  21.486 0.0000000000
111362  -46.820  -33.387  21.743 0.0000000000
111367  -41.735  -38.666  21.550 0.0000000000
111368  -41.688  -38.036  21.978 0.0000000000
111369  -41.992  -38.393  22.153 0.0000000000
111370  -42.312  -38.158  22.720 0.0000000000
111371  -42.661  -37.848  23.227 0.0000000000
115704  -34.191  -31.973  20.685 0.0000000000
115705  -34.417  -32.469  20.514 0.0000000000
115706  -33.995  -32.545  20.071 0.0000000000
116291  -42.908  -17.547  19.150 0.0000000000
116292  -42.649  -17.395  19.438 0.0000000000
116293  -43.372  -16.839  19.416 0.0000000000
116294  -43.727  -16.125  19.583 0.0000000000
116295  -43.983  -15.407  19.656 0.0000000000
116296  -44.880  -15.044  19.290 0.0000000000
116297  -44.538  -14.828  19.476 0.0000000000
116298  -44.201  -14.651  19.626 0.0000000000
116299  -44.423  -13.855  19.493 0.0000000000
116300  -44.541  -13.219  19.246 0.0000000000
116343  -46.383  -17.159  16.236 0.0000000000
116344  -45.622  -17.627  16.293 0.0000000000
116345  -44.927  -18.111  16.365 0.0000000000
116346  -45.235  -17.587  16.722 0.0000000000
116347  -44.881  -17.566  17.179 0.0000000000
116348  -44.524  -17.571  17.624 0.0000000000
116349  -45.565  -16.579  17.981 0.0000000000
116350  -44.853  -17.071  18.018 0.0000000000
116351  -44.112  -17.597  18.053 0.0000000000
116352  -43.695  -17.594  18.448 0.0000000000
116353  -43.308  -17.573  18.810 0.0000000000
117560  -50.881  -30.191  17.725 0.0000000000
117561  -50.429  -30.781  18.065 0.0000000000
117562  -49.959  -31.396  18.452 0.0000000000
120072  -43.687  -29.166  21.275 0.0000000000
120073  -43.776  -29.619  20.798 0.0000000000
120074  -43.214  -29.783  21.012 0.0000000000
120075  -42.738  -30.390  20.702 0.0000000000
120076  -42.198  -30.996  20.349 0.0000000000
120077  -41.547  -30.745  21.127 0.0000000000
120078  -41.607  -31.177  20.563 0.0000000000
120079  -41.641  -31.643  20.018 0.0000000000
120080  -41.054  -32.399  19.671 0.0000000000
120081  -40.522  -33.082  19.403 0.0000000000
120082  -40.004  -33.772  19.095 0.0000000000
121837  -33.958  -27.144  20.517 0.0000000000
121838  -34.051  -26.528  20.389 0.0000000000
121839  -34.182  -25.853  20.308 0.0000000000
121840  -35.101  -25.245  20.613 0.0000000000
121841  -34.710  -25.218  20.487 0.0000000000
121842  -34.342  -25.132  20.298 0.0000000000
121843  -34.478  -24.399  20.343 0.0000000000
121844  -34.646  -23.606  20.403 0.0000000000
121845  -34.866  -22.818  20.477 0.0000000000
121846  -39.853  -16.312  20.921 0.0000000000
121847  -39.193  -16.950  21.014 0.0000000000
121848  -39.441  -16.175  20.987 0.0000000000
121849  -39.076  -16.046  21.000 0.0000000000
121850  -38.711  -15.928  21.003 0.0000000000
121851  -39.469  -14.532  20.822 0.0000000000
121852  -38.894  -15.198  20.936 0.0000000000
121853  -38.294  -15.850  20.958 0.0000000000
121854  -37.919  -15.733  20.879 0.0000000000
121855  -37.525  -15.624  20.788 0.0000000000
121856  -37.125  -15.588  20.643 0.0000000000
121857  -36.756  -15.526  20.488 0.0000000000
121858  -37.302  -14.813  20.584 0.0000000000
121988  -47.769  -21.023  21.129 0.0000000000
121990  -48.128  -22.181  21.883 0.0000000000
121991  -47.798  -22.800  22.080 0.0000000000
121992  -47.472  -23.461  22.278 0.0000000000
121993  -47.105  -24.110  22.343 0.0000000000
121994  -46.724  -24.693  22.304 0.0000000000
121995  -46.524  -24.076  22.395 0.0000000000
121996  -45.955  -24.190  22.336 0.0000000000
121997  -45.408  -24.313  22.296 0.0000000000
121998  -45.531  -23.059  22.037 0.0000000000
121999  -45.187  -23.718  22.170 0.0000000000
122000  -44.856  -24.360  22.242 0.0000000000
122001  -44.251  -24.450  22.172 0.0000000000
122002  -43.666  -24.603  22.147 0.0000000000
122003  -43.105  -24.793  22.102 0.0000000000
122004  -40.776  -22.572  19.224 0.0000000000
122005  -40.992  -22.967  19.717 0.0000000000
122006  -40.429  -23.101  19.797 0.0000000000
122007  -40.046  -23.654  20.332 0.0000000000
122008  -39.616  -24.230  20.785 0.0000000000
122009  -38.998  -23.969  20.461 0.0000000000
122010  -39.107  -24.368  20.781 0.0000000000
122011  -39.206  -24.766  21.112 0.0000000000
122012  -38.729  -25.338  21.408 0.0000000000
122013  -38.254  -25.907  21.655 0.0000000000
122014  -37.789  -26.564  21.864 0.0000000000
122015  -37.339  -27.213  22.014 0.0000000000
122016  -37.189  -26.801  21.774 0.0000000000
122017  -36.600  -27.007  21.700 0.0000000000
122018  -36.026  -27.196  21.530 0.0000000000
122019  -36.469  -26.160  21.245 0.0000000000
122020  -35.932  -26.761  21.322 0.0000000000
122021  -35.446  -27.363  21.351 0.0000000000
122022  -34.895  -27.524  21.171 0.0000000000
122023  -34.365  -27.630  20.947 0.0000000000
125334  -31.164  -27.131  16.470 0.0000000000
125335  -31.010  -27.152  15.831 0.0000000000
125336  -30.887  -27.145  15.188 0.0000000000
125338  -31.065  -26.541  15.220 0.0000000000
125648  -44.051  -33.802  18.179 0.0000000000
125649  -44.735  -33.621  18.298 0.0000000000
125650  -44.163  -34.147  18.596 0.0000000000
125651  -44.257  -34.289  19.185 0.0000000000
125652  -44.222  -34.359  19.943 0.0000000000
125653  -42.964  -34.916  20.167 0.0000000000
125654  -43.539  -34.657  20.461 0.0000000000
125655  -44.174  -34.397  20.712 0.0000000000
125656  -44.110  -34.466  21.462 0.0000000000
125657  -44.055  -34.587  22.178 0.0000000000
125658  -44.036  -34.758  22.844 0.0000000000
130008  -38.869  -30.555  22.142 0.0000000000
130009  -38.982  -31.075  21.844 0.0000000000
130010  -38.372  -31.295  21.831 0.0000000000
130011  -37.888  -32.053  21.452 0.0000000000
130012  -37.416  -32.793  21.031 0.0000000000
130013  -36.681  -32.478  21.228 0.0000000000
130014  -36.830  -33.020  20.902 0.0000000000
130015  -36.974  -33.455  20.615 0.0000000000
130016  -36.599  -34.091  20.099 0.0000000000
130017  -36.275  -34.760  19.322 0.0000000000
130019  -34.635  -33.011  20.194 0.0000000000
130020  -34.851  -33.537  19.834 0.0000000000
130021  -35.058  -34.017  19.506 0.0000000000
131603  -38.128  -22.447  20.229 0.0000000000
131604  -37.755  -22.417  20.396 0.0000000000
131605  -38.293  -21.720  20.235 0.0000000000
131606  -38.532  -20.975  20.320 0.0000000000
131607  -38.841  -20.210  20.437 0.0000000000
131608  -39.749  -19.664  20.071 0.0000000000
131609  -39.470  -19.565  20.322 0.0000000000
131610  -39.150  -19.470  20.563 0.0000000000
131611  -39.368  -18.781  20.713 0.0000000000
131612  -39.663  -17.998  20.790 0.0000000000
131613  -39.942  -17.240  20.839 0.0000000000
131614  -42.377  -17.271  19.709 0.0000000000
131615  -42.060  -17.113  19.959 0.0000000000
131616  -41.721  -16.970  20.195 0.0000000000
131617  -42.666  -15.604  20.150 0.0000000000
131618  -42.019  -16.219  20.291 0.0000000000
131619  -41.370  -16.825  20.397 0.0000000000
131620  -40.995  -16.690  20.576 0.0000000000
131621  -40.625  -16.569  20.721 0.0000000000
131622  -40.220  -16.469  20.842 0.0000000000
131623  -40.478  -15.680  20.809 0.0000000000
131624  -40.694  -14.878  20.758 0.0000000000
131625  -40.906  -14.138  20.580 0.0000000000
131742  -47.028  -19.292  16.210 0.0000000000
131743  -47.110  -19.458  16.831 0.0000000000
131744  -46.568  -19.780  17.380 0.0000000000
131745  -46.066  -20.147  17.957 0.0000000000
131746  -45.582  -20.564  18.627 0.0000000000
131747  -45.119  -20.965  19.306 0.0000000000
131748  -45.003  -20.793  18.547 0.0000000000
131749  -44.418  -21.014  18.443 0.0000000000
131750  -43.836  -21.250  18.381 0.0000000000
131751  -44.137  -20.680  17.099 0.0000000000
131752  -43.704  -21.080  17.714 0.0000000000
131753  -43.318  -21.474  18.373 0.0000000000
131754  -42.759  -21.687  18.439 0.0000000000
131755  -42.197  -21.875  18.493 0.0000000000
131756  -41.678  -21.985  18.507 0.0000000000
131757  -44.250  -18.663  16.476 0.0000000000
131758  -43.640  -19.246  16.595 0.0000000000
131759  -43.007  -19.848  16.745 0.0000000000
131760  -42.865  -19.166  17.375 0.0000000000
131761  -42.626  -19.791  17.145 0.0000000000
131762  -42.475  -20.441  17.131 0.0000000000
131763  -41.975  -21.045  17.579 0.0000000000
131764  -41.537  -21.590  18.086 0.0000000000
131765  -41.143  -22.060  18.657 0.0000000000
131766  -40.637  -22.120  18.806 0.0000000000
131767  -40.196  -22.149  19.023 0.0000000000
131768  -39.781  -22.160  19.256 0.0000000000
131769  -40.323  -20.963  18.839 0.0000000000
131770  -39.838  -21.572  19.121 0.0000000000
131771  -39.348  -22.225  19.476 0.0000000000
131772  -38.923  -22.305  19.750 0.0000000000
131773  -38.498  -22.397  20.022 0.0000000000
134767  -33.176  -21.425  17.736 0.0000000000
134768  -32.831  -22.355  17.033 0.0000000000
134769  -33.104  -21.534  17.163 0.0000000000
134770  -33.055  -21.690  16.581 0.0000000000
134771  -33.030  -21.816  15.994 0.0000000000
134772  -33.489  -20.083  16.800 0.0000000000
134773  -33.286  -20.967  16.123 0.0000000000
134774  -33.058  -21.896  15.386 0.0000000000
134775  -33.097  -21.958  14.821 0.0000000000
134776  -33.123  -22.017  14.238 0.0000000000
134783  -33.852  -19.420  15.360 0.0000000000
134784  -33.736  -20.327  14.663 0.0000000000
134785  -33.529  -21.237  13.912 0.0000000000
135053  -40.393  -37.644  20.060 0.0000000000
135054  -40.707  -37.354  20.576 0.0000000000
135055  -40.614  -37.967  20.325 0.0000000000
135056  -40.858  -38.267  20.564 0.0000000000
135057  -41.136  -38.601  20.774 0.0000000000
135058  -41.119  -39.417  19.577 0.0000000000
135059  -41.292  -39.190  20.284 0.0000000000
135060  -41.489  -38.935  20.929 0.0000000000
135061  -41.894  -39.241  21.040 0.0000000000
135062  -42.297  -39.541  21.155 0.0000000000
135063  -42.682  -39.850  21.243 0.0000000000
141720  -48.052  -28.298  19.588 0.0000000000
141721  -48.118  -28.716  19.031 0.0000000000
141722  -47.621  -28.851  19.241 0.0000000000
141723  -47.178  -29.346  18.934 0.0000000000
141724  -46.682  -29.821  18.640 0.0000000000
141725  -46.044  -29.529  19.316 0.0000000000
141726  -46.087  -29.934  18.778 0.0000000000
141727  -46.156  -30.484  18.270 0.0000000000
141728  -45.640  -31.217  17.927 0.0000000000
141729  -45.078  -31.888  17.776 0.0000000000
141730  -44.446  -32.582  17.728 0.0000000000
141731  -43.831  -30.042  20.251 0.0000000000
141732  -43.847  -30.480  19.628 0.0000000000
141733  -43.854  -30.971  19.012 0.0000000000
141734  -42.816  -31.752  18.991 0.0000000000
141735  -43.353  -31.633  18.713 0.0000000000
141736  -43.922  -31.505  18.458 0.0000000000
141737  -43.879  -32.081  18.053 0.0000000000
141738  -43.862  -32.678  17.850 0.0000000000
141739  -43.921  -33.279  17.899 0.0000000000
141740  -43.400  -33.955  18.101 0.0000000000
141741  -42.881  -34.476  18.333 0.0000000000
141742  -42.344  -34.883  18.762 0.0000000000
141743  -41.736  -34.684  18.240 0.0000000000
141744  -41.778  -35.022  18.629 0.0000000000
141745  -41.785  -35.266  19.157 0.0000000000
141746  -41.232  -35.665  19.522 0.0000000000
141747  -40.757  -36.141  19.757 0.0000000000
141748  -40.437  -36.681  19.824 0.0000000000
141749  -39.110  -31.557  21.489 0.0000000000
141750  -39.219  -32.036  21.072 0.0000000000
141751  -39.309  -32.526  20.615 0.0000000000
141752  -38.254  -33.452  20.366 0.0000000000
141753  -38.801  -33.226  20.310 0.0000000000
141754  -39.391  -32.987  20.202 0.0000000000
141755  -39.434  -33.491  19.744 0.0000000000
141756  -39.475  -33.966  19.264 0.0000000000
141757  -39.502  -34.424  18.810 0.0000000000
141759  -37.253  -35.862  18.050 0.0000000000
141764  -38.570  -35.245  18.560 0.0000000000
141765  -39.021  -35.070  18.522 0.0000000000
141766  -39.532  -34.856  18.467 0.0000000000
141767  -39.635  -35.261  18.319 0.0000000000
141768  -39.731  -35.674  18.334 0.0000000000
141769  -39.787  -36.063  18.506 0.0000000000
141770  -39.034  -36.917  18.217 0.0000000000
141771  -39.403  -36.685  18.524 0.0000000000
141772  -39.836  -36.419  18.783 0.0000000000
141773  -39.903  -36.734  19.093 0.0000000000
141774  -40.034  -36.984  19.401 0.0000000000
141775  -40.210  -37.298  19.767 0.0000000000
141776  -40.084  -37.930  19.515 0.0000000000
141777  -40.143  -38.503  19.136 0.0000000000
141778  -40.293  -39.015  18.632 0.0000000000
146323  -31.302  -28.995  17.677 0.0000000000
146324  -31.351  -28.376  17.636 0.0000000000
146325  -31.420  -27.814  17.568 0.0000000000
146326  -33.122  -27.697  19.994 0.0000000000
146327  -32.794  -27.645  19.632 0.0000000000
146328  -32.510  -27.557  19.283 0.0000000000
146329  -33.039  -26.391  19.509 0.0000000000
146330  -32.621  -26.962  19.193 0.0000000000
146331  -32.226  -27.482  18.884 0.0000000000
146332  -31.960  -27.410  18.455 0.0000000000
146333  -31.724  -27.315  17.977 0.0000000000
146334  -31.534  -27.227  17.532 0.0000000000
146335  -31.686  -26.601  17.536 0.0000000000
146336  -31.821  -26.000  17.504 0.0000000000
146337  -32.033  -25.281  17.620 0.0000000000
146338  -32.556  -24.722  18.539 0.0000000000
146339  -32.396  -24.633  18.156 0.0000000000
146340  -32.255  -24.557  17.723 0.0000000000
146341  -32.481  -23.840  17.812 0.0000000000
146342  -32.714  -23.123  17.898 0.0000000000
146343  -32.981  -22.339  18.000 0.0000000000
146344  -37.353  -22.418  20.534 0.0000000000
146345  -36.944  -22.401  20.622 0.0000000000
146346  -36.585  -22.312  20.710 0.0000000000
146347  -37.454  -20.769  20.802 0.0000000000
146348  -36.835  -21.468  20.782 0.0000000000
146349  -36.227  -22.216  20.741 0.0000000000
146350  -35.835  -22.103  20.723 0.0000000000
146351  -35.473  -22.039  20.669 0.0000000000
146352  -35.091  -22.018  20.551 0.0000000000
146353  -38.547  -17.632  21.060 0.0000000000
146354  -37.890  -18.320  21.077 0.0000000000
146355  -37.233  -19.015  21.029 0.0000000000
146356  -37.144  -18.171  21.002 0.0000000000
146357  -36.888  -18.950  20.999 0.0000000000
146358  -36.584  -19.735  20.931 0.0000000000
146359  -35.972  -20.444  20.819 0.0000000000
146360  -35.310  -21.219  20.614 0.0000000000
146361  -34.718  -21.966  20.395 0.0000000000
146362  -34.411  -21.873  20.188 0.0000000000
146363  -34.145  -21.802  19.937 0.0000000000
146364  -33.906  -21.712  19.671 0.0000000000
146365  -34.675  -20.202  20.050 0.0000000000
146366  -34.169  -20.951  19.744 0.0000000000
146367  -33.683  -21.685  19.299 0.0000000000
146368  -33.515  -21.602  18.972 0.0000000000
146369  -33.354  -21.562  18.540 0.0000000000
146370  -33.243  -21.508  18.133 0.0000000000
146371  -33.516  -20.648  18.269 0.0000000000
146372  -33.757  -19.844  18.354 0.0000000000
146373  -33.975  -19.088  18.397 0.0000000000
146374  -34.519  -18.381  19.183 0.0000000000
146375  -34.354  -18.326  18.838 0.0000000000
146376  -34.224  -18.293  18.481 0.0000000000
146377  -34.486  -17.502  18.518 0.0000000000
146378  -34.716  -16.654  18.576 0.0000000000
146379  -34.879  -15.836  18.617 0.0000000000
146380  -36.442  -15.427  20.312 0.0000000000
146381  -36.179  -15.328  20.094 0.0000000000
146382  -35.898  -15.227  19.859 0.0000000000
146641  -49.498  -27.682  19.371 0.0000000000
146642  -48.955  -27.777  19.590 0.0000000000
146718  -49.290  -25.864  21.396 0.0000000000
146719  -49.440  -26.305  21.038 0.0000000000
146720  -49.603  -26.705  20.636 0.0000000000
146721  -49.203  -27.069  20.329 0.0000000000
146722  -48.852  -27.450  20.081 0.0000000000
146723  -48.452  -27.862  19.827 0.0000000000
146724  -47.999  -27.894  20.070 0.0000000000
146725  -47.477  -28.053  20.197 0.0000000000
146726  -46.933  -28.119  20.364 0.0000000000
146727  -47.180  -27.249  20.924 0.0000000000
146728  -46.776  -27.726  20.729 0.0000000000
146729  -46.394  -28.208  20.538 0.0000000000
146730  -45.782  -28.349  20.709 0.0000000000
146731  -45.190  -28.445  20.965 0.0000000000
146732  -44.639  -28.517  21.221 0.0000000000
146733  -46.368  -25.292  22.201 0.0000000000
146734  -46.039  -25.922  22.030 0.0000000000
146735  -45.686  -26.526  21.886 0.0000000000
146736  -44.928  -26.100  22.148 0.0000000000
146737  -45.111  -26.617  21.984 0.0000000000
146738  -45.304  -27.105  21.741 0.0000000000
146739  -44.939  -27.634  21.656 0.0000000000
146740  -44.538  -28.133  21.586 0.0000000000
146741  -44.097  -28.624  21.466 0.0000000000
146742  -43.524  -28.764  21.699 0.0000000000
146743  -42.922  -28.928  21.885 0.0000000000
146744  -42.347  -29.100  22.097 0.0000000000
146745  -42.562  -28.079  22.429 0.0000000000
146746  -42.155  -28.681  22.358 0.0000000000
146747  -41.745  -29.245  22.245 0.0000000000
146748  -41.145  -29.427  22.308 0.0000000000
146749  -40.532  -29.607  22.376 0.0000000000
146750  -39.925  -29.739  22.388 0.0000000000
146751  -44.693  -21.412  19.952 0.0000000000
146752  -44.310  -21.884  20.516 0.0000000000
146753  -43.932  -22.395  21.055 0.0000000000
146754  -43.192  -22.341  20.344 0.0000000000
146755  -43.370  -22.629  20.927 0.0000000000
146756  -43.573  -22.992  21.413 0.0000000000
146757  -43.216  -23.697  21.708 0.0000000000
146758  -42.844  -24.368  21.926 0.0000000000
146759  -42.529  -24.949  22.069 0.0000000000
146760  -41.169  -23.318  20.231 0.0000000000
146761  -41.290  -23.630  20.734 0.0000000000
146762  -41.385  -23.997  21.127 0.0000000000
146763  -40.424  -24.777  21.460 0.0000000000
146764  -40.973  -24.574  21.466 0.0000000000
146765  -41.545  -24.338  21.465 0.0000000000
146766  -41.745  -24.716  21.774 0.0000000000
146767  -41.947  -25.136  22.055 0.0000000000
146768  -42.164  -25.595  22.327 0.0000000000
146769  -41.713  -26.279  22.553 0.0000000000
146770  -41.314  -26.887  22.661 0.0000000000
146771  -40.907  -27.525  22.762 0.0000000000
146772  -40.083  -27.219  22.639 0.0000000000
146773  -40.319  -27.653  22.719 0.0000000000
146774  -40.541  -28.110  22.744 0.0000000000
146775  -40.144  -28.715  22.669 0.0000000000
146776  -39.733  -29.318  22.542 0.0000000000
146777  -39.308  -29.940  22.351 0.0000000000
146778  -38.680  -30.159  22.328 0.0000000000
146779  -38.025  -30.348  22.275 0.0000000000
146780  -37.408  -30.582  22.164 0.0000000000
146781  -37.635  -29.542  22.441 0.0000000000
146782  -37.219  -30.159  22.278 0.0000000000
146783  -36.800  -30.758  22.043 0.0000000000
146784  -36.178  -30.922  21.856 0.0000000000
146785  -35.568  -31.112  21.651 0.0000000000
146786  -35.013  -31.289  21.392 0.0000000000
146787  -36.904  -27.829  22.088 0.0000000000
146788  -36.444  -28.430  22.092 0.0000000000
146789  -35.982  -29.041  22.026 0.0000000000
146790  -35.130  -28.860  21.695 0.0000000000
146791  -35.352  -29.246  21.817 0.0000000000
146792  -35.566  -29.660  21.907 0.0000000000
146793  -35.146  -30.286  21.731 0.0000000000
146794  -34.769  -30.891  21.441 0.0000000000
146795  -34.464  -31.445  21.083 0.0000000000
146796  -33.923  -31.582  20.739 0.0000000000
155363  -32.448  -23.244  16.300 0.0000000000
155364  -32.047  -24.063  15.556 0.0000000000
155365  -31.705  -24.729  14.754 0.0000000000
156145  -48.254  -29.159  18.525 0.0000000000
156146  -48.434  -29.636  18.129 0.0000000000
156147  -48.662  -30.112  17.851 0.0000000000
156148  -47.598  -30.911  17.769 0.0000000000
156149  -48.239  -30.780  17.760 0.0000000000
156150  -48.897  -30.623  17.735 0.0000000000
156151  -49.091  -31.156  17.877 0.0000000000
156152  -49.283  -31.605  18.298 0.0000000000
156153  -49.413  -31.951  18.897 0.0000000000
156154  -45.487  -33.489  18.370 0.0000000000
156155  -46.166  -33.264  18.570 0.0000000000
156156  -46.830  -33.081  18.778 0.0000000000
156157  -46.171  -33.615  19.961 0.0000000000
156158  -46.866  -33.269  19.477 0.0000000000
156159  -47.489  -32.893  19.013 0.0000000000
156160  -48.162  -32.725  19.232 0.0000000000
156161  -48.809  -32.488  19.403 0.0000000000
156162  -49.458  -32.181  19.557 0.0000000000
156172  -41.072  -37.002  21.098 0.0000000000
156173  -41.482  -36.639  21.577 0.0000000000
156174  -41.933  -36.288  22.027 0.0000000000
156175  -41.801  -37.327  22.287 0.0000000000
156176  -42.024  -36.622  22.425 0.0000000000
156177  -42.389  -35.949  22.421 0.0000000000
156178  -42.887  -35.624  22.823 0.0000000000
156179  -43.458  -35.306  23.140 0.0000000000
156180  -44.053  -35.004  23.481 0.0000000000
156182  -42.941  -38.249  23.405 0.0000000000
156183  -43.057  -37.553  23.744 0.0000000000
156186  -43.299  -36.821  23.987 0.0000000000
156187  -43.635  -36.072  24.101 0.0000000000
156188  -44.102  -35.348  23.995 0.0000000000
