#!ascii label  , from subject fsaverage vox2ras=TkReg
387
90  -13.989  -41.371  -1.809 0.0000000000
359  -20.912  -40.884  -10.144 0.0000000000
838  -18.325  -43.901  -8.848 0.0000000000
1793  -14.573  -42.174  -5.168 0.0000000000
1794  -17.664  -40.384  -4.364 0.0000000000
2005  -12.091  -43.112  0.061 0.0000000000
2007  -17.164  -48.124  -0.809 0.0000000000
2008  -16.064  -45.316  -2.960 0.0000000000
3950  -19.471  -42.332  -9.350 0.0000000000
3954  -18.474  -36.837  -12.539 0.0000000000
4403  -16.822  -46.823  -1.911 0.0000000000
4404  -20.215  -48.576  -3.185 0.0000000000
6113  -16.328  -49.186  -7.702 0.0000000000
6115  -18.551  -48.406  -8.436 0.0000000000
6116  -20.313  -46.602  -8.044 0.0000000000
8021  -13.105  -41.137  -3.555 0.0000000000
8023  -14.177  -39.886  -4.667 0.0000000000
8024  -15.611  -38.909  -5.948 0.0000000000
8593  -12.849  -42.178  -0.896 0.0000000000
8598  -17.073  -49.175  0.426 0.0000000000
8599  -12.713  -46.338  0.058 0.0000000000
8600  -12.653  -45.119  -1.008 0.0000000000
8601  -12.499  -43.705  -1.885 0.0000000000
8602  -12.639  -42.420  -2.725 0.0000000000
8603  -15.178  -43.760  -4.065 0.0000000000
11630  -20.246  -41.576  -9.653 0.0000000000
11631  -18.529  -40.189  -10.456 0.0000000000
11632  -19.069  -39.476  -10.997 0.0000000000
11633  -17.971  -37.385  -11.895 0.0000000000
11634  -19.649  -38.899  -11.588 0.0000000000
11635  -20.189  -38.449  -12.151 0.0000000000
14027  -16.538  -50.546  -7.799 0.0000000000
14028  -17.434  -48.832  -8.274 0.0000000000
14029  -17.921  -50.293  -8.315 0.0000000000
17597  -13.498  -41.509  -4.423 0.0000000000
17598  -13.607  -40.503  -4.064 0.0000000000
17599  -13.714  -40.701  -4.911 0.0000000000
17601  -14.615  -39.367  -6.191 0.0000000000
17605  -17.864  -44.734  -8.529 0.0000000000
18942  -12.904  -43.319  1.062 0.0000000000
18945  -13.768  -42.533  0.049 0.0000000000
18946  -12.408  -42.627  -0.429 0.0000000000
18960  -17.213  -48.704  -0.180 0.0000000000
18961  -14.849  -47.871  0.110 0.0000000000
18962  -14.831  -47.266  -0.506 0.0000000000
18963  -12.747  -45.772  -0.484 0.0000000000
18964  -14.738  -46.666  -1.053 0.0000000000
18965  -16.461  -46.068  -2.456 0.0000000000
18966  -14.128  -45.124  -2.077 0.0000000000
18967  -13.796  -44.340  -2.578 0.0000000000
18968  -12.505  -43.057  -2.287 0.0000000000
18969  -13.750  -43.729  -3.053 0.0000000000
18970  -13.515  -42.973  -3.526 0.0000000000
18971  -15.572  -44.547  -3.514 0.0000000000
25536  -14.313  -41.242  -5.798 0.0000000000
25540  -18.795  -43.139  -9.070 0.0000000000
25542  -17.938  -40.975  -9.927 0.0000000000
26344  -11.828  -43.598  0.546 0.0000000000
26355  -17.024  -47.511  -1.384 0.0000000000
26356  -19.150  -48.238  -1.761 0.0000000000
26357  -18.968  -47.612  -2.334 0.0000000000
26358  -18.590  -46.914  -2.925 0.0000000000
26359  -18.126  -46.206  -3.444 0.0000000000
29623  -17.087  -47.500  -8.044 0.0000000000
29624  -18.006  -46.949  -8.366 0.0000000000
29625  -18.778  -46.188  -8.507 0.0000000000
29626  -19.185  -49.834  -8.287 0.0000000000
29627  -19.506  -47.636  -8.360 0.0000000000
29628  -19.394  -45.312  -8.501 0.0000000000
29629  -20.025  -44.370  -8.399 0.0000000000
34385  -13.243  -41.075  -2.654 0.0000000000
34386  -14.901  -41.049  -2.416 0.0000000000
34387  -14.008  -40.570  -3.234 0.0000000000
34388  -14.820  -40.203  -3.894 0.0000000000
34389  -15.657  -39.838  -4.532 0.0000000000
34390  -14.125  -39.965  -5.520 0.0000000000
34391  -14.884  -39.411  -5.293 0.0000000000
34392  -16.583  -39.516  -5.152 0.0000000000
36036  -14.333  -42.203  -0.486 0.0000000000
36037  -13.394  -41.740  -1.360 0.0000000000
36054  -12.728  -46.923  0.573 0.0000000000
36055  -11.379  -45.605  0.812 0.0000000000
36056  -11.465  -45.024  0.392 0.0000000000
36057  -11.587  -44.466  -0.110 0.0000000000
36058  -11.720  -43.870  -0.528 0.0000000000
36059  -14.438  -45.911  -1.570 0.0000000000
36060  -12.477  -44.354  -1.446 0.0000000000
36061  -11.845  -43.251  -0.955 0.0000000000
36062  -12.078  -42.707  -1.380 0.0000000000
36063  -12.363  -42.104  -1.820 0.0000000000
36064  -12.813  -41.586  -2.262 0.0000000000
36065  -12.744  -41.735  -3.089 0.0000000000
36066  -13.468  -42.233  -3.972 0.0000000000
36067  -14.792  -42.961  -4.611 0.0000000000
36068  -17.580  -45.426  -3.963 0.0000000000
41747  -14.504  -41.634  -1.436 0.0000000000
41749  -14.928  -41.522  -1.672 0.0000000000
42350  -20.586  -41.190  -9.873 0.0000000000
42351  -19.720  -40.568  -10.371 0.0000000000
42352  -20.040  -40.217  -10.649 0.0000000000
42353  -19.387  -39.180  -11.296 0.0000000000
42354  -20.336  -39.926  -10.911 0.0000000000
42355  -20.566  -39.684  -11.145 0.0000000000
44748  -17.204  -50.471  -8.098 0.0000000000
48317  -13.933  -41.823  -4.809 0.0000000000
48318  -13.591  -41.109  -4.682 0.0000000000
48319  -13.936  -41.376  -5.092 0.0000000000
48325  -18.089  -44.307  -8.734 0.0000000000
48327  -17.701  -43.209  -8.964 0.0000000000
49665  -12.832  -42.773  0.053 0.0000000000
49666  -12.253  -42.880  -0.172 0.0000000000
49678  -18.322  -48.735  -0.630 0.0000000000
49680  -17.202  -48.415  -0.500 0.0000000000
49681  -16.073  -48.043  -0.390 0.0000000000
49682  -15.977  -47.722  -0.681 0.0000000000
49683  -14.764  -46.943  -0.778 0.0000000000
49684  -15.943  -47.426  -0.977 0.0000000000
49685  -16.294  -45.708  -2.707 0.0000000000
49686  -15.114  -45.266  -2.535 0.0000000000
49687  -14.943  -44.875  -2.772 0.0000000000
49688  -13.807  -44.053  -2.816 0.0000000000
49689  -14.795  -44.507  -3.039 0.0000000000
49690  -14.550  -44.116  -3.316 0.0000000000
49691  -15.800  -44.916  -3.246 0.0000000000
57925  -19.118  -42.753  -9.198 0.0000000000
57926  -18.401  -42.119  -9.555 0.0000000000
57927  -18.740  -41.736  -9.712 0.0000000000
57935  -18.241  -37.125  -12.211 0.0000000000
57941  -18.774  -36.608  -12.800 0.0000000000
57942  -21.173  -39.208  -11.708 0.0000000000
57943  -20.455  -38.138  -12.455 0.0000000000
59265  -12.234  -43.688  1.086 0.0000000000
59283  -19.165  -48.501  -1.456 0.0000000000
59285  -20.393  -48.860  -2.902 0.0000000000
59286  -19.838  -48.365  -2.453 0.0000000000
59287  -19.682  -48.016  -2.694 0.0000000000
59288  -18.798  -47.272  -2.615 0.0000000000
59289  -19.529  -47.717  -3.017 0.0000000000
65119  -16.769  -48.339  -7.896 0.0000000000
65120  -18.012  -48.653  -8.369 0.0000000000
65121  -17.772  -47.968  -8.302 0.0000000000
65122  -18.281  -47.688  -8.396 0.0000000000
65123  -18.413  -46.551  -8.437 0.0000000000
65124  -18.759  -47.365  -8.485 0.0000000000
65126  -18.823  -50.749  -8.196 0.0000000000
65130  -19.915  -47.093  -8.193 0.0000000000
65131  -19.516  -46.421  -8.363 0.0000000000
65132  -19.863  -45.899  -8.254 0.0000000000
65133  -19.688  -44.838  -8.425 0.0000000000
65134  -20.224  -45.439  -8.127 0.0000000000
75827  -13.116  -41.073  -3.099 0.0000000000
75828  -13.610  -40.836  -2.914 0.0000000000
75829  -13.406  -40.759  -3.366 0.0000000000
75830  -13.910  -40.171  -4.356 0.0000000000
75831  -14.083  -40.242  -3.975 0.0000000000
75832  -14.413  -40.005  -4.315 0.0000000000
75833  -15.222  -40.046  -4.217 0.0000000000
75834  -14.772  -39.807  -4.613 0.0000000000
75835  -14.326  -40.822  -6.104 0.0000000000
75836  -14.056  -40.516  -5.679 0.0000000000
75837  -14.216  -40.121  -5.978 0.0000000000
75838  -14.996  -39.090  -6.060 0.0000000000
75839  -14.676  -39.346  -5.746 0.0000000000
75840  -15.236  -39.156  -5.603 0.0000000000
75841  -15.626  -39.376  -5.228 0.0000000000
75842  -16.113  -39.186  -5.516 0.0000000000
75844  -16.488  -38.990  -5.810 0.0000000000
75845  -16.593  -38.185  -6.877 0.0000000000
75846  -17.135  -38.471  -6.441 0.0000000000
75847  -17.467  -38.239  -6.790 0.0000000000
79872  -13.259  -42.330  -0.453 0.0000000000
79873  -14.050  -42.346  -0.222 0.0000000000
79874  -13.567  -42.126  -0.679 0.0000000000
79875  -13.850  -41.979  -0.893 0.0000000000
79876  -13.126  -41.946  -1.117 0.0000000000
79917  -15.893  -48.776  0.555 0.0000000000
79918  -13.772  -47.107  0.025 0.0000000000
79919  -13.722  -47.332  0.311 0.0000000000
79920  -12.735  -46.630  0.305 0.0000000000
79921  -11.927  -46.263  0.631 0.0000000000
79922  -11.946  -45.974  0.386 0.0000000000
79924  -11.947  -45.682  0.141 0.0000000000
79925  -12.710  -45.441  -0.750 0.0000000000
79926  -11.988  -45.084  -0.343 0.0000000000
79927  -12.023  -44.768  -0.591 0.0000000000
79928  -11.663  -44.170  -0.322 0.0000000000
79929  -12.015  -44.440  -0.809 0.0000000000
79930  -16.930  -47.170  -1.648 0.0000000000
79931  -15.684  -46.712  -1.535 0.0000000000
79932  -15.602  -46.369  -1.771 0.0000000000
79933  -13.126  -44.339  -2.036 0.0000000000
79934  -13.216  -44.694  -1.791 0.0000000000
79935  -12.491  -44.029  -1.669 0.0000000000
79936  -12.000  -43.767  -1.222 0.0000000000
79937  -12.076  -43.478  -1.421 0.0000000000
79938  -11.957  -42.980  -1.159 0.0000000000
79939  -12.142  -43.158  -1.644 0.0000000000
79940  -12.564  -42.732  -2.513 0.0000000000
79941  -12.291  -42.526  -2.077 0.0000000000
79942  -12.415  -42.208  -2.267 0.0000000000
79943  -12.578  -41.835  -2.053 0.0000000000
79944  -12.581  -41.932  -2.495 0.0000000000
79945  -12.739  -41.636  -2.688 0.0000000000
79946  -12.702  -42.100  -2.920 0.0000000000
79947  -14.236  -43.328  -3.835 0.0000000000
79948  -13.461  -42.603  -3.749 0.0000000000
79949  -14.147  -42.943  -4.064 0.0000000000
79950  -14.037  -42.556  -4.328 0.0000000000
79951  -14.974  -43.355  -4.329 0.0000000000
79953  -17.853  -45.803  -3.680 0.0000000000
79954  -18.680  -46.376  -4.019 0.0000000000
91825  -15.382  -40.891  -2.760 0.0000000000
91826  -15.917  -41.310  -2.287 0.0000000000
91827  -16.368  -41.231  -2.604 0.0000000000
93579  -16.787  -42.022  -1.450 0.0000000000
94660  -19.865  -41.962  -9.480 0.0000000000
94661  -19.085  -41.338  -9.887 0.0000000000
94662  -19.392  -40.940  -10.100 0.0000000000
94663  -18.834  -39.830  -10.744 0.0000000000
94664  -18.177  -38.671  -11.200 0.0000000000
94665  -17.708  -37.660  -11.583 0.0000000000
94666  -18.480  -38.391  -11.519 0.0000000000
94667  -18.744  -38.116  -11.842 0.0000000000
94668  -19.065  -37.862  -12.169 0.0000000000
94669  -19.295  -37.637  -12.432 0.0000000000
94670  -19.906  -38.681  -11.878 0.0000000000
94671  -20.852  -39.447  -11.451 0.0000000000
98975  -16.387  -49.824  -7.753 0.0000000000
98976  -16.931  -49.010  -8.103 0.0000000000
98977  -17.037  -49.744  -8.088 0.0000000000
98978  -17.672  -49.634  -8.305 0.0000000000
98979  -18.294  -49.425  -8.413 0.0000000000
105401  -13.254  -41.288  -4.002 0.0000000000
105402  -13.333  -40.785  -3.822 0.0000000000
105403  -13.379  -40.908  -4.239 0.0000000000
105404  -13.604  -40.560  -4.468 0.0000000000
105405  -13.851  -40.201  -4.740 0.0000000000
105407  -14.359  -39.768  -6.307 0.0000000000
105408  -14.577  -39.470  -6.623 0.0000000000
105409  -14.858  -39.108  -6.527 0.0000000000
105410  -15.296  -38.800  -6.383 0.0000000000
105411  -15.960  -38.692  -6.296 0.0000000000
105415  -17.695  -45.143  -8.300 0.0000000000
107827  -14.242  -42.696  0.552 0.0000000000
107828  -13.532  -42.718  0.327 0.0000000000
107829  -12.988  -42.553  -0.217 0.0000000000
107830  -12.601  -42.416  -0.666 0.0000000000
107854  -17.135  -48.923  0.126 0.0000000000
107855  -15.954  -48.543  0.272 0.0000000000
107856  -16.046  -48.312  -0.045 0.0000000000
107857  -14.865  -47.584  -0.211 0.0000000000
107858  -13.748  -46.807  -0.236 0.0000000000
107859  -12.743  -46.062  -0.221 0.0000000000
107860  -13.715  -46.497  -0.511 0.0000000000
107861  -13.657  -46.173  -0.802 0.0000000000
107862  -13.591  -45.872  -1.073 0.0000000000
107863  -16.585  -46.415  -2.198 0.0000000000
107864  -15.430  -45.986  -2.027 0.0000000000
107865  -15.237  -45.609  -2.277 0.0000000000
107866  -13.963  -44.744  -2.335 0.0000000000
107867  -13.071  -43.996  -2.257 0.0000000000
107868  -12.505  -43.376  -2.088 0.0000000000
107869  -13.037  -43.660  -2.460 0.0000000000
107870  -13.015  -43.341  -2.694 0.0000000000
107871  -13.007  -43.012  -2.926 0.0000000000
107872  -12.992  -42.671  -3.133 0.0000000000
107873  -13.602  -43.354  -3.280 0.0000000000
107874  -14.391  -43.730  -3.572 0.0000000000
107875  -15.390  -44.175  -3.768 0.0000000000
115000  -16.261  -40.729  -3.383 0.0000000000
121020  -14.438  -41.698  -5.485 0.0000000000
121030  -18.542  -43.523  -8.967 0.0000000000
121031  -17.941  -42.833  -9.206 0.0000000000
121032  -18.111  -42.473  -9.390 0.0000000000
121035  -18.218  -40.555  -10.181 0.0000000000
121036  -17.352  -39.707  -10.328 0.0000000000
122906  -12.811  -43.533  1.353 0.0000000000
122907  -12.347  -43.443  0.817 0.0000000000
122908  -11.960  -43.363  0.297 0.0000000000
122930  -18.267  -48.426  -0.933 0.0000000000
122931  -17.149  -47.860  -1.099 0.0000000000
122932  -18.163  -48.145  -1.236 0.0000000000
122933  -18.116  -47.857  -1.527 0.0000000000
122934  -18.076  -47.555  -1.801 0.0000000000
122935  -19.924  -48.655  -2.145 0.0000000000
122936  -19.092  -47.948  -2.061 0.0000000000
122937  -17.975  -47.221  -2.086 0.0000000000
122938  -17.835  -46.891  -2.351 0.0000000000
122939  -17.635  -46.521  -2.615 0.0000000000
122940  -17.335  -46.077  -2.895 0.0000000000
122941  -17.142  -45.737  -3.172 0.0000000000
122942  -18.362  -46.564  -3.189 0.0000000000
128485  -17.969  -40.194  -4.676 0.0000000000
130869  -17.399  -46.516  -8.089 0.0000000000
130870  -17.255  -48.154  -8.144 0.0000000000
130871  -17.558  -47.281  -8.236 0.0000000000
130872  -17.772  -46.192  -8.239 0.0000000000
130873  -18.064  -45.825  -8.391 0.0000000000
130874  -18.339  -45.451  -8.541 0.0000000000
130875  -18.608  -45.049  -8.669 0.0000000000
130876  -18.144  -50.982  -8.146 0.0000000000
130877  -18.585  -50.113  -8.324 0.0000000000
130878  -18.891  -49.132  -8.466 0.0000000000
130880  -19.403  -48.759  -8.377 0.0000000000
130881  -19.033  -48.087  -8.435 0.0000000000
130882  -19.169  -46.912  -8.443 0.0000000000
130883  -19.057  -45.750  -8.526 0.0000000000
130884  -18.878  -44.635  -8.730 0.0000000000
130885  -19.123  -44.209  -8.717 0.0000000000
130886  -19.426  -43.720  -8.734 0.0000000000
130887  -19.788  -43.303  -8.810 0.0000000000
130890  -20.140  -42.906  -8.885 0.0000000000
130891  -20.519  -42.539  -9.019 0.0000000000
130892  -20.906  -42.164  -9.190 0.0000000000
144197  -13.523  -41.150  -2.253 0.0000000000
144198  -14.396  -41.213  -2.076 0.0000000000
144199  -13.946  -40.959  -2.540 0.0000000000
144200  -14.441  -40.783  -2.848 0.0000000000
144202  -13.742  -40.472  -3.659 0.0000000000
144203  -14.424  -40.377  -3.559 0.0000000000
144205  -15.760  -40.357  -3.781 0.0000000000
144207  -16.696  -40.092  -4.443 0.0000000000
144208  -13.963  -40.950  -5.386 0.0000000000
144209  -13.865  -40.291  -5.188 0.0000000000
144210  -14.109  -39.892  -5.090 0.0000000000
144211  -14.367  -39.651  -5.854 0.0000000000
144212  -14.370  -39.592  -5.421 0.0000000000
144213  -14.493  -39.652  -4.995 0.0000000000
144214  -15.189  -39.593  -4.916 0.0000000000
144215  -16.106  -39.668  -4.833 0.0000000000
144216  -17.086  -39.898  -4.770 0.0000000000
144220  -16.821  -38.740  -6.134 0.0000000000
149082  -15.954  -42.425  0.750 0.0000000000
149083  -15.605  -42.459  0.256 0.0000000000
149084  -14.537  -42.547  0.292 0.0000000000
149085  -14.836  -42.422  0.004 0.0000000000
149086  -15.109  -42.314  -0.279 0.0000000000
149087  -14.602  -42.080  -0.761 0.0000000000
149088  -14.180  -41.780  -1.182 0.0000000000
149089  -13.687  -41.547  -1.608 0.0000000000
149147  -11.944  -45.415  -0.095 0.0000000000
149148  -11.465  -44.729  0.112 0.0000000000
149149  -11.467  -44.213  0.503 0.0000000000
149150  -11.547  -43.938  0.232 0.0000000000
149151  -11.655  -43.687  -0.008 0.0000000000
149152  -11.760  -43.424  -0.231 0.0000000000
149153  -15.873  -47.104  -1.273 0.0000000000
149154  -14.631  -46.334  -1.322 0.0000000000
149155  -13.422  -45.466  -1.323 0.0000000000
149156  -14.269  -45.495  -1.827 0.0000000000
149157  -13.275  -45.049  -1.549 0.0000000000
149158  -12.536  -44.725  -1.227 0.0000000000
149159  -11.977  -44.082  -1.022 0.0000000000
149160  -11.766  -43.545  -0.745 0.0000000000
149161  -11.855  -43.128  -0.439 0.0000000000
149162  -11.968  -42.872  -0.659 0.0000000000
149163  -12.138  -42.631  -0.899 0.0000000000
149164  -12.324  -42.391  -1.123 0.0000000000
149165  -12.211  -42.847  -1.854 0.0000000000
149166  -12.216  -42.406  -1.604 0.0000000000
149167  -12.498  -42.103  -1.372 0.0000000000
149168  -12.717  -41.836  -1.607 0.0000000000
149169  -13.001  -41.618  -1.815 0.0000000000
149170  -13.279  -41.389  -2.013 0.0000000000
149171  -13.027  -41.334  -2.450 0.0000000000
149172  -12.917  -41.352  -2.894 0.0000000000
149173  -12.911  -41.433  -3.314 0.0000000000
149174  -12.968  -42.338  -3.333 0.0000000000
149175  -13.040  -41.978  -3.557 0.0000000000
149176  -13.131  -41.616  -3.773 0.0000000000
149177  -13.467  -41.857  -4.183 0.0000000000
149178  -13.965  -42.176  -4.574 0.0000000000
149179  -14.640  -42.540  -4.903 0.0000000000
149180  -16.901  -45.371  -3.432 0.0000000000
149181  -16.640  -45.011  -3.698 0.0000000000
149182  -16.437  -44.596  -3.971 0.0000000000
149183  -18.395  -46.007  -4.302 0.0000000000
149184  -17.320  -45.044  -4.254 0.0000000000
149185  -16.146  -44.177  -4.275 0.0000000000
149186  -15.880  -43.773  -4.546 0.0000000000
149187  -15.678  -43.383  -4.823 0.0000000000
149188  -15.492  -42.977  -5.102 0.0000000000
149227  -15.884  -49.370  -7.322 0.0000000000
149231  -15.989  -50.634  -7.455 0.0000000000
163438  -15.407  -41.396  -1.941 0.0000000000
163439  -16.404  -41.692  -1.884 0.0000000000
163440  -17.304  -41.985  -1.799 0.0000000000
