#!ascii label  , from subject fsaverage vox2ras=TkReg
574
197  -6.270  16.596  -9.112 0.0000000000
428  -13.601  14.327  -14.072 0.0000000000
429  -8.302  9.794  -15.222 0.0000000000
954  -6.698  17.581  -18.179 0.0000000000
1336  -15.219  5.916  -15.198 0.0000000000
1507  -6.876  21.212  -14.156 0.0000000000
1508  -6.609  15.071  -13.573 0.0000000000
1960  -10.710  12.653  -14.987 0.0000000000
2437  -18.049  7.635  -15.730 0.0000000000
3472  -6.778  18.958  -11.548 0.0000000000
3473  -6.710  15.923  -11.589 0.0000000000
3474  -5.977  13.243  -9.164 0.0000000000
4300  -8.614  15.993  -16.632 0.0000000000
4301  -9.918  17.226  -15.570 0.0000000000
4302  -9.374  11.429  -15.492 0.0000000000
4306  -6.633  10.246  -12.786 0.0000000000
5447  -15.275  15.085  -14.503 0.0000000000
5449  -16.626  6.782  -15.646 0.0000000000
6325  -7.532  18.543  -18.982 0.0000000000
6326  -7.687  14.643  -16.865 0.0000000000
7011  -12.718  9.056  -15.353 0.0000000000
7012  -14.305  10.102  -15.299 0.0000000000
7358  -5.972  19.912  -16.727 0.0000000000
7359  -6.738  18.381  -13.976 0.0000000000
7360  -6.267  12.008  -11.180 0.0000000000
8473  -11.399  18.029  -14.639 0.0000000000
8474  -12.115  13.528  -14.448 0.0000000000
8475  -11.490  7.699  -15.158 0.0000000000
8478  -6.342  16.901  -16.344 0.0000000000
8479  -6.914  13.131  -15.510 0.0000000000
8480  -7.418  7.362  -13.999 0.0000000000
9183  -5.985  18.670  -7.946 0.0000000000
9867  -15.911  11.036  -15.199 0.0000000000
9868  -17.331  11.921  -15.770 0.0000000000
9870  -19.430  8.393  -15.923 0.0000000000
11152  -6.658  17.842  -10.266 0.0000000000
11153  -6.604  16.232  -10.314 0.0000000000
11154  -6.116  15.063  -9.192 0.0000000000
11980  -8.486  13.344  -16.077 0.0000000000
11981  -8.964  13.962  -15.865 0.0000000000
11982  -8.844  10.578  -15.454 0.0000000000
11983  -9.313  7.889  -14.780 0.0000000000
11984  -8.835  6.790  -14.298 0.0000000000
13127  -14.432  14.760  -14.141 0.0000000000
14380  -6.480  19.342  -19.294 0.0000000000
14382  -7.073  17.942  -18.754 0.0000000000
14383  -7.655  16.709  -17.867 0.0000000000
14384  -7.176  16.098  -17.691 0.0000000000
15526  -13.203  6.734  -15.241 0.0000000000
16178  -6.516  20.689  -15.438 0.0000000000
16179  -6.838  19.822  -14.065 0.0000000000
16180  -6.221  12.739  -10.180 0.0000000000
16181  -6.526  14.100  -11.281 0.0000000000
16182  -5.939  10.567  -10.153 0.0000000000
16183  -5.738  7.950  -10.197 0.0000000000
18663  -10.286  15.098  -14.924 0.0000000000
18664  -10.673  17.689  -15.010 0.0000000000
18665  -11.024  15.496  -14.580 0.0000000000
18666  -11.780  15.851  -14.310 0.0000000000
18667  -11.424  13.179  -14.668 0.0000000000
18668  -11.736  10.839  -15.048 0.0000000000
18669  -11.032  10.019  -15.205 0.0000000000
18675  -6.352  17.866  -15.259 0.0000000000
18676  -6.103  18.440  -16.603 0.0000000000
18677  -6.410  16.202  -15.047 0.0000000000
18678  -6.686  7.362  -12.634 0.0000000000
18679  -6.836  12.152  -14.107 0.0000000000
18680  -6.830  9.094  -13.668 0.0000000000
18681  -7.142  10.496  -14.834 0.0000000000
18682  -7.178  5.836  -13.141 0.0000000000
20399  -6.191  20.561  -8.562 0.0000000000
20401  -5.468  17.846  -6.962 0.0000000000
22103  -14.671  7.969  -15.771 0.0000000000
22104  -15.119  10.689  -15.173 0.0000000000
22105  -15.422  8.629  -15.700 0.0000000000
22106  -17.356  7.250  -15.744 0.0000000000
22107  -16.939  9.268  -15.741 0.0000000000
22108  -17.636  9.689  -15.887 0.0000000000
22109  -17.778  12.167  -16.285 0.0000000000
22110  -18.260  10.086  -16.034 0.0000000000
22111  -18.817  10.405  -16.425 0.0000000000
22112  -18.719  7.992  -15.803 0.0000000000
23606  -6.269  19.000  -18.538 0.0000000000
24682  -6.903  20.071  -12.841 0.0000000000
24683  -6.895  18.694  -12.814 0.0000000000
24684  -6.789  17.466  -11.593 0.0000000000
24685  -6.465  14.741  -10.308 0.0000000000
24686  -5.769  11.268  -9.165 0.0000000000
26172  -8.739  18.269  -17.268 0.0000000000
26173  -9.410  18.889  -16.651 0.0000000000
26174  -9.227  16.686  -16.111 0.0000000000
26175  -9.556  14.570  -15.515 0.0000000000
26176  -10.007  12.010  -15.366 0.0000000000
26177  -10.455  9.394  -15.247 0.0000000000
26178  -9.873  8.765  -15.098 0.0000000000
26181  -6.449  11.206  -11.982 0.0000000000
26182  -6.685  12.986  -13.180 0.0000000000
26183  -6.423  8.523  -11.910 0.0000000000
26184  -6.514  5.387  -11.867 0.0000000000
28239  -15.901  6.413  -15.544 0.0000000000
28957  -5.791  15.561  -8.094 0.0000000000
30119  -8.103  19.353  -18.736 0.0000000000
30120  -8.151  17.427  -17.759 0.0000000000
30121  -8.121  15.423  -16.875 0.0000000000
30122  -8.041  12.626  -15.948 0.0000000000
31719  -13.190  11.809  -14.637 0.0000000000
31720  -13.981  12.175  -14.518 0.0000000000
31721  -13.515  9.673  -15.348 0.0000000000
31722  -13.924  7.461  -15.691 0.0000000000
31723  -14.577  5.297  -14.833 0.0000000000
32590  -6.375  19.268  -15.302 0.0000000000
32591  -6.600  16.835  -13.841 0.0000000000
32592  -6.787  17.292  -12.788 0.0000000000
32593  -6.664  15.718  -12.650 0.0000000000
32594  -6.624  13.589  -12.257 0.0000000000
32595  -6.095  9.561  -11.060 0.0000000000
32598  -5.511  12.028  -8.261 0.0000000000
35687  -13.274  16.510  -13.988 0.0000000000
35694  -12.133  18.218  -14.330 0.0000000000
35695  -12.493  16.180  -14.111 0.0000000000
35696  -12.848  13.924  -14.205 0.0000000000
35697  -12.447  11.280  -14.832 0.0000000000
35698  -12.099  8.311  -15.310 0.0000000000
35700  -10.870  6.887  -14.985 0.0000000000
35706  -5.709  20.166  -17.917 0.0000000000
35707  -6.115  18.806  -17.663 0.0000000000
35708  -6.444  17.300  -17.360 0.0000000000
35709  -6.612  14.336  -14.688 0.0000000000
35710  -6.587  15.176  -15.988 0.0000000000
35711  -6.843  15.615  -17.032 0.0000000000
35712  -7.240  13.893  -16.438 0.0000000000
35713  -7.647  11.723  -15.594 0.0000000000
35714  -7.847  8.744  -14.651 0.0000000000
37780  -6.771  20.938  -12.270 0.0000000000
37781  -6.647  19.890  -11.077 0.0000000000
37782  -6.465  18.744  -9.728 0.0000000000
37790  -6.344  19.715  -9.136 0.0000000000
37791  -6.149  17.711  -8.577 0.0000000000
37792  -5.711  16.614  -7.531 0.0000000000
39837  -14.858  12.669  -14.508 0.0000000000
39838  -15.635  13.107  -14.733 0.0000000000
39839  -16.354  13.555  -15.156 0.0000000000
39840  -16.188  8.866  -15.667 0.0000000000
39841  -16.672  11.497  -15.386 0.0000000000
39849  -19.395  6.176  -15.112 0.0000000000
41872  -6.493  17.238  -9.675 0.0000000000
41873  -6.437  16.423  -9.696 0.0000000000
41874  -6.203  15.853  -9.170 0.0000000000
42700  -8.422  11.821  -15.836 0.0000000000
42701  -8.621  12.025  -15.758 0.0000000000
42702  -8.573  10.294  -15.372 0.0000000000
42703  -8.805  8.772  -14.945 0.0000000000
42704  -8.529  8.275  -14.768 0.0000000000
43845  -13.828  15.656  -14.025 0.0000000000
43846  -14.262  15.848  -14.103 0.0000000000
43847  -14.030  14.574  -14.057 0.0000000000
45100  -6.604  18.439  -18.719 0.0000000000
45101  -6.777  18.624  -19.045 0.0000000000
45102  -6.855  17.738  -18.503 0.0000000000
45103  -7.148  17.084  -18.191 0.0000000000
45104  -6.922  16.826  -17.971 0.0000000000
46898  -6.719  20.910  -14.709 0.0000000000
46899  -6.867  20.521  -14.088 0.0000000000
46900  -5.876  10.956  -9.670 0.0000000000
46901  -6.084  11.636  -10.131 0.0000000000
46902  -5.720  9.730  -9.714 0.0000000000
46903  -5.630  8.444  -9.780 0.0000000000
49383  -10.499  13.866  -14.917 0.0000000000
49384  -10.636  15.325  -14.741 0.0000000000
49385  -10.836  14.200  -14.733 0.0000000000
49386  -11.258  14.306  -14.563 0.0000000000
49387  -11.057  12.918  -14.826 0.0000000000
49388  -11.241  11.706  -14.971 0.0000000000
49389  -10.916  11.368  -15.121 0.0000000000
49395  -6.478  16.572  -14.432 0.0000000000
49396  -6.368  17.051  -15.178 0.0000000000
49397  -6.525  15.717  -14.329 0.0000000000
49398  -6.893  5.717  -12.493 0.0000000000
49399  -6.758  8.244  -13.085 0.0000000000
49400  -6.913  6.624  -12.879 0.0000000000
49401  -6.909  7.486  -13.435 0.0000000000
52823  -14.863  6.977  -15.655 0.0000000000
52824  -15.034  8.305  -15.752 0.0000000000
52825  -15.245  7.207  -15.712 0.0000000000
52826  -17.706  7.434  -15.738 0.0000000000
52827  -17.487  8.544  -15.893 0.0000000000
52828  -17.794  8.666  -15.913 0.0000000000
52829  -17.930  9.881  -15.928 0.0000000000
52830  -18.125  8.789  -15.896 0.0000000000
52831  -18.454  8.991  -15.980 0.0000000000
52832  -18.390  7.702  -15.742 0.0000000000
54703  -6.068  19.822  -19.209 0.0000000000
56497  -6.856  19.516  -12.194 0.0000000000
56498  -6.871  18.828  -12.212 0.0000000000
56499  -6.813  18.259  -11.588 0.0000000000
56500  -6.284  14.874  -9.736 0.0000000000
56501  -6.545  15.500  -10.338 0.0000000000
56502  -6.242  14.005  -9.703 0.0000000000
56503  -6.131  13.043  -9.662 0.0000000000
56504  -5.889  12.249  -9.151 0.0000000000
58980  -8.676  17.184  -16.943 0.0000000000
58981  -8.994  17.541  -16.637 0.0000000000
58982  -8.895  16.374  -16.383 0.0000000000
58983  -9.153  12.744  -15.644 0.0000000000
58984  -9.239  14.262  -15.699 0.0000000000
58985  -9.441  13.014  -15.555 0.0000000000
58986  -9.782  13.305  -15.400 0.0000000000
58987  -9.695  11.686  -15.481 0.0000000000
58988  -9.900  10.510  -15.399 0.0000000000
58989  -9.619  10.077  -15.366 0.0000000000
58990  -9.374  6.024  -14.213 0.0000000000
58991  -9.581  6.522  -14.470 0.0000000000
58995  -6.230  9.058  -11.488 0.0000000000
58996  -6.426  9.938  -11.953 0.0000000000
58997  -6.232  7.636  -11.473 0.0000000000
62418  -15.057  16.181  -14.503 0.0000000000
62422  -15.631  15.412  -14.759 0.0000000000
66183  -7.188  19.110  -19.460 0.0000000000
66187  -7.827  18.947  -18.883 0.0000000000
66188  -8.148  18.474  -18.281 0.0000000000
66189  -7.861  17.986  -18.363 0.0000000000
66190  -7.711  15.690  -17.408 0.0000000000
66191  -7.877  16.112  -17.403 0.0000000000
66192  -7.893  14.958  -16.890 0.0000000000
66193  -8.086  14.052  -16.442 0.0000000000
66194  -7.878  13.683  -16.400 0.0000000000
69615  -12.924  10.457  -15.111 0.0000000000
69616  -13.442  10.799  -15.022 0.0000000000
69617  -13.124  9.354  -15.361 0.0000000000
69619  -13.571  6.989  -15.460 0.0000000000
69620  -13.886  6.059  -15.099 0.0000000000
69621  -14.221  6.344  -15.327 0.0000000000
69622  -14.250  5.025  -14.641 0.0000000000
71575  -6.673  19.578  -14.686 0.0000000000
71576  -6.439  19.973  -15.367 0.0000000000
71577  -6.611  18.831  -14.621 0.0000000000
71578  -6.545  18.065  -14.508 0.0000000000
71579  -6.660  17.638  -13.906 0.0000000000
71580  -6.807  17.330  -12.186 0.0000000000
71581  -6.878  17.995  -12.762 0.0000000000
71582  -6.746  16.580  -12.206 0.0000000000
71583  -6.391  13.048  -11.222 0.0000000000
71584  -6.708  14.935  -12.077 0.0000000000
71585  -6.592  13.959  -11.904 0.0000000000
71586  -6.627  14.774  -12.539 0.0000000000
71587  -6.473  12.865  -11.733 0.0000000000
71588  -6.386  11.673  -11.576 0.0000000000
71589  -6.180  10.923  -11.091 0.0000000000
79018  -13.482  17.753  -14.130 0.0000000000
79019  -13.084  17.560  -14.084 0.0000000000
79028  -9.673  18.149  -16.080 0.0000000000
79030  -10.016  18.352  -15.777 0.0000000000
79031  -11.018  17.848  -14.858 0.0000000000
79032  -10.765  18.744  -15.161 0.0000000000
79033  -11.088  18.885  -14.962 0.0000000000
79037  -11.761  18.178  -14.509 0.0000000000
79038  -11.951  14.671  -14.313 0.0000000000
79039  -12.139  16.030  -14.200 0.0000000000
79040  -12.313  14.847  -14.217 0.0000000000
79041  -12.653  15.082  -14.104 0.0000000000
79042  -12.516  13.706  -14.334 0.0000000000
79043  -12.669  12.597  -14.500 0.0000000000
79044  -12.298  12.402  -14.612 0.0000000000
79045  -11.590  9.247  -15.224 0.0000000000
79046  -11.909  9.547  -15.213 0.0000000000
79047  -11.795  8.013  -15.236 0.0000000000
79048  -12.033  6.908  -15.087 0.0000000000
79049  -11.729  6.481  -14.910 0.0000000000
79050  -10.387  7.805  -14.968 0.0000000000
79051  -10.656  8.118  -15.130 0.0000000000
79065  -5.708  20.783  -17.469 0.0000000000
79067  -5.794  20.079  -17.343 0.0000000000
79068  -6.244  17.700  -16.458 0.0000000000
79069  -6.110  18.673  -17.156 0.0000000000
79070  -6.233  17.889  -17.001 0.0000000000
79071  -6.288  18.084  -17.501 0.0000000000
79072  -6.369  17.077  -16.887 0.0000000000
79073  -6.771  11.609  -12.841 0.0000000000
79074  -6.661  13.746  -13.888 0.0000000000
79075  -6.790  12.590  -13.658 0.0000000000
79076  -6.801  12.539  -14.836 0.0000000000
79077  -6.688  13.769  -15.178 0.0000000000
79078  -6.747  14.161  -15.736 0.0000000000
79079  -6.699  15.388  -16.438 0.0000000000
79080  -6.876  14.482  -16.274 0.0000000000
79081  -7.031  14.769  -16.756 0.0000000000
79082  -7.063  13.532  -16.000 0.0000000000
79083  -7.243  8.916  -14.406 0.0000000000
79084  -7.360  10.981  -15.087 0.0000000000
79085  -7.475  9.521  -14.759 0.0000000000
79086  -7.702  10.310  -15.126 0.0000000000
79087  -7.626  8.026  -14.353 0.0000000000
84214  -6.661  20.856  -11.351 0.0000000000
84215  -6.599  20.358  -10.710 0.0000000000
84216  -6.588  19.350  -10.364 0.0000000000
84217  -6.502  19.816  -10.086 0.0000000000
84236  -6.099  19.649  -8.245 0.0000000000
84237  -6.276  20.158  -8.851 0.0000000000
84238  -6.207  19.266  -8.552 0.0000000000
84239  -6.257  18.756  -8.868 0.0000000000
84240  -6.086  18.232  -8.284 0.0000000000
84241  -5.976  17.245  -8.049 0.0000000000
84242  -5.856  17.712  -7.734 0.0000000000
89348  -14.160  11.138  -14.867 0.0000000000
89349  -14.436  12.434  -14.474 0.0000000000
89350  -14.572  11.415  -14.817 0.0000000000
89351  -15.526  10.870  -15.159 0.0000000000
89352  -15.347  11.860  -14.850 0.0000000000
89353  -15.824  12.105  -14.902 0.0000000000
89354  -16.040  13.356  -14.905 0.0000000000
89355  -16.216  12.388  -15.052 0.0000000000
89356  -16.285  6.558  -15.577 0.0000000000
89357  -16.001  7.620  -15.852 0.0000000000
89358  -16.370  7.821  -15.857 0.0000000000
89359  -17.162  10.610  -15.682 0.0000000000
89360  -16.807  10.412  -15.585 0.0000000000
89361  -17.019  11.741  -15.562 0.0000000000
89362  -16.860  12.801  -15.474 0.0000000000
89363  -17.151  13.062  -15.728 0.0000000000
89366  -17.995  12.349  -16.667 0.0000000000
89373  -19.112  9.326  -16.223 0.0000000000
89375  -19.461  9.592  -16.316 0.0000000000
89379  -19.054  5.992  -15.145 0.0000000000
93802  -6.706  18.393  -10.893 0.0000000000
93803  -6.716  17.664  -10.957 0.0000000000
93804  -6.646  16.970  -10.255 0.0000000000
93805  -6.357  15.656  -9.722 0.0000000000
93806  -6.014  14.237  -9.192 0.0000000000
95292  -8.557  14.831  -16.315 0.0000000000
95293  -8.779  15.057  -16.191 0.0000000000
95294  -8.708  13.658  -15.977 0.0000000000
95295  -8.891  12.404  -15.704 0.0000000000
95296  -9.146  11.068  -15.483 0.0000000000
95297  -9.342  9.745  -15.244 0.0000000000
95298  -9.078  9.221  -15.102 0.0000000000
95299  -9.071  7.337  -14.553 0.0000000000
97356  -14.665  16.035  -14.259 0.0000000000
97357  -14.849  14.964  -14.267 0.0000000000
99612  -6.331  20.153  -19.918 0.0000000000
99615  -6.955  18.855  -19.303 0.0000000000
99616  -7.273  18.222  -18.921 0.0000000000
99617  -7.627  17.581  -18.352 0.0000000000
99618  -7.393  17.327  -18.308 0.0000000000
99619  -7.444  16.413  -17.823 0.0000000000
99620  -7.454  15.446  -17.342 0.0000000000
101673  -12.571  7.647  -15.417 0.0000000000
101674  -12.907  7.864  -15.427 0.0000000000
102850  -6.709  20.266  -14.713 0.0000000000
102851  -6.795  19.109  -14.032 0.0000000000
102852  -6.524  14.493  -10.875 0.0000000000
102853  -6.650  15.133  -11.509 0.0000000000
102854  -6.393  13.399  -10.719 0.0000000000
102855  -6.254  12.344  -10.636 0.0000000000
102856  -6.107  11.301  -10.647 0.0000000000
102857  -5.988  10.085  -10.598 0.0000000000
102858  -5.825  9.308  -10.164 0.0000000000
107321  -10.123  16.216  -15.171 0.0000000000
107322  -10.277  17.454  -15.286 0.0000000000
107323  -10.492  16.455  -14.934 0.0000000000
107324  -10.860  16.649  -14.756 0.0000000000
107325  -11.231  16.801  -14.602 0.0000000000
107326  -11.608  16.967  -14.437 0.0000000000
107327  -11.409  15.662  -14.438 0.0000000000
107328  -11.579  14.582  -14.396 0.0000000000
107329  -11.768  13.390  -14.535 0.0000000000
107330  -11.939  12.212  -14.725 0.0000000000
107331  -11.588  12.011  -14.839 0.0000000000
107332  -11.396  10.462  -15.128 0.0000000000
107333  -11.249  8.852  -15.212 0.0000000000
107343  -6.164  18.960  -16.043 0.0000000000
107344  -6.008  19.204  -16.669 0.0000000000
107345  -6.197  18.202  -15.968 0.0000000000
107346  -6.239  17.436  -15.869 0.0000000000
107347  -6.328  16.617  -15.720 0.0000000000
107348  -6.616  8.832  -12.715 0.0000000000
107349  -6.700  11.210  -13.424 0.0000000000
107350  -6.684  9.774  -13.262 0.0000000000
107351  -6.802  10.639  -13.881 0.0000000000
107352  -6.882  11.305  -14.570 0.0000000000
107353  -7.118  12.000  -15.172 0.0000000000
107354  -6.919  9.838  -14.300 0.0000000000
107355  -7.025  8.279  -13.987 0.0000000000
110447  -6.008  20.109  -7.943 0.0000000000
110449  -5.737  18.256  -7.429 0.0000000000
113513  -14.484  9.017  -15.623 0.0000000000
113514  -14.714  10.309  -15.277 0.0000000000
113515  -14.874  9.284  -15.561 0.0000000000
113516  -15.276  9.662  -15.471 0.0000000000
113517  -15.655  9.820  -15.473 0.0000000000
113518  -16.991  6.990  -15.639 0.0000000000
113519  -16.719  8.064  -15.805 0.0000000000
113520  -17.099  8.183  -15.848 0.0000000000
113521  -17.297  9.573  -15.787 0.0000000000
113522  -17.483  10.854  -15.815 0.0000000000
113523  -17.563  12.138  -15.999 0.0000000000
113524  -17.745  10.984  -15.970 0.0000000000
113525  -18.022  11.127  -16.160 0.0000000000
113526  -18.311  11.332  -16.442 0.0000000000
113528  -18.548  10.287  -16.251 0.0000000000
113529  -18.770  9.209  -16.089 0.0000000000
113530  -19.063  8.200  -15.879 0.0000000000
116520  -6.194  20.031  -19.548 0.0000000000
116521  -6.337  19.133  -18.970 0.0000000000
116522  -6.495  18.274  -18.359 0.0000000000
119032  -6.906  20.689  -13.513 0.0000000000
119033  -6.933  20.027  -13.478 0.0000000000
119034  -6.907  19.394  -12.849 0.0000000000
119035  -6.842  18.086  -12.205 0.0000000000
119036  -6.755  16.690  -11.608 0.0000000000
119037  -6.723  16.785  -10.988 0.0000000000
119038  -6.698  16.024  -10.967 0.0000000000
119039  -6.633  15.289  -10.933 0.0000000000
119040  -6.350  13.793  -10.240 0.0000000000
119041  -6.008  12.024  -9.648 0.0000000000
119042  -5.650  10.227  -9.242 0.0000000000
122508  -8.765  19.195  -17.685 0.0000000000
122510  -9.047  18.554  -16.937 0.0000000000
122511  -9.341  17.838  -16.335 0.0000000000
122512  -9.569  16.990  -15.852 0.0000000000
122513  -9.106  15.386  -15.892 0.0000000000
122514  -9.403  15.747  -15.735 0.0000000000
122515  -9.772  15.990  -15.441 0.0000000000
122516  -9.920  14.850  -15.202 0.0000000000
122517  -10.124  13.607  -15.161 0.0000000000
122518  -10.357  12.331  -15.174 0.0000000000
122519  -10.591  11.140  -15.250 0.0000000000
122520  -10.248  10.690  -15.332 0.0000000000
122521  -10.147  9.148  -15.189 0.0000000000
122522  -10.132  7.410  -14.764 0.0000000000
122523  -9.581  8.346  -14.972 0.0000000000
122529  -6.668  13.227  -12.673 0.0000000000
122530  -6.642  14.101  -13.405 0.0000000000
122531  -6.688  12.119  -12.527 0.0000000000
122532  -6.627  10.744  -12.430 0.0000000000
122533  -6.566  9.362  -12.340 0.0000000000
122536  -6.542  7.902  -12.265 0.0000000000
122537  -6.643  6.400  -12.207 0.0000000000
122538  -6.760  4.874  -12.315 0.0000000000
127328  -15.599  4.957  -14.718 0.0000000000
127329  -15.546  6.173  -15.426 0.0000000000
127330  -15.917  5.208  -14.941 0.0000000000
127337  -17.663  6.241  -15.466 0.0000000000
127338  -18.013  6.435  -15.446 0.0000000000
127339  -18.356  6.584  -15.480 0.0000000000
129067  -6.034  16.051  -8.587 0.0000000000
129068  -5.958  15.272  -8.646 0.0000000000
129069  -5.723  14.760  -8.142 0.0000000000
132221  -8.438  19.786  -18.457 0.0000000000
132222  -8.392  18.830  -18.067 0.0000000000
132223  -8.431  17.867  -17.564 0.0000000000
132224  -8.397  16.762  -17.168 0.0000000000
132225  -7.883  17.042  -17.855 0.0000000000
132226  -8.140  16.401  -17.311 0.0000000000
132227  -8.376  15.671  -16.755 0.0000000000
132228  -8.321  14.429  -16.445 0.0000000000
132229  -8.259  12.979  -16.091 0.0000000000
132230  -8.147  11.352  -15.601 0.0000000000
136563  -13.408  13.053  -14.280 0.0000000000
136564  -13.799  13.243  -14.243 0.0000000000
136565  -13.596  12.005  -14.548 0.0000000000
136566  -13.724  10.977  -14.952 0.0000000000
136567  -13.890  9.895  -15.306 0.0000000000
136568  -13.311  8.235  -15.540 0.0000000000
136569  -13.654  8.564  -15.545 0.0000000000
136570  -14.097  8.833  -15.618 0.0000000000
136571  -14.331  7.688  -15.791 0.0000000000
136572  -14.562  6.602  -15.461 0.0000000000
136573  -14.892  5.616  -15.052 0.0000000000
136581  -15.004  4.316  -14.287 0.0000000000
136582  -15.316  4.623  -14.495 0.0000000000
139001  -5.973  20.594  -16.791 0.0000000000
139004  -6.180  19.639  -16.039 0.0000000000
139005  -6.371  18.569  -15.290 0.0000000000
139006  -6.491  17.332  -14.481 0.0000000000
139007  -6.561  16.000  -13.781 0.0000000000
139008  -6.932  19.335  -13.432 0.0000000000
139009  -6.896  18.615  -13.382 0.0000000000
139010  -6.787  17.911  -13.359 0.0000000000
139011  -6.696  15.782  -12.190 0.0000000000
139012  -6.719  16.535  -12.741 0.0000000000
139013  -6.705  17.142  -13.299 0.0000000000
139014  -6.648  16.332  -13.243 0.0000000000
139015  -6.617  15.425  -13.187 0.0000000000
139016  -6.647  14.316  -12.892 0.0000000000
139017  -6.584  12.365  -12.014 0.0000000000
139018  -6.274  10.454  -11.542 0.0000000000
139019  -6.049  8.186  -11.059 0.0000000000
139020  -5.913  8.719  -10.595 0.0000000000
139021  -5.870  7.244  -10.628 0.0000000000
139026  -5.873  14.475  -8.691 0.0000000000
139027  -5.818  13.572  -8.683 0.0000000000
139028  -5.736  12.633  -8.701 0.0000000000
139030  -5.420  10.962  -8.312 0.0000000000
139031  -5.637  11.617  -8.733 0.0000000000
148055  -13.452  15.446  -13.969 0.0000000000
148065  -9.448  19.843  -16.954 0.0000000000
148068  -10.423  18.597  -15.405 0.0000000000
148077  -11.963  17.131  -14.304 0.0000000000
148078  -12.322  17.222  -14.162 0.0000000000
148079  -12.686  17.367  -14.134 0.0000000000
148080  -12.858  16.319  -14.044 0.0000000000
148081  -13.043  15.235  -13.996 0.0000000000
148082  -13.244  14.077  -14.086 0.0000000000
148083  -13.026  12.843  -14.374 0.0000000000
148084  -12.804  11.551  -14.725 0.0000000000
148085  -12.583  10.163  -15.145 0.0000000000
148086  -12.115  11.044  -14.930 0.0000000000
148087  -12.247  9.741  -15.197 0.0000000000
148088  -12.405  8.661  -15.365 0.0000000000
148089  -12.317  7.289  -15.321 0.0000000000
148092  -10.765  9.797  -15.255 0.0000000000
148093  -10.947  8.491  -15.202 0.0000000000
148094  -11.182  7.322  -15.070 0.0000000000
148112  -5.725  20.226  -18.427 0.0000000000
148113  -5.933  19.360  -17.242 0.0000000000
148114  -5.925  19.492  -17.788 0.0000000000
148115  -5.937  19.570  -18.288 0.0000000000
148116  -6.166  18.906  -18.119 0.0000000000
148117  -6.390  18.188  -17.952 0.0000000000
148118  -6.587  17.420  -17.787 0.0000000000
148119  -6.560  14.806  -14.129 0.0000000000
148120  -6.478  15.363  -14.852 0.0000000000
148121  -6.427  15.764  -15.582 0.0000000000
148122  -6.721  13.239  -14.474 0.0000000000
148123  -6.559  14.823  -15.443 0.0000000000
148124  -6.426  16.037  -16.232 0.0000000000
148125  -6.530  16.256  -16.702 0.0000000000
148126  -6.626  16.472  -17.204 0.0000000000
148127  -6.778  16.657  -17.643 0.0000000000
148128  -6.971  15.894  -17.458 0.0000000000
148129  -7.215  15.140  -17.159 0.0000000000
148130  -7.459  14.276  -16.737 0.0000000000
148131  -7.240  12.519  -15.655 0.0000000000
148132  -7.448  12.874  -16.045 0.0000000000
148133  -7.676  13.296  -16.303 0.0000000000
148134  -7.852  12.133  -15.879 0.0000000000
148135  -7.958  10.815  -15.328 0.0000000000
148136  -8.089  9.292  -14.891 0.0000000000
148161  -7.888  6.403  -13.857 0.0000000000
148162  -8.075  7.089  -14.184 0.0000000000
148163  -8.287  7.681  -14.478 0.0000000000
154300  -6.876  21.095  -13.210 0.0000000000
154301  -6.814  20.515  -12.568 0.0000000000
154302  -6.753  19.948  -11.940 0.0000000000
154304  -6.707  20.412  -11.691 0.0000000000
154305  -6.712  19.430  -11.280 0.0000000000
154306  -6.661  18.901  -10.647 0.0000000000
154307  -6.560  18.311  -10.007 0.0000000000
154308  -6.403  17.672  -9.393 0.0000000000
154332  -6.443  20.212  -9.756 0.0000000000
154333  -6.394  19.256  -9.465 0.0000000000
154334  -6.318  18.199  -9.137 0.0000000000
154335  -6.217  17.108  -8.825 0.0000000000
154336  -6.001  16.657  -8.338 0.0000000000
154337  -5.754  16.098  -7.839 0.0000000000
154339  -5.584  17.266  -7.229 0.0000000000
154340  -5.412  16.207  -7.077 0.0000000000
160467  -14.222  13.484  -14.241 0.0000000000
160468  -14.666  13.702  -14.283 0.0000000000
160469  -15.089  13.906  -14.409 0.0000000000
160470  -14.969  11.675  -14.831 0.0000000000
160471  -15.255  12.925  -14.609 0.0000000000
160472  -15.479  14.149  -14.596 0.0000000000
160473  -15.828  14.339  -14.817 0.0000000000
160476  -15.612  7.422  -15.843 0.0000000000
160477  -15.816  8.706  -15.762 0.0000000000
160478  -16.047  9.941  -15.480 0.0000000000
160479  -16.561  9.095  -15.700 0.0000000000
160480  -16.422  10.193  -15.479 0.0000000000
160481  -16.315  11.257  -15.294 0.0000000000
160482  -16.560  12.561  -15.242 0.0000000000
160503  -18.682  6.804  -15.519 0.0000000000
160504  -19.048  7.086  -15.570 0.0000000000
160506  -19.837  5.360  -14.593 0.0000000000
