#!ascii label  , from subject fsaverage vox2ras=TkReg
2262
93  -42.896  6.335  18.503 0.0000000000
120  -53.786  21.350  16.670 0.0000000000
262  -37.368  14.416  23.008 0.0000000000
263  -48.874  13.815  21.609 0.0000000000
455  -37.825  3.104  23.980 0.0000000000
456  -33.797  13.004  28.610 0.0000000000
458  -38.528  13.263  35.915 0.0000000000
522  -48.314  8.008  9.137 0.0000000000
523  -52.077  14.110  8.658 0.0000000000
524  -46.737  19.204  10.179 0.0000000000
742  -35.792  19.130  23.472 0.0000000000
743  -39.940  17.577  21.122 0.0000000000
998  -33.718  7.466  25.966 0.0000000000
999  -33.049  6.494  29.584 0.0000000000
1006  -40.833  18.267  34.454 0.0000000000
1149  -46.271  7.356  14.425 0.0000000000
1150  -52.166  17.617  20.347 0.0000000000
1151  -52.393  14.659  15.588 0.0000000000
1152  -53.621  17.422  15.269 0.0000000000
1153  -48.954  15.777  10.497 0.0000000000
1154  -52.401  20.323  11.753 0.0000000000
1624  -40.171  9.371  22.105 0.0000000000
1625  -44.922  10.723  19.332 0.0000000000
1626  -42.896  13.536  23.196 0.0000000000
1627  -46.326  16.781  21.354 0.0000000000
1628  -48.649  20.786  18.296 0.0000000000
2019  -40.212  4.439  21.026 0.0000000000
2020  -36.307  8.505  23.606 0.0000000000
2021  -34.167  13.947  25.127 0.0000000000
2022  -35.469  18.940  27.348 0.0000000000
2027  -37.440  8.614  37.068 0.0000000000
2028  -34.836  7.107  33.501 0.0000000000
2029  -35.582  13.290  32.262 0.0000000000
2030  -38.403  18.021  31.044 0.0000000000
2209  -52.956  5.521  5.156 0.0000000000
2211  -48.299  12.014  15.197 0.0000000000
2212  -50.489  11.599  8.723 0.0000000000
2918  -33.984  3.704  28.324 0.0000000000
2919  -34.026  3.293  30.285 0.0000000000
3067  -44.691  4.712  17.120 0.0000000000
3069  -44.643  6.960  16.574 0.0000000000
3070  -53.159  19.598  18.636 0.0000000000
3071  -54.022  17.639  18.135 0.0000000000
3072  -54.269  19.390  16.365 0.0000000000
3073  -53.166  19.111  13.760 0.0000000000
3074  -54.248  20.714  14.044 0.0000000000
3667  -38.604  11.829  23.184 0.0000000000
3668  -41.371  11.451  22.706 0.0000000000
3669  -39.951  13.912  22.807 0.0000000000
3671  -43.168  16.935  20.762 0.0000000000
3672  -44.534  18.615  19.752 0.0000000000
3673  -47.662  18.574  19.698 0.0000000000
4427  -39.008  3.766  22.437 0.0000000000
4428  -38.108  6.216  22.359 0.0000000000
4429  -36.682  5.613  23.512 0.0000000000
4430  -33.195  10.262  27.269 0.0000000000
4431  -33.832  10.774  25.711 0.0000000000
4432  -33.741  13.544  26.816 0.0000000000
4433  -34.388  16.570  26.228 0.0000000000
4434  -34.650  16.086  28.174 0.0000000000
4446  -40.036  13.331  38.035 0.0000000000
4448  -38.058  10.600  36.632 0.0000000000
4449  -36.089  7.778  35.288 0.0000000000
4450  -36.552  10.269  34.676 0.0000000000
4451  -34.933  10.218  33.087 0.0000000000
4452  -36.920  13.529  34.119 0.0000000000
4454  -39.796  17.860  32.646 0.0000000000
4887  -49.994  6.155  7.074 0.0000000000
4888  -51.747  7.015  4.120 0.0000000000
4889  -49.830  8.242  6.196 0.0000000000
4890  -46.948  12.273  20.447 0.0000000000
4891  -46.945  11.644  17.477 0.0000000000
4892  -48.662  13.541  18.457 0.0000000000
4893  -53.224  14.241  12.133 0.0000000000
4894  -51.467  13.016  12.205 0.0000000000
4895  -52.063  12.854  8.494 0.0000000000
4896  -50.686  11.470  4.859 0.0000000000
4897  -51.065  12.901  4.799 0.0000000000
4899  -49.945  13.679  5.328 0.0000000000
4900  -47.641  17.370  10.991 0.0000000000
4901  -46.689  14.780  7.532 0.0000000000
4902  -45.389  16.166  8.904 0.0000000000
4904  -44.337  17.907  9.328 0.0000000000
5944  -36.140  16.730  22.952 0.0000000000
5945  -38.525  15.965  22.001 0.0000000000
5946  -37.295  18.303  22.146 0.0000000000
6401  -36.769  2.475  25.525 0.0000000000
6402  -35.342  5.012  24.883 0.0000000000
6403  -34.373  4.302  26.452 0.0000000000
6404  -33.027  6.923  27.695 0.0000000000
6405  -33.012  9.760  29.122 0.0000000000
6415  -40.585  15.916  37.299 0.0000000000
6416  -39.168  16.124  35.384 0.0000000000
6417  -41.596  18.420  36.140 0.0000000000
6676  -47.605  5.655  12.510 0.0000000000
6677  -47.394  7.701  12.091 0.0000000000
6678  -50.829  15.822  21.776 0.0000000000
6679  -50.810  14.974  18.908 0.0000000000
6680  -52.938  16.081  18.884 0.0000000000
6681  -53.740  15.799  15.680 0.0000000000
6682  -52.813  15.584  12.497 0.0000000000
6683  -50.536  14.870  9.463 0.0000000000
6684  -51.450  17.036  13.082 0.0000000000
6685  -50.383  18.555  12.257 0.0000000000
6686  -49.463  20.076  10.720 0.0000000000
7630  -41.547  7.879  20.300 0.0000000000
7631  -43.469  8.638  18.634 0.0000000000
7632  -42.650  9.771  20.955 0.0000000000
7633  -44.324  11.380  21.981 0.0000000000
7634  -46.169  12.941  23.037 0.0000000000
7635  -41.556  15.366  21.865 0.0000000000
7636  -44.606  15.256  22.700 0.0000000000
7637  -47.866  15.153  23.058 0.0000000000
7638  -49.503  17.099  21.636 0.0000000000
7639  -50.570  19.022  19.502 0.0000000000
7640  -51.490  21.403  17.821 0.0000000000
8631  -41.516  5.287  19.802 0.0000000000
8632  -39.786  6.875  21.370 0.0000000000
8633  -38.062  8.916  22.817 0.0000000000
8634  -36.504  11.656  23.579 0.0000000000
8635  -34.834  8.090  24.630 0.0000000000
8636  -34.917  11.341  24.441 0.0000000000
8637  -35.366  14.262  23.784 0.0000000000
8638  -34.884  16.760  24.405 0.0000000000
8639  -35.123  19.212  25.285 0.0000000000
8656  -36.341  5.328  35.958 0.0000000000
8657  -35.412  4.467  34.175 0.0000000000
8658  -34.574  3.596  32.326 0.0000000000
8659  -33.765  6.694  31.684 0.0000000000
8660  -33.696  9.921  31.234 0.0000000000
8661  -34.576  12.886  30.487 0.0000000000
8662  -38.065  16.030  33.263 0.0000000000
8663  -36.956  15.541  31.546 0.0000000000
8664  -35.787  15.609  29.972 0.0000000000
8665  -36.749  18.681  29.414 0.0000000000
9195  -45.374  9.340  16.742 0.0000000000
9196  -47.134  9.726  14.755 0.0000000000
9197  -48.283  10.168  12.115 0.0000000000
9198  -50.069  13.680  15.361 0.0000000000
9199  -49.413  11.978  12.333 0.0000000000
9200  -49.169  10.264  8.901 0.0000000000
9201  -50.145  9.944  5.393 0.0000000000
9207  -48.366  14.065  6.264 0.0000000000
10598  -34.789  2.048  29.707 0.0000000000
10747  -43.761  5.515  17.767 0.0000000000
10748  -44.523  5.829  16.817 0.0000000000
10749  -43.781  6.666  17.572 0.0000000000
10750  -53.496  20.542  17.702 0.0000000000
10751  -54.011  19.606  17.650 0.0000000000
10752  -54.193  20.402  16.604 0.0000000000
10753  -54.273  20.082  15.288 0.0000000000
10754  -54.222  21.077  15.497 0.0000000000
11347  -37.926  13.125  23.164 0.0000000000
11348  -39.232  12.946  23.072 0.0000000000
11349  -38.626  14.169  22.840 0.0000000000
11351  -42.903  18.744  19.932 0.0000000000
12103  -38.862  2.205  24.445 0.0000000000
12106  -39.935  2.717  22.880 0.0000000000
12107  -38.430  3.438  23.202 0.0000000000
12108  -37.778  4.629  22.982 0.0000000000
12109  -37.140  4.312  23.666 0.0000000000
12110  -33.299  11.670  27.958 0.0000000000
12111  -33.438  11.973  27.046 0.0000000000
12112  -33.699  13.289  27.732 0.0000000000
12113  -34.070  14.783  27.444 0.0000000000
12114  -34.253  14.561  28.329 0.0000000000
12126  -39.307  13.212  36.943 0.0000000000
12127  -38.989  12.039  37.357 0.0000000000
12128  -38.359  11.772  36.236 0.0000000000
12129  -37.317  10.404  35.608 0.0000000000
12130  -37.615  11.900  35.265 0.0000000000
12131  -36.737  11.898  34.411 0.0000000000
12132  -37.738  13.357  35.091 0.0000000000
12565  -48.368  6.872  9.549 0.0000000000
12567  -48.955  6.906  8.157 0.0000000000
12568  -49.759  7.149  6.660 0.0000000000
12569  -49.039  8.095  7.718 0.0000000000
12570  -47.967  12.908  21.047 0.0000000000
12571  -47.886  12.879  19.556 0.0000000000
12572  -48.825  13.687  20.124 0.0000000000
12573  -52.825  14.240  10.360 0.0000000000
12574  -52.740  13.564  10.351 0.0000000000
12575  -52.369  13.535  8.530 0.0000000000
12576  -51.816  12.927  6.650 0.0000000000
12577  -51.683  13.522  6.776 0.0000000000
12578  -50.619  13.369  4.960 0.0000000000
12579  -51.121  13.955  6.920 0.0000000000
12580  -47.113  18.349  10.738 0.0000000000
12581  -46.487  16.687  9.920 0.0000000000
12582  -45.913  17.663  10.074 0.0000000000
12583  -44.797  17.032  9.277 0.0000000000
12584  -45.464  18.526  9.823 0.0000000000
13747  -35.848  17.886  23.197 0.0000000000
13748  -36.726  17.560  22.540 0.0000000000
13749  -36.414  18.749  22.738 0.0000000000
14507  -36.373  2.158  26.346 0.0000000000
14508  -35.437  3.288  25.959 0.0000000000
14509  -35.090  2.900  26.848 0.0000000000
14510  -33.349  4.999  28.959 0.0000000000
14511  -33.318  5.303  27.968 0.0000000000
14512  -32.953  6.697  28.620 0.0000000000
14513  -32.866  8.318  28.391 0.0000000000
14514  -32.913  8.140  29.382 0.0000000000
14529  -41.411  16.016  38.427 0.0000000000
14531  -40.965  17.209  36.771 0.0000000000
14965  -46.160  6.295  14.620 0.0000000000
14966  -47.003  5.498  13.701 0.0000000000
14967  -46.905  6.510  13.431 0.0000000000
14968  -47.439  6.590  12.224 0.0000000000
14969  -46.913  7.541  13.287 0.0000000000
14970  -51.580  16.696  21.267 0.0000000000
14971  -51.970  16.099  20.440 0.0000000000
14972  -52.677  16.831  20.004 0.0000000000
14973  -54.078  17.572  16.682 0.0000000000
14974  -53.987  16.714  17.100 0.0000000000
14975  -53.797  16.589  15.575 0.0000000000
14976  -53.566  15.714  14.016 0.0000000000
14977  -53.152  16.459  14.156 0.0000000000
14978  -52.105  16.255  12.844 0.0000000000
14979  -52.663  17.305  14.133 0.0000000000
14980  -52.869  19.740  12.780 0.0000000000
14981  -51.872  18.981  12.889 0.0000000000
14982  -51.373  19.602  12.053 0.0000000000
14983  -49.904  19.305  11.548 0.0000000000
14984  -50.904  20.236  11.182 0.0000000000
16762  -40.853  8.590  21.253 0.0000000000
16763  -42.015  8.871  20.513 0.0000000000
16764  -41.353  9.518  21.532 0.0000000000
16765  -42.100  12.502  23.037 0.0000000000
16766  -42.840  11.362  22.420 0.0000000000
16767  -43.648  12.284  22.936 0.0000000000
16768  -45.251  12.158  22.571 0.0000000000
16769  -44.495  13.234  23.342 0.0000000000
16770  -39.219  16.801  21.569 0.0000000000
16771  -39.996  15.636  21.830 0.0000000000
16772  -40.744  16.436  21.293 0.0000000000
16773  -44.742  16.809  20.976 0.0000000000
16774  -43.958  16.040  21.605 0.0000000000
16775  -45.482  16.043  22.117 0.0000000000
16776  -46.252  15.165  23.019 0.0000000000
16777  -47.062  16.084  22.447 0.0000000000
16778  -48.656  16.165  22.516 0.0000000000
16779  -47.915  16.867  21.669 0.0000000000
16780  -48.145  19.635  18.865 0.0000000000
16781  -49.188  18.722  19.691 0.0000000000
16782  -49.603  19.897  18.691 0.0000000000
16783  -51.011  20.288  18.517 0.0000000000
16784  -50.143  21.133  18.057 0.0000000000
19033  -41.015  3.361  21.342 0.0000000000
19036  -42.128  4.026  19.827 0.0000000000
19037  -40.897  4.826  20.373 0.0000000000
19038  -40.632  6.066  20.476 0.0000000000
19039  -39.849  5.623  21.075 0.0000000000
19040  -37.141  7.302  23.042 0.0000000000
19041  -37.992  7.494  22.560 0.0000000000
19042  -37.096  8.765  23.227 0.0000000000
19043  -37.269  10.258  23.340 0.0000000000
19044  -36.365  10.111  23.664 0.0000000000
19045  -34.389  6.203  25.406 0.0000000000
19046  -34.996  6.506  24.771 0.0000000000
19047  -34.212  7.843  25.228 0.0000000000
19048  -33.933  12.410  25.468 0.0000000000
19049  -34.321  11.035  25.053 0.0000000000
19050  -34.431  12.620  24.720 0.0000000000
19051  -35.082  12.753  24.102 0.0000000000
19052  -34.670  14.080  24.326 0.0000000000
19053  -35.041  15.529  24.007 0.0000000000
19054  -34.519  15.463  24.780 0.0000000000
19055  -34.779  17.817  26.819 0.0000000000
19056  -34.699  17.944  25.842 0.0000000000
19057  -35.193  19.116  26.335 0.0000000000
19094  -38.376  10.020  37.817 0.0000000000
19096  -38.104  8.809  38.105 0.0000000000
19098  -37.351  7.279  37.528 0.0000000000
19099  -36.853  5.649  36.818 0.0000000000
19100  -36.663  7.057  36.537 0.0000000000
19101  -35.468  7.321  34.385 0.0000000000
19102  -35.535  6.162  34.706 0.0000000000
19103  -34.997  5.747  33.820 0.0000000000
19104  -34.936  3.942  33.252 0.0000000000
19105  -34.490  5.457  32.886 0.0000000000
19106  -34.077  5.058  31.923 0.0000000000
19107  -34.237  6.949  32.600 0.0000000000
19108  -35.153  11.888  32.706 0.0000000000
19109  -34.231  10.053  32.204 0.0000000000
19110  -34.581  11.629  31.790 0.0000000000
19111  -34.031  11.515  30.834 0.0000000000
19112  -35.058  12.988  31.383 0.0000000000
19113  -39.956  17.344  34.784 0.0000000000
19114  -38.606  16.157  34.358 0.0000000000
19115  -39.411  17.122  33.848 0.0000000000
19116  -39.160  17.826  31.788 0.0000000000
19117  -38.358  16.674  32.053 0.0000000000
19118  -37.765  16.593  31.230 0.0000000000
19119  -36.416  15.446  30.708 0.0000000000
19120  -37.097  16.824  30.544 0.0000000000
19121  -36.335  17.156  29.805 0.0000000000
19122  -37.540  18.401  30.284 0.0000000000
20424  -53.621  6.081  3.611 0.0000000000
20430  -44.129  9.751  18.915 0.0000000000
20431  -44.436  9.103  17.647 0.0000000000
20432  -45.083  10.226  17.910 0.0000000000
20433  -47.719  11.902  16.386 0.0000000000
20434  -47.060  10.771  16.034 0.0000000000
20435  -47.789  10.945  14.998 0.0000000000
20436  -47.745  9.992  13.520 0.0000000000
20437  -48.361  11.074  13.736 0.0000000000
20438  -51.675  14.973  17.238 0.0000000000
20439  -50.480  14.509  17.165 0.0000000000
20440  -51.257  14.184  15.431 0.0000000000
20441  -50.955  12.259  10.469 0.0000000000
20442  -50.422  12.503  12.295 0.0000000000
20443  -49.949  11.784  10.579 0.0000000000
20444  -49.309  11.207  10.582 0.0000000000
20445  -49.741  11.031  8.855 0.0000000000
20446  -49.657  10.144  7.276 0.0000000000
20447  -50.072  10.816  6.923 0.0000000000
20460  -49.695  15.238  10.000 0.0000000000
20461  -49.511  14.446  7.792 0.0000000000
20462  -48.707  14.735  8.367 0.0000000000
20463  -45.457  14.596  6.544 0.0000000000
20464  -46.105  14.174  5.802 0.0000000000
23681  -35.905  1.427  28.200 0.0000000000
23682  -34.882  2.585  27.781 0.0000000000
23683  -34.780  2.303  28.723 0.0000000000
23684  -33.945  3.494  29.327 0.0000000000
23685  -33.441  4.891  29.912 0.0000000000
23956  -45.328  6.033  15.739 0.0000000000
23957  -45.502  7.140  15.550 0.0000000000
23958  -52.726  18.570  19.607 0.0000000000
23959  -53.308  17.741  19.407 0.0000000000
23960  -53.740  18.704  18.643 0.0000000000
23961  -54.190  18.560  17.357 0.0000000000
23962  -54.014  18.441  16.030 0.0000000000
23963  -53.377  18.335  14.665 0.0000000000
23964  -53.967  19.279  14.958 0.0000000000
23965  -53.893  19.847  13.792 0.0000000000
23966  -53.645  20.440  12.696 0.0000000000
25033  -39.417  10.496  22.800 0.0000000000
25034  -40.699  10.411  22.358 0.0000000000
25035  -39.960  11.644  22.970 0.0000000000
25036  -40.601  12.739  23.045 0.0000000000
25037  -41.388  13.704  22.973 0.0000000000
25038  -40.608  18.321  20.690 0.0000000000
25039  -41.535  17.218  20.806 0.0000000000
25040  -42.262  17.974  20.263 0.0000000000
25041  -43.888  17.773  20.145 0.0000000000
25042  -45.463  17.592  20.276 0.0000000000
25043  -47.100  17.588  20.490 0.0000000000
25044  -46.129  18.504  19.631 0.0000000000
25045  -46.680  19.581  19.137 0.0000000000
26399  -39.596  4.062  21.666 0.0000000000
26400  -39.146  5.296  21.615 0.0000000000
26401  -38.415  4.988  22.240 0.0000000000
26402  -37.344  6.006  22.943 0.0000000000
26403  -36.378  7.063  23.545 0.0000000000
26404  -33.323  8.830  26.611 0.0000000000
26405  -33.734  9.181  25.874 0.0000000000
26406  -33.476  10.585  26.480 0.0000000000
26407  -33.645  12.207  26.254 0.0000000000
26408  -33.853  13.776  25.925 0.0000000000
26409  -34.173  15.299  25.641 0.0000000000
26410  -34.080  15.042  26.538 0.0000000000
26411  -34.457  16.410  27.178 0.0000000000
26412  -35.064  17.608  27.850 0.0000000000
26435  -38.702  11.037  37.693 0.0000000000
26436  -37.727  9.721  36.797 0.0000000000
26437  -36.721  8.276  36.154 0.0000000000
26438  -37.045  9.337  35.835 0.0000000000
26439  -36.291  8.908  34.965 0.0000000000
26440  -35.525  8.759  34.118 0.0000000000
26441  -34.825  8.665  33.275 0.0000000000
26442  -35.724  10.320  33.816 0.0000000000
26443  -35.889  11.945  33.562 0.0000000000
26444  -36.180  13.535  33.195 0.0000000000
26445  -41.711  19.144  34.071 0.0000000000
26446  -40.323  18.027  33.560 0.0000000000
26447  -41.133  19.105  33.211 0.0000000000
26448  -40.491  19.095  32.357 0.0000000000
26449  -39.724  19.272  31.449 0.0000000000
26450  -38.871  19.588  30.633 0.0000000000
27229  -51.405  5.704  5.979 0.0000000000
27230  -52.237  6.155  4.556 0.0000000000
27231  -50.943  6.476  5.596 0.0000000000
27232  -50.678  7.510  5.153 0.0000000000
27233  -50.669  8.480  4.651 0.0000000000
27234  -45.899  11.548  19.835 0.0000000000
27235  -45.931  11.218  18.351 0.0000000000
27236  -46.947  12.146  18.957 0.0000000000
27237  -47.789  12.620  17.948 0.0000000000
27238  -48.387  12.994  16.764 0.0000000000
27239  -52.963  14.403  13.876 0.0000000000
27240  -51.989  13.893  13.801 0.0000000000
27241  -52.535  13.601  12.101 0.0000000000
27242  -51.954  12.851  10.391 0.0000000000
27243  -51.326  12.193  8.532 0.0000000000
27244  -50.681  11.516  6.738 0.0000000000
27245  -51.383  12.237  6.645 0.0000000000
27246  -51.086  12.252  4.752 0.0000000000
27252  -48.289  16.500  10.768 0.0000000000
27253  -47.868  15.149  8.831 0.0000000000
27254  -47.140  15.828  9.482 0.0000000000
27255  -46.057  15.312  8.193 0.0000000000
27256  -44.873  15.113  7.381 0.0000000000
27258  -44.267  15.739  8.079 0.0000000000
27259  -43.716  16.569  8.615 0.0000000000
29230  -36.696  15.595  22.901 0.0000000000
29231  -37.941  15.268  22.572 0.0000000000
29232  -37.250  16.404  22.446 0.0000000000
29233  -37.858  17.150  21.994 0.0000000000
29234  -38.558  17.934  21.618 0.0000000000
29236  -37.890  19.026  21.617 0.0000000000
30293  -37.287  2.783  24.730 0.0000000000
30294  -36.490  4.000  24.389 0.0000000000
30295  -35.947  3.608  25.138 0.0000000000
30296  -34.804  4.670  25.604 0.0000000000
30297  -33.889  5.879  26.157 0.0000000000
30298  -34.102  3.993  27.356 0.0000000000
30299  -33.528  5.542  27.011 0.0000000000
30300  -33.257  7.165  26.744 0.0000000000
30301  -33.001  8.559  27.459 0.0000000000
30302  -33.011  9.977  28.167 0.0000000000
30303  -33.319  11.392  28.887 0.0000000000
30324  -40.323  14.590  37.612 0.0000000000
30325  -39.535  14.576  36.553 0.0000000000
30326  -38.772  14.720  35.764 0.0000000000
30327  -39.852  15.991  36.384 0.0000000000
30328  -40.421  17.292  35.700 0.0000000000
30329  -41.193  18.479  35.214 0.0000000000
30331  -42.376  19.453  35.726 0.0000000000
30332  -42.076  19.325  34.899 0.0000000000
30940  -47.938  6.763  11.033 0.0000000000
30941  -47.802  7.847  10.695 0.0000000000
30942  -49.763  14.824  21.888 0.0000000000
30943  -49.806  14.582  20.457 0.0000000000
30944  -50.953  15.342  20.573 0.0000000000
30945  -51.997  15.573  19.030 0.0000000000
30946  -52.781  15.385  17.262 0.0000000000
30947  -53.617  16.833  18.589 0.0000000000
30948  -53.589  15.946  17.326 0.0000000000
30949  -53.292  15.125  15.584 0.0000000000
30950  -53.525  15.001  13.978 0.0000000000
30951  -53.264  14.948  12.265 0.0000000000
30952  -52.431  14.796  10.613 0.0000000000
30953  -51.356  14.566  9.003 0.0000000000
30954  -51.738  15.321  11.083 0.0000000000
30955  -50.845  15.818  11.538 0.0000000000
30956  -50.087  16.386  11.878 0.0000000000
30957  -52.285  18.225  13.645 0.0000000000
30958  -50.854  17.863  12.914 0.0000000000
30959  -49.472  17.201  12.000 0.0000000000
30960  -49.009  18.032  11.671 0.0000000000
30961  -48.551  18.918  11.120 0.0000000000
33328  -42.169  7.082  19.348 0.0000000000
33329  -43.054  7.492  18.476 0.0000000000
33330  -42.515  8.211  19.483 0.0000000000
33331  -43.065  9.239  19.756 0.0000000000
33332  -43.828  10.165  20.162 0.0000000000
33333  -42.037  10.427  21.938 0.0000000000
33334  -43.406  10.602  21.476 0.0000000000
33335  -44.745  10.933  20.697 0.0000000000
33336  -45.765  11.693  21.287 0.0000000000
33337  -46.787  12.354  21.824 0.0000000000
33338  -47.641  13.115  22.391 0.0000000000
33339  -39.279  15.011  22.331 0.0000000000
33340  -40.738  14.716  22.431 0.0000000000
33341  -42.217  14.596  22.697 0.0000000000
33342  -42.360  16.128  21.347 0.0000000000
33343  -43.044  15.295  22.209 0.0000000000
33344  -43.719  14.442  23.114 0.0000000000
33345  -45.392  14.123  23.385 0.0000000000
33346  -46.991  13.898  23.328 0.0000000000
33347  -48.485  14.212  22.740 0.0000000000
33348  -49.383  15.376  22.602 0.0000000000
33349  -50.230  16.458  22.096 0.0000000000
33350  -50.904  17.356  21.224 0.0000000000
33351  -48.688  17.761  20.682 0.0000000000
33352  -50.091  18.013  20.531 0.0000000000
33353  -51.446  18.272  20.210 0.0000000000
33354  -51.953  19.442  19.175 0.0000000000
33355  -52.368  20.477  18.247 0.0000000000
36120  -43.263  4.961  18.416 0.0000000000
36147  -42.253  5.763  19.135 0.0000000000
36148  -41.399  6.562  19.971 0.0000000000
36149  -40.641  7.356  20.867 0.0000000000
36150  -39.911  8.176  21.737 0.0000000000
36151  -38.948  6.512  21.808 0.0000000000
36152  -38.962  7.819  22.196 0.0000000000
36153  -39.103  9.173  22.432 0.0000000000
36154  -38.268  10.381  23.090 0.0000000000
36155  -37.535  11.710  23.341 0.0000000000
36156  -36.813  13.050  23.365 0.0000000000
36157  -36.012  5.349  24.169 0.0000000000
36158  -35.677  6.846  24.103 0.0000000000
36159  -35.484  8.276  24.074 0.0000000000
36160  -34.250  9.414  25.143 0.0000000000
36161  -34.849  9.678  24.590 0.0000000000
36162  -35.539  9.855  24.069 0.0000000000
36163  -35.656  11.452  23.940 0.0000000000
36164  -35.870  12.920  23.654 0.0000000000
36165  -36.290  14.399  23.304 0.0000000000
36166  -35.778  15.553  23.407 0.0000000000
36167  -35.387  16.757  23.626 0.0000000000
36168  -35.297  17.971  24.018 0.0000000000
36169  -34.536  16.706  25.259 0.0000000000
36170  -34.879  17.978  24.859 0.0000000000
36171  -35.321  19.228  24.308 0.0000000000
36221  -36.795  3.925  36.276 0.0000000000
36222  -36.512  3.492  35.357 0.0000000000
36223  -36.072  6.641  35.563 0.0000000000
36224  -35.875  4.902  35.055 0.0000000000
36226  -35.649  2.640  33.616 0.0000000000
36228  -35.053  1.991  31.730 0.0000000000
36229  -34.217  3.406  31.371 0.0000000000
36230  -33.703  4.984  30.969 0.0000000000
36231  -33.329  6.625  30.692 0.0000000000
36232  -34.146  8.490  32.439 0.0000000000
36233  -33.584  8.326  31.491 0.0000000000
36234  -33.154  8.274  30.491 0.0000000000
36235  -33.260  9.789  30.171 0.0000000000
36236  -33.585  11.420  29.911 0.0000000000
36237  -34.118  12.920  29.585 0.0000000000
36238  -38.038  14.902  34.824 0.0000000000
36239  -37.344  14.902  33.743 0.0000000000
36240  -36.775  14.809  32.714 0.0000000000
36241  -38.919  16.921  32.930 0.0000000000
36242  -37.494  15.770  32.332 0.0000000000
36243  -36.236  14.468  31.842 0.0000000000
36244  -35.713  14.277  30.973 0.0000000000
36245  -35.170  14.214  30.230 0.0000000000
36246  -34.679  14.366  29.301 0.0000000000
36247  -35.170  15.846  29.128 0.0000000000
36248  -35.607  17.453  28.912 0.0000000000
36249  -36.038  18.842  28.452 0.0000000000
36251  -37.260  19.996  28.703 0.0000000000
36252  -36.562  20.140  27.766 0.0000000000
37827  -43.971  7.904  17.542 0.0000000000
37828  -44.920  8.153  16.564 0.0000000000
37829  -45.799  8.356  15.583 0.0000000000
37830  -46.012  10.485  17.010 0.0000000000
37831  -46.266  9.546  15.756 0.0000000000
37832  -46.546  8.551  14.537 0.0000000000
37833  -47.139  8.752  13.417 0.0000000000
37834  -47.654  8.924  12.008 0.0000000000
37835  -48.166  9.132  10.526 0.0000000000
37836  -49.638  14.373  18.801 0.0000000000
37837  -49.314  13.914  17.068 0.0000000000
37838  -49.009  13.014  15.377 0.0000000000
37839  -50.794  13.312  13.815 0.0000000000
37840  -49.729  12.757  13.913 0.0000000000
37841  -48.843  12.036  13.846 0.0000000000
37842  -48.833  11.166  12.252 0.0000000000
37843  -48.719  10.270  10.528 0.0000000000
37844  -48.673  9.254  8.988 0.0000000000
37845  -49.317  9.255  7.406 0.0000000000
37846  -50.007  9.205  5.841 0.0000000000
37847  -50.604  9.142  4.119 0.0000000000
37848  -50.314  10.663  5.065 0.0000000000
37849  -50.527  9.782  3.613 0.0000000000
37863  -50.313  14.243  7.299 0.0000000000
37864  -49.243  13.895  5.787 0.0000000000
37866  -47.527  14.381  6.917 0.0000000000
37867  -46.891  13.897  5.200 0.0000000000
37952  -46.277  19.795  9.245 0.0000000000
37953  -45.060  19.251  9.104 0.0000000000
37954  -43.961  18.681  8.914 0.0000000000
37955  -42.820  18.274  8.730 0.0000000000
41467  -43.318  5.927  18.134 0.0000000000
41468  -43.729  6.083  17.677 0.0000000000
41469  -43.352  6.505  18.043 0.0000000000
41470  -53.661  20.952  17.197 0.0000000000
41471  -53.911  20.494  17.194 0.0000000000
41472  -54.034  20.867  16.664 0.0000000000
41473  -54.235  20.741  16.074 0.0000000000
41474  -54.080  21.228  16.107 0.0000000000
42067  -37.638  13.774  23.093 0.0000000000
42068  -38.293  13.639  23.038 0.0000000000
42069  -37.987  14.273  22.903 0.0000000000
42823  -38.333  2.592  24.208 0.0000000000
42825  -38.595  2.746  23.824 0.0000000000
42826  -38.854  2.886  23.420 0.0000000000
42827  -38.080  3.288  23.595 0.0000000000
42828  -37.772  3.853  23.408 0.0000000000
42829  -37.450  3.688  23.813 0.0000000000
42830  -33.518  12.320  28.331 0.0000000000
42831  -33.513  12.480  27.865 0.0000000000
42832  -33.733  13.110  28.174 0.0000000000
42833  -33.925  13.899  28.006 0.0000000000
42834  -34.014  13.771  28.445 0.0000000000
42846  -38.932  13.164  36.413 0.0000000000
42847  -38.828  12.476  36.564 0.0000000000
42848  -38.460  12.476  36.031 0.0000000000
42849  -37.985  11.774  35.720 0.0000000000
42850  -38.061  12.592  35.559 0.0000000000
42851  -37.643  12.635  35.158 0.0000000000
42852  -38.122  13.331  35.504 0.0000000000
43285  -48.269  7.411  9.331 0.0000000000
43286  -48.610  6.890  8.818 0.0000000000
43287  -48.590  7.420  8.654 0.0000000000
43288  -48.914  7.457  7.944 0.0000000000
43289  -48.676  8.050  8.428 0.0000000000
43290  -48.415  13.318  21.347 0.0000000000
43291  -48.416  13.282  20.604 0.0000000000
43292  -48.913  13.721  20.859 0.0000000000
43293  -52.476  14.201  9.483 0.0000000000
43294  -52.608  13.883  9.441 0.0000000000
43295  -52.286  13.850  8.580 0.0000000000
43296  -52.043  13.548  7.652 0.0000000000
43297  -51.901  13.800  7.677 0.0000000000
43298  -51.438  13.748  6.810 0.0000000000
43299  -51.607  14.033  7.773 0.0000000000
43300  -46.892  18.804  10.500 0.0000000000
43301  -46.501  18.010  10.389 0.0000000000
43302  -46.300  18.466  10.257 0.0000000000
43303  -45.698  18.110  9.953 0.0000000000
43304  -46.107  18.866  10.022 0.0000000000
44467  -35.791  18.526  23.387 0.0000000000
44468  -36.153  18.327  22.998 0.0000000000
44469  -36.045  18.934  23.080 0.0000000000
45226  -36.925  1.693  26.582 0.0000000000
45227  -36.189  1.955  26.816 0.0000000000
45228  -35.706  2.477  26.595 0.0000000000
45229  -35.545  2.290  27.076 0.0000000000
45230  -33.157  5.742  29.252 0.0000000000
45231  -33.114  5.824  28.789 0.0000000000
45232  -32.985  6.592  29.105 0.0000000000
45233  -32.893  7.419  28.995 0.0000000000
45234  -32.950  7.336  29.475 0.0000000000
45685  -46.209  6.859  14.513 0.0000000000
45686  -46.558  6.416  14.022 0.0000000000
45687  -46.569  6.941  13.932 0.0000000000
45688  -46.868  7.020  13.349 0.0000000000
45689  -46.623  7.447  13.862 0.0000000000
45690  -51.875  17.131  20.837 0.0000000000
45691  -52.147  16.794  20.605 0.0000000000
45692  -52.476  17.221  20.301 0.0000000000
45693  -53.919  17.510  15.984 0.0000000000
45694  -53.946  17.087  16.184 0.0000000000
45695  -53.728  17.020  15.489 0.0000000000
45696  -53.532  16.530  14.802 0.0000000000
45697  -53.391  16.967  14.774 0.0000000000
45698  -52.920  16.884  14.204 0.0000000000
45699  -53.175  17.390  14.705 0.0000000000
45700  -52.645  20.026  12.277 0.0000000000
45701  -52.160  19.683  12.366 0.0000000000
45702  -51.916  19.981  11.902 0.0000000000
45703  -51.120  19.905  11.622 0.0000000000
47482  -40.495  8.901  21.722 0.0000000000
47483  -41.089  9.048  21.364 0.0000000000
47484  -40.742  9.429  21.832 0.0000000000
47485  -42.490  13.016  23.110 0.0000000000
47486  -42.883  12.399  22.989 0.0000000000
47487  -43.293  12.901  23.186 0.0000000000
47488  -44.060  12.789  23.133 0.0000000000
47489  -43.675  13.424  23.294 0.0000000000
47490  -39.591  17.194  21.325 0.0000000000
47491  -39.959  16.609  21.398 0.0000000000
47492  -40.334  17.013  21.165 0.0000000000
47493  -45.552  16.788  21.170 0.0000000000
47494  -45.188  16.397  21.559 0.0000000000
47495  -45.905  16.420  21.739 0.0000000000
47496  -46.246  16.059  22.280 0.0000000000
47497  -46.651  16.447  21.933 0.0000000000
47498  -47.467  16.478  22.091 0.0000000000
47499  -47.086  16.802  21.550 0.0000000000
47500  -48.396  20.188  18.518 0.0000000000
47501  -48.863  19.728  18.765 0.0000000000
47502  -49.140  20.343  18.386 0.0000000000
47503  -49.876  20.528  18.335 0.0000000000
49753  -40.553  3.854  21.137 0.0000000000
49755  -40.867  4.035  20.757 0.0000000000
49756  -41.160  4.209  20.432 0.0000000000
49757  -40.543  4.625  20.691 0.0000000000
49758  -40.334  5.234  20.697 0.0000000000
49759  -39.987  5.027  21.008 0.0000000000
49760  -36.714  7.864  23.342 0.0000000000
49761  -37.109  7.990  23.127 0.0000000000
49762  -36.713  8.596  23.404 0.0000000000
49763  -36.742  9.447  23.455 0.0000000000
49764  -36.342  9.370  23.647 0.0000000000
49765  -33.994  6.831  25.693 0.0000000000
49766  -34.257  7.019  25.333 0.0000000000
49767  -33.951  7.647  25.592 0.0000000000
49768  -34.038  13.177  25.314 0.0000000000
49769  -34.159  12.505  25.101 0.0000000000
49770  -34.260  13.272  24.906 0.0000000000
49771  -34.544  13.355  24.526 0.0000000000
49772  -34.389  14.005  24.702 0.0000000000
49773  -34.564  14.784  24.542 0.0000000000
49774  -34.326  14.717  24.971 0.0000000000
49775  -35.084  18.375  27.108 0.0000000000
49776  -34.936  18.480  26.610 0.0000000000
49777  -35.322  19.058  26.838 0.0000000000
49778  -35.580  19.666  26.514 0.0000000000
49779  -35.745  19.597  27.034 0.0000000000
49814  -37.874  9.305  37.446 0.0000000000
49815  -38.220  9.450  37.873 0.0000000000
49816  -37.764  8.712  37.607 0.0000000000
49818  -37.352  7.984  37.346 0.0000000000
49819  -37.008  7.174  37.053 0.0000000000
49820  -36.990  7.862  36.846 0.0000000000
49821  -35.152  7.204  33.942 0.0000000000
49822  -35.206  6.559  34.078 0.0000000000
49823  -34.902  6.417  33.627 0.0000000000
49824  -34.727  5.588  33.374 0.0000000000
49825  -34.616  6.301  33.211 0.0000000000
49826  -34.357  6.173  32.744 0.0000000000
49827  -34.545  7.040  33.053 0.0000000000
49828  -35.363  12.660  32.470 0.0000000000
49829  -34.876  11.830  32.255 0.0000000000
49830  -35.111  12.528  32.005 0.0000000000
49831  -34.839  12.375  31.573 0.0000000000
49832  -35.346  13.162  31.781 0.0000000000
49833  -40.379  17.816  34.586 0.0000000000
49834  -39.688  17.210  34.335 0.0000000000
49835  -40.112  17.694  34.153 0.0000000000
49836  -38.813  17.897  31.392 0.0000000000
49837  -38.488  17.166  31.501 0.0000000000
49838  -38.139  17.219  31.136 0.0000000000
49839  -37.432  16.692  30.886 0.0000000000
49840  -37.726  17.434  30.806 0.0000000000
49841  -37.306  17.636  30.449 0.0000000000
49842  -37.965  18.200  30.672 0.0000000000
51142  -53.686  5.508  4.695 0.0000000000
51144  -53.327  5.823  4.340 0.0000000000
51145  -51.438  8.223  3.338 0.0000000000
51150  -44.505  10.278  19.087 0.0000000000
51151  -44.614  10.005  18.431 0.0000000000
51152  -44.990  10.521  18.602 0.0000000000
51153  -48.039  12.003  15.819 0.0000000000
51154  -47.770  11.448  15.702 0.0000000000
51155  -48.069  11.524  15.135 0.0000000000
51156  -48.088  11.021  14.394 0.0000000000
51157  -48.329  11.536  14.468 0.0000000000
51158  -52.049  14.825  16.414 0.0000000000
51159  -51.469  14.602  16.335 0.0000000000
51160  -51.852  14.434  15.513 0.0000000000
51161  -50.715  11.938  9.598 0.0000000000
51162  -50.451  12.041  10.542 0.0000000000
51163  -50.228  11.703  9.674 0.0000000000
51164  -49.845  11.430  9.712 0.0000000000
51165  -50.063  11.336  8.790 0.0000000000
51166  -49.931  10.933  7.948 0.0000000000
51167  -50.264  11.228  7.838 0.0000000000
51180  -49.311  15.479  10.279 0.0000000000
51181  -49.196  14.984  9.165 0.0000000000
51182  -48.792  15.186  9.456 0.0000000000
51184  -45.070  14.327  5.792 0.0000000000
54827  -35.871  1.257  28.665 0.0000000000
54828  -35.300  1.816  28.463 0.0000000000
54829  -35.286  1.686  28.935 0.0000000000
54830  -34.354  2.684  29.985 0.0000000000
54831  -34.330  2.765  29.500 0.0000000000
54832  -33.950  3.422  29.817 0.0000000000
54833  -33.640  4.203  29.638 0.0000000000
54834  -33.677  4.119  30.110 0.0000000000
55285  -44.523  6.408  16.689 0.0000000000
55286  -44.917  5.925  16.285 0.0000000000
55287  -44.973  6.474  16.155 0.0000000000
55288  -45.401  6.594  15.631 0.0000000000
55289  -45.067  7.033  16.078 0.0000000000
55290  -52.983  19.091  19.169 0.0000000000
55291  -53.372  18.662  19.244 0.0000000000
55292  -53.490  19.165  18.689 0.0000000000
55293  -54.209  19.482  17.037 0.0000000000
55294  -54.141  19.086  17.534 0.0000000000
55295  -54.238  18.999  16.875 0.0000000000
55296  -54.210  18.493  16.653 0.0000000000
55297  -54.186  18.913  16.162 0.0000000000
55298  -53.982  18.863  15.509 0.0000000000
55299  -54.193  19.311  15.656 0.0000000000
55300  -54.259  20.384  14.669 0.0000000000
55301  -54.151  19.946  14.493 0.0000000000
55302  -54.131  20.245  13.877 0.0000000000
55303  -53.828  20.174  13.232 0.0000000000
55304  -54.031  20.558  13.327 0.0000000000
57082  -39.006  11.135  23.068 0.0000000000
57083  -39.679  11.052  22.881 0.0000000000
57084  -39.286  11.722  23.068 0.0000000000
57085  -39.574  13.465  22.958 0.0000000000
57086  -39.884  12.856  23.045 0.0000000000
57087  -40.266  13.345  22.972 0.0000000000
57088  -41.033  13.216  23.046 0.0000000000
57089  -40.698  13.786  22.910 0.0000000000
57091  -41.424  18.140  20.480 0.0000000000
57092  -41.734  18.486  20.267 0.0000000000
57093  -43.733  18.689  19.817 0.0000000000
57094  -43.407  18.247  19.922 0.0000000000
57095  -44.215  18.180  19.924 0.0000000000
57096  -44.667  17.675  20.175 0.0000000000
57097  -44.999  18.068  19.915 0.0000000000
57098  -45.827  18.003  19.934 0.0000000000
57099  -45.336  18.544  19.700 0.0000000000
57101  -45.880  19.540  19.287 0.0000000000
57103  -46.938  20.122  18.827 0.0000000000
59353  -39.461  3.194  22.623 0.0000000000
59355  -39.736  3.342  22.245 0.0000000000
59356  -39.995  3.501  21.873 0.0000000000
59357  -39.308  3.898  22.021 0.0000000000
59358  -38.984  4.493  21.943 0.0000000000
59359  -38.678  4.325  22.289 0.0000000000
59360  -37.208  5.118  23.216 0.0000000000
59361  -37.530  5.329  22.931 0.0000000000
59362  -37.006  5.824  23.227 0.0000000000
59363  -36.835  6.537  23.252 0.0000000000
59364  -36.509  6.360  23.520 0.0000000000
59365  -33.238  9.561  26.980 0.0000000000
59366  -33.391  9.706  26.593 0.0000000000
59367  -33.313  10.450  26.881 0.0000000000
59368  -33.566  12.747  26.976 0.0000000000
59369  -33.529  12.127  26.610 0.0000000000
59370  -33.648  12.908  26.516 0.0000000000
59371  -33.734  12.994  26.111 0.0000000000
59372  -33.774  13.674  26.362 0.0000000000
59373  -33.934  14.437  26.202 0.0000000000
59374  -33.892  14.294  26.652 0.0000000000
59375  -34.318  15.498  27.770 0.0000000000
59376  -34.251  15.635  27.292 0.0000000000
59377  -34.531  16.263  27.682 0.0000000000
59378  -34.738  17.016  27.537 0.0000000000
59379  -34.880  16.876  28.044 0.0000000000
59413  -39.896  12.796  38.249 0.0000000000
59414  -38.545  11.358  37.079 0.0000000000
59415  -38.851  11.575  37.581 0.0000000000
59416  -38.382  10.822  37.160 0.0000000000
59417  -38.225  10.366  37.220 0.0000000000
59418  -37.877  10.188  36.707 0.0000000000
59419  -37.392  9.573  36.316 0.0000000000
59420  -37.519  10.020  36.236 0.0000000000
59421  -36.943  10.303  35.129 0.0000000000
59422  -36.794  9.666  35.269 0.0000000000
59423  -36.408  9.569  34.827 0.0000000000
59424  -35.915  8.761  34.536 0.0000000000
59425  -36.014  9.484  34.404 0.0000000000
59426  -35.618  9.514  33.969 0.0000000000
59427  -36.138  10.307  34.223 0.0000000000
59428  -36.801  12.759  34.277 0.0000000000
59429  -36.300  11.957  33.966 0.0000000000
59430  -36.393  12.716  33.859 0.0000000000
59431  -35.999  12.730  33.400 0.0000000000
59432  -36.542  13.512  33.664 0.0000000000
59433  -42.097  19.601  33.919 0.0000000000
59434  -41.433  19.116  33.672 0.0000000000
59435  -41.835  19.588  33.498 0.0000000000
59437  -41.145  19.674  32.592 0.0000000000
59438  -40.814  19.777  32.144 0.0000000000
59439  -40.105  19.184  31.910 0.0000000000
59440  -40.436  19.930  31.667 0.0000000000
60735  -48.926  5.471  10.085 0.0000000000
60738  -49.607  6.078  7.840 0.0000000000
60740  -50.217  5.775  7.307 0.0000000000
60742  -50.666  5.890  6.522 0.0000000000
60743  -51.146  6.040  5.752 0.0000000000
60744  -50.450  6.275  6.325 0.0000000000
60745  -49.788  7.711  6.429 0.0000000000
60746  -50.223  7.312  5.921 0.0000000000
60747  -50.199  7.883  5.644 0.0000000000
60748  -50.667  8.029  4.910 0.0000000000
60749  -50.247  8.362  5.434 0.0000000000
60750  -46.435  11.929  20.144 0.0000000000
60751  -46.449  11.859  19.403 0.0000000000
60752  -46.946  12.215  19.715 0.0000000000
60753  -48.300  13.237  19.041 0.0000000000
60754  -47.838  12.803  18.757 0.0000000000
60755  -48.220  13.099  18.219 0.0000000000
60756  -48.121  12.818  17.364 0.0000000000
60757  -48.529  13.327  17.605 0.0000000000
60758  -53.196  14.291  12.991 0.0000000000
60759  -52.781  14.000  12.959 0.0000000000
60760  -52.966  13.904  12.080 0.0000000000
60761  -52.435  13.196  9.440 0.0000000000
60762  -52.394  13.198  10.369 0.0000000000
60763  -52.068  12.844  9.454 0.0000000000
60764  -51.667  12.485  9.487 0.0000000000
60765  -51.701  12.511  8.495 0.0000000000
60766  -51.337  12.196  7.556 0.0000000000
60767  -51.701  12.549  7.556 0.0000000000
60768  -51.500  12.941  5.727 0.0000000000
60769  -51.474  12.603  5.695 0.0000000000
60770  -51.134  12.591  4.765 0.0000000000
60771  -50.764  12.192  3.862 0.0000000000
60775  -50.318  13.566  5.172 0.0000000000
60776  -49.956  13.227  4.149 0.0000000000
60780  -47.968  16.905  10.897 0.0000000000
60781  -47.686  16.122  10.192 0.0000000000
60782  -47.366  16.545  10.337 0.0000000000
60783  -45.924  16.362  9.443 0.0000000000
60784  -46.264  15.936  9.119 0.0000000000
60785  -45.729  15.709  8.574 0.0000000000
60786  -45.476  15.212  7.767 0.0000000000
60787  -45.174  15.542  8.166 0.0000000000
60788  -44.569  15.412  7.708 0.0000000000
60789  -44.843  15.905  8.451 0.0000000000
60790  -44.535  17.504  9.357 0.0000000000
60791  -44.287  16.750  8.961 0.0000000000
60792  -44.044  17.206  9.032 0.0000000000
60793  -43.490  16.960  8.760 0.0000000000
60794  -43.848  17.605  9.036 0.0000000000
64282  -36.385  16.176  22.880 0.0000000000
64283  -36.943  16.044  22.667 0.0000000000
64284  -36.628  16.614  22.686 0.0000000000
64285  -37.024  17.942  22.346 0.0000000000
64286  -37.270  17.370  22.269 0.0000000000
64287  -37.569  17.744  22.089 0.0000000000
64288  -38.203  17.549  21.831 0.0000000000
64289  -37.900  18.111  21.870 0.0000000000
64296  -38.498  18.790  21.414 0.0000000000
66553  -37.307  2.043  25.736 0.0000000000
66556  -37.761  2.347  24.933 0.0000000000
66557  -36.999  2.631  25.135 0.0000000000
66558  -36.591  3.168  24.924 0.0000000000
66559  -36.298  3.011  25.329 0.0000000000
66560  -34.877  3.784  26.183 0.0000000000
66561  -35.095  3.956  25.768 0.0000000000
66562  -34.570  4.500  26.018 0.0000000000
66563  -34.328  5.235  25.875 0.0000000000
66564  -34.105  5.085  26.282 0.0000000000
66565  -34.412  3.092  28.037 0.0000000000
66566  -34.477  3.262  27.560 0.0000000000
66567  -34.046  3.815  27.831 0.0000000000
66568  -33.133  6.092  27.828 0.0000000000
66569  -33.368  5.444  27.486 0.0000000000
66570  -33.215  6.242  27.364 0.0000000000
66571  -33.357  6.346  26.890 0.0000000000
66572  -33.116  7.058  27.217 0.0000000000
66573  -33.085  7.896  27.120 0.0000000000
66574  -32.982  7.746  27.575 0.0000000000
66575  -32.896  9.022  28.754 0.0000000000
66576  -32.904  9.115  28.264 0.0000000000
66577  -32.991  9.865  28.644 0.0000000000
66578  -33.130  10.701  28.544 0.0000000000
66579  -33.143  10.581  29.023 0.0000000000
66621  -41.057  15.935  37.843 0.0000000000
66622  -40.897  15.335  38.012 0.0000000000
66623  -40.488  15.280  37.449 0.0000000000
66624  -39.949  14.556  37.047 0.0000000000
66625  -40.105  15.238  36.962 0.0000000000
66626  -39.687  15.286  36.520 0.0000000000
66627  -40.205  15.924  36.823 0.0000000000
66628  -41.235  17.843  36.402 0.0000000000
66629  -40.657  17.295  36.235 0.0000000000
66630  -40.983  17.914  35.920 0.0000000000
66631  -40.767  17.935  35.449 0.0000000000
66632  -41.381  18.451  35.668 0.0000000000
66637  -42.845  20.005  36.054 0.0000000000
66638  -42.839  19.900  35.593 0.0000000000
66639  -42.243  19.432  35.297 0.0000000000
67945  -47.376  7.114  12.139 0.0000000000
67946  -47.674  6.671  11.624 0.0000000000
67947  -47.607  7.218  11.518 0.0000000000
67948  -47.835  7.291  10.878 0.0000000000
67949  -47.579  7.774  11.394 0.0000000000
67950  -50.314  15.343  21.887 0.0000000000
67951  -50.406  15.133  21.280 0.0000000000
67952  -50.935  15.551  21.246 0.0000000000
67953  -52.490  16.078  19.707 0.0000000000
67954  -52.023  15.822  19.831 0.0000000000
67955  -52.499  15.799  18.958 0.0000000000
67956  -52.414  15.502  18.122 0.0000000000
67957  -52.906  15.733  18.108 0.0000000000
67958  -53.715  17.732  18.780 0.0000000000
67959  -53.491  17.281  19.088 0.0000000000
67960  -53.830  17.234  18.376 0.0000000000
67961  -53.882  16.241  16.406 0.0000000000
67962  -53.829  16.313  17.227 0.0000000000
67963  -53.700  15.867  16.468 0.0000000000
67964  -53.462  15.504  16.418 0.0000000000
67965  -53.565  15.446  15.670 0.0000000000
67966  -53.470  15.044  14.829 0.0000000000
67967  -53.637  15.383  14.839 0.0000000000
67968  -53.270  15.643  13.245 0.0000000000
67969  -53.453  15.333  13.184 0.0000000000
67970  -53.087  15.261  12.377 0.0000000000
67971  -52.882  14.884  11.428 0.0000000000
67972  -52.602  15.177  11.587 0.0000000000
67973  -52.106  15.073  10.813 0.0000000000
67974  -52.271  15.478  11.776 0.0000000000
67975  -51.763  16.611  12.955 0.0000000000
67976  -51.460  16.046  12.220 0.0000000000
67977  -51.106  16.410  12.401 0.0000000000
67978  -50.422  16.040  11.756 0.0000000000
67979  -50.768  16.744  12.507 0.0000000000
67980  -53.305  18.752  14.242 0.0000000000
67981  -52.929  18.303  14.154 0.0000000000
67982  -52.748  18.702  13.737 0.0000000000
67983  -51.114  18.818  12.582 0.0000000000
67984  -51.352  18.481  12.958 0.0000000000
67985  -50.627  18.216  12.602 0.0000000000
67986  -50.167  17.520  12.387 0.0000000000
67987  -49.921  17.914  12.215 0.0000000000
67988  -49.233  17.599  11.858 0.0000000000
67989  -49.656  18.289  11.992 0.0000000000
67990  -49.700  19.706  11.132 0.0000000000
67991  -49.241  19.150  11.331 0.0000000000
67992  -49.036  19.553  10.973 0.0000000000
67993  -48.330  19.355  10.819 0.0000000000
73327  -41.847  7.491  19.819 0.0000000000
73328  -42.300  7.658  19.397 0.0000000000
73329  -42.025  8.064  19.907 0.0000000000
73330  -42.311  9.332  20.687 0.0000000000
73331  -42.551  9.043  20.161 0.0000000000
73332  -42.868  9.490  20.367 0.0000000000
73333  -43.437  9.721  19.951 0.0000000000
73334  -43.239  9.936  20.590 0.0000000000
73335  -41.038  10.913  22.532 0.0000000000
73336  -41.397  10.398  22.155 0.0000000000
73337  -41.733  10.898  22.356 0.0000000000
73338  -43.581  11.353  22.269 0.0000000000
73339  -43.131  10.940  21.999 0.0000000000
73340  -43.852  10.973  21.709 0.0000000000
73341  -44.076  10.702  21.053 0.0000000000
73342  -44.567  11.069  21.365 0.0000000000
73343  -45.235  11.312  20.990 0.0000000000
73344  -45.047  11.464  21.662 0.0000000000
73345  -45.717  12.539  22.842 0.0000000000
73346  -46.038  12.167  22.263 0.0000000000
73347  -46.505  12.555  22.496 0.0000000000
73348  -47.215  12.620  22.104 0.0000000000
73349  -46.934  12.930  22.788 0.0000000000
73350  -38.228  15.631  22.285 0.0000000000
73351  -38.602  15.117  22.428 0.0000000000
73352  -38.903  15.491  22.126 0.0000000000
73353  -40.740  15.504  21.871 0.0000000000
73354  -40.349  15.177  22.115 0.0000000000
73355  -41.115  15.056  22.204 0.0000000000
73356  -41.486  14.639  22.551 0.0000000000
73357  -41.923  15.003  22.308 0.0000000000
73358  -42.357  17.052  20.704 0.0000000000
73359  -41.961  16.661  21.016 0.0000000000
73360  -42.789  16.529  21.083 0.0000000000
73361  -44.290  15.656  22.152 0.0000000000
73362  -43.506  15.664  21.942 0.0000000000
73363  -43.831  15.243  22.460 0.0000000000
73364  -43.360  14.900  22.688 0.0000000000
73365  -44.138  14.843  22.984 0.0000000000
73366  -44.531  14.319  23.322 0.0000000000
73367  -44.972  14.738  23.136 0.0000000000
73368  -47.070  15.149  23.106 0.0000000000
73369  -46.648  14.570  23.289 0.0000000000
73370  -47.458  14.592  23.234 0.0000000000
73371  -47.804  14.076  23.073 0.0000000000
73372  -48.201  14.647  23.121 0.0000000000
73373  -48.906  14.802  22.728 0.0000000000
73374  -48.619  15.226  22.899 0.0000000000
73375  -49.068  16.647  22.109 0.0000000000
73376  -49.479  16.286  22.374 0.0000000000
73377  -49.878  16.781  21.941 0.0000000000
73378  -50.610  17.003  21.737 0.0000000000
73379  -50.257  17.269  21.487 0.0000000000
73380  -47.428  18.070  20.054 0.0000000000
73381  -47.885  17.656  20.580 0.0000000000
73382  -48.191  18.145  20.151 0.0000000000
73383  -49.916  18.831  19.600 0.0000000000
73384  -49.676  18.328  20.120 0.0000000000
73385  -50.367  18.479  20.040 0.0000000000
73386  -50.784  18.123  20.418 0.0000000000
73387  -51.071  18.626  19.884 0.0000000000
73388  -51.707  18.840  19.690 0.0000000000
73389  -51.269  19.226  19.353 0.0000000000
73390  -51.253  20.870  18.134 0.0000000000
73391  -51.675  20.391  18.360 0.0000000000
73392  -51.929  20.935  18.012 0.0000000000
73394  -52.189  21.463  17.689 0.0000000000
80077  -44.099  3.974  18.210 0.0000000000
80078  -43.745  4.571  18.090 0.0000000000
80079  -43.523  4.331  18.474 0.0000000000
80143  -41.798  4.638  19.740 0.0000000000
80145  -42.106  4.891  19.388 0.0000000000
80146  -42.441  5.117  19.067 0.0000000000
80147  -41.897  5.521  19.462 0.0000000000
80148  -41.807  6.157  19.540 0.0000000000
80149  -41.431  5.903  19.847 0.0000000000
80150  -40.205  6.475  20.904 0.0000000000
80151  -40.624  6.736  20.632 0.0000000000
80152  -40.194  7.111  21.137 0.0000000000
80153  -40.289  7.753  21.314 0.0000000000
80154  -39.839  7.529  21.576 0.0000000000
80155  -38.618  5.735  21.981 0.0000000000
80156  -39.014  5.897  21.686 0.0000000000
80157  -38.521  6.359  22.090 0.0000000000
80158  -38.001  8.196  22.721 0.0000000000
80159  -38.473  7.650  22.392 0.0000000000
80160  -38.505  8.349  22.525 0.0000000000
80161  -39.026  8.499  22.319 0.0000000000
80162  -38.572  9.054  22.632 0.0000000000
80163  -38.679  9.710  22.777 0.0000000000
80164  -38.133  9.612  22.944 0.0000000000
80165  -36.878  11.000  23.503 0.0000000000
80166  -37.390  11.002  23.371 0.0000000000
80167  -37.010  11.693  23.446 0.0000000000
80168  -37.174  12.393  23.360 0.0000000000
80169  -36.650  12.361  23.476 0.0000000000
80170  -35.864  4.499  24.625 0.0000000000
80171  -36.204  4.662  24.279 0.0000000000
80172  -35.657  5.200  24.514 0.0000000000
80173  -34.893  7.303  24.662 0.0000000000
80174  -35.355  6.675  24.399 0.0000000000
80175  -35.220  7.456  24.370 0.0000000000
80176  -35.554  7.597  24.089 0.0000000000
80177  -35.145  8.198  24.339 0.0000000000
80178  -33.764  9.991  25.798 0.0000000000
80179  -33.980  9.295  25.485 0.0000000000
80180  -33.979  10.111  25.444 0.0000000000
80181  -34.610  11.181  24.731 0.0000000000
80182  -34.568  10.367  24.829 0.0000000000
80183  -34.884  10.493  24.544 0.0000000000
80184  -35.191  9.767  24.311 0.0000000000
80185  -35.225  10.614  24.270 0.0000000000
80186  -35.584  10.701  24.016 0.0000000000
80187  -35.276  11.390  24.170 0.0000000000
80188  -35.200  13.475  23.933 0.0000000000
80189  -35.461  12.770  23.871 0.0000000000
80190  -35.600  13.567  23.709 0.0000000000
80191  -36.043  13.668  23.497 0.0000000000
80192  -35.798  14.348  23.541 0.0000000000
80193  -36.022  14.981  23.341 0.0000000000
80194  -35.583  14.930  23.612 0.0000000000
80195  -34.944  16.161  24.202 0.0000000000
80196  -35.243  16.124  23.820 0.0000000000
80197  -35.114  16.756  24.006 0.0000000000
80198  -35.338  17.375  23.811 0.0000000000
80199  -35.080  17.377  24.197 0.0000000000
80200  -34.295  15.921  25.956 0.0000000000
80201  -34.374  16.015  25.482 0.0000000000
80202  -34.436  16.654  25.754 0.0000000000
80203  -34.907  18.570  25.580 0.0000000000
80204  -34.768  17.971  25.333 0.0000000000
80205  -34.967  18.598  25.071 0.0000000000
80206  -35.082  18.615  24.576 0.0000000000
80207  -35.194  19.251  24.776 0.0000000000
80208  -35.436  19.839  24.449 0.0000000000
80209  -35.376  19.838  24.947 0.0000000000
80331  -36.587  5.502  36.401 0.0000000000
80332  -36.779  4.824  36.530 0.0000000000
80333  -36.627  4.632  36.084 0.0000000000
80334  -36.685  3.726  35.825 0.0000000000
80335  -36.399  4.423  35.671 0.0000000000
80336  -36.406  8.037  35.717 0.0000000000
80337  -36.328  7.486  35.857 0.0000000000
80338  -36.005  7.258  35.431 0.0000000000
80339  -35.403  5.349  34.471 0.0000000000
80340  -35.656  5.546  34.897 0.0000000000
80341  -35.645  4.699  34.598 0.0000000000
80342  -35.958  3.973  34.756 0.0000000000
80343  -35.732  3.796  34.333 0.0000000000
80344  -35.867  2.844  34.035 0.0000000000
80345  -35.478  3.541  33.878 0.0000000000
80346  -34.756  3.762  32.785 0.0000000000
80347  -35.064  3.062  33.005 0.0000000000
80348  -34.934  2.859  32.522 0.0000000000
80349  -35.123  2.122  32.228 0.0000000000
80350  -34.735  2.770  32.025 0.0000000000
80351  -34.589  2.692  31.540 0.0000000000
80352  -34.394  3.471  31.846 0.0000000000
80353  -33.902  5.853  31.786 0.0000000000
80354  -33.882  5.004  31.448 0.0000000000
80355  -33.690  5.819  31.304 0.0000000000
80356  -33.467  5.795  30.787 0.0000000000
80357  -33.550  6.633  31.212 0.0000000000
80358  -34.877  9.427  33.198 0.0000000000
80359  -34.488  8.598  32.842 0.0000000000
80360  -34.511  9.363  32.787 0.0000000000
80361  -33.912  9.957  31.741 0.0000000000
80362  -33.863  9.184  31.886 0.0000000000
80363  -33.594  9.135  31.381 0.0000000000
80364  -33.352  8.281  31.007 0.0000000000
80365  -33.371  9.089  30.867 0.0000000000
80366  -33.189  9.024  30.328 0.0000000000
80367  -33.472  9.849  30.727 0.0000000000
80368  -34.298  12.238  30.655 0.0000000000
80369  -33.763  11.507  30.361 0.0000000000
80370  -34.038  12.191  30.208 0.0000000000
80371  -33.827  12.152  29.719 0.0000000000
80372  -34.295  12.837  30.077 0.0000000000
80373  -38.928  15.402  35.602 0.0000000000
80374  -38.387  14.800  35.347 0.0000000000
80375  -38.608  15.518  35.107 0.0000000000
80376  -38.333  16.117  33.802 0.0000000000
80377  -37.970  15.536  34.060 0.0000000000
80378  -37.692  15.525  33.484 0.0000000000
80379  -37.050  14.917  33.238 0.0000000000
80380  -37.387  15.462  33.019 0.0000000000
80381  -40.063  17.961  33.089 0.0000000000
80382  -39.614  17.510  33.244 0.0000000000
80383  -39.365  17.378  32.804 0.0000000000
80384  -37.629  16.070  31.777 0.0000000000
80385  -37.912  16.224  32.192 0.0000000000
80386  -37.215  15.600  31.923 0.0000000000
80387  -36.827  15.113  32.092 0.0000000000
80388  -36.575  15.007  31.682 0.0000000000
80389  -35.964  14.363  31.401 0.0000000000
80390  -36.280  14.900  31.272 0.0000000000
80391  -36.123  15.490  30.331 0.0000000000
80392  -35.784  14.796  30.472 0.0000000000
80393  -35.498  14.871  30.083 0.0000000000
80394  -34.945  14.279  29.762 0.0000000000
80395  -35.232  14.957  29.610 0.0000000000
80396  -34.941  15.095  29.186 0.0000000000
80397  -35.474  15.719  29.568 0.0000000000
80398  -36.538  17.947  29.662 0.0000000000
80399  -35.958  17.330  29.383 0.0000000000
80400  -36.170  18.031  29.198 0.0000000000
80401  -35.830  18.134  28.710 0.0000000000
80402  -36.380  18.773  28.950 0.0000000000
80409  -36.910  20.100  28.235 0.0000000000
84315  -51.965  6.584  4.319 0.0000000000
84317  -52.314  6.852  3.634 0.0000000000
84330  -43.237  8.073  18.538 0.0000000000
84331  -43.524  7.695  17.993 0.0000000000
84332  -43.694  8.288  18.062 0.0000000000
84333  -44.914  9.263  17.196 0.0000000000
84334  -44.653  8.684  17.124 0.0000000000
84335  -45.123  8.772  16.669 0.0000000000
84336  -45.359  8.247  16.091 0.0000000000
84337  -45.570  8.852  16.170 0.0000000000
84338  -46.401  11.455  17.946 0.0000000000
84339  -45.942  10.927  17.654 0.0000000000
84340  -46.434  11.081  17.241 0.0000000000
84341  -47.114  10.237  15.389 0.0000000000
84342  -46.614  10.161  15.872 0.0000000000
84343  -46.745  9.628  15.274 0.0000000000
84344  -46.422  9.048  15.155 0.0000000000
84345  -46.815  9.154  14.652 0.0000000000
84346  -46.880  8.658  13.998 0.0000000000
84347  -47.118  9.255  14.076 0.0000000000
84348  -48.024  10.067  12.826 0.0000000000
84349  -47.673  9.443  12.759 0.0000000000
84350  -47.955  9.564  12.033 0.0000000000
84351  -47.922  9.051  11.243 0.0000000000
84352  -48.209  9.676  11.298 0.0000000000
84353  -50.340  14.889  19.761 0.0000000000
84354  -49.783  14.523  19.649 0.0000000000
84355  -50.220  14.730  18.886 0.0000000000
84356  -50.276  14.134  16.244 0.0000000000
84357  -49.878  14.235  17.126 0.0000000000
84358  -49.688  13.839  16.199 0.0000000000
84359  -49.128  13.539  16.169 0.0000000000
84360  -49.518  13.371  15.382 0.0000000000
84361  -51.705  13.434  13.017 0.0000000000
84362  -51.375  13.581  13.786 0.0000000000
84363  -51.131  13.156  13.042 0.0000000000
84364  -49.883  12.262  12.340 0.0000000000
84365  -50.063  12.624  13.133 0.0000000000
84366  -49.565  12.352  13.153 0.0000000000
84367  -49.251  12.428  13.937 0.0000000000
84368  -49.135  12.042  13.131 0.0000000000
84369  -48.832  11.586  13.034 0.0000000000
84370  -49.080  11.624  12.292 0.0000000000
84371  -49.232  10.752  9.729 0.0000000000
84372  -49.013  10.746  10.554 0.0000000000
84373  -48.933  10.285  9.693 0.0000000000
84374  -48.665  9.785  9.713 0.0000000000
84375  -48.922  9.797  8.934 0.0000000000
84376  -49.005  9.280  8.212 0.0000000000
84377  -49.172  9.760  8.138 0.0000000000
84378  -49.904  10.041  6.311 0.0000000000
84379  -49.808  9.667  6.515 0.0000000000
84380  -50.082  9.591  5.591 0.0000000000
84381  -50.321  9.186  4.995 0.0000000000
84382  -50.356  9.533  4.748 0.0000000000
84383  -50.757  11.495  5.806 0.0000000000
84384  -50.461  11.126  5.890 0.0000000000
84385  -50.518  11.066  4.958 0.0000000000
84387  -50.418  10.187  3.404 0.0000000000
84420  -50.956  14.741  9.219 0.0000000000
84421  -50.826  14.414  8.109 0.0000000000
84422  -50.421  14.549  8.356 0.0000000000
84423  -48.982  14.222  6.963 0.0000000000
84424  -49.400  14.145  6.765 0.0000000000
84425  -48.811  13.974  6.037 0.0000000000
84426  -48.515  13.748  5.140 0.0000000000
84427  -48.102  13.838  5.396 0.0000000000
84428  -47.294  14.986  8.204 0.0000000000
84429  -47.726  14.731  7.845 0.0000000000
84430  -47.094  14.588  7.255 0.0000000000
84432  -46.509  14.041  5.526 0.0000000000
84433  -46.156  13.811  4.832 0.0000000000
84601  -54.020  22.083  14.733 0.0000000000
84649  -44.317  19.299  8.705 0.0000000000
84651  -43.393  18.462  8.764 0.0000000000
84652  -43.142  18.893  8.686 0.0000000000
92804  -34.855  1.966  30.206 0.0000000000
92805  -34.437  2.572  30.458 0.0000000000
93073  -44.217  5.115  17.425 0.0000000000
93074  -44.578  5.265  16.970 0.0000000000
93075  -44.149  5.682  17.311 0.0000000000
93076  -44.143  6.254  17.196 0.0000000000
93077  -44.224  6.854  17.060 0.0000000000
93078  -53.325  20.077  18.156 0.0000000000
93079  -53.639  19.635  18.178 0.0000000000
93080  -53.791  20.097  17.719 0.0000000000
93081  -54.099  20.008  17.131 0.0000000000
93082  -54.268  19.877  16.520 0.0000000000
93083  -54.321  19.767  15.888 0.0000000000
93084  -54.317  20.251  16.005 0.0000000000
93085  -54.317  20.533  15.434 0.0000000000
93086  -54.281  20.877  14.809 0.0000000000
94153  -38.247  12.484  23.199 0.0000000000
94154  -38.898  12.393  23.143 0.0000000000
94155  -38.558  13.012  23.134 0.0000000000
94156  -38.918  13.573  22.979 0.0000000000
94157  -39.270  14.050  22.807 0.0000000000
94159  -42.085  18.821  20.080 0.0000000000
94161  -43.252  19.190  19.836 0.0000000000
94163  -44.846  19.094  19.593 0.0000000000
95517  -39.694  2.575  23.281 0.0000000000
95518  -39.195  3.019  22.999 0.0000000000
95519  -38.727  3.604  22.825 0.0000000000
95520  -38.357  4.190  22.707 0.0000000000
95521  -38.074  4.020  23.058 0.0000000000
95522  -37.473  4.461  23.295 0.0000000000
95523  -36.907  4.943  23.561 0.0000000000
95524  -33.196  10.965  27.611 0.0000000000
95525  -33.302  11.150  27.165 0.0000000000
95526  -33.362  11.857  27.495 0.0000000000
95527  -33.521  12.622  27.421 0.0000000000
95528  -33.701  13.440  27.266 0.0000000000
95529  -33.893  14.153  27.123 0.0000000000
95530  -33.895  14.043  27.576 0.0000000000
95531  -34.151  14.687  27.882 0.0000000000
95532  -34.482  15.289  28.247 0.0000000000
95552  -39.701  13.304  37.510 0.0000000000
95553  -39.561  12.667  37.701 0.0000000000
95554  -39.172  12.519  37.114 0.0000000000
95555  -38.693  11.875  36.800 0.0000000000
95556  -38.225  11.144  36.488 0.0000000000
95557  -37.703  10.508  36.128 0.0000000000
95558  -37.861  11.067  35.952 0.0000000000
95559  -37.449  11.070  35.424 0.0000000000
95560  -37.076  11.083  34.959 0.0000000000
95561  -36.640  11.081  34.542 0.0000000000
95562  -37.156  11.881  34.832 0.0000000000
95563  -37.189  12.706  34.695 0.0000000000
95564  -37.334  13.409  34.618 0.0000000000
95566  -42.255  20.145  33.317 0.0000000000
96345  -48.538  6.371  9.749 0.0000000000
96348  -49.065  6.442  8.354 0.0000000000
96349  -49.417  6.504  7.609 0.0000000000
96350  -49.840  6.617  6.863 0.0000000000
96351  -49.326  7.026  7.397 0.0000000000
96352  -49.352  7.583  7.184 0.0000000000
96353  -49.447  8.172  6.950 0.0000000000
96354  -47.464  12.564  20.732 0.0000000000
96355  -47.431  12.541  20.014 0.0000000000
96356  -47.933  12.896  20.300 0.0000000000
96357  -48.357  13.266  19.834 0.0000000000
96358  -48.760  13.650  19.298 0.0000000000
96359  -53.067  14.252  11.241 0.0000000000
96360  -52.993  13.920  11.240 0.0000000000
96361  -52.858  13.919  10.330 0.0000000000
96362  -52.624  13.533  9.416 0.0000000000
96363  -52.326  13.194  8.491 0.0000000000
96364  -52.018  12.897  7.575 0.0000000000
96365  -52.084  13.238  7.599 0.0000000000
96366  -51.782  13.247  6.699 0.0000000000
96367  -51.395  13.243  5.791 0.0000000000
96368  -50.917  13.179  4.824 0.0000000000
96369  -51.219  13.463  5.837 0.0000000000
96370  -50.949  13.673  5.976 0.0000000000
96371  -50.582  13.853  6.138 0.0000000000
96372  -47.378  17.853  10.860 0.0000000000
96373  -47.047  17.028  10.465 0.0000000000
96374  -46.748  17.523  10.524 0.0000000000
96375  -46.183  17.188  10.042 0.0000000000
96376  -45.628  16.872  9.556 0.0000000000
96377  -45.068  16.560  9.161 0.0000000000
96378  -45.351  17.341  9.665 0.0000000000
96379  -45.084  17.788  9.676 0.0000000000
96380  -44.880  18.202  9.535 0.0000000000
98473  -35.964  17.288  23.081 0.0000000000
98474  -36.409  17.151  22.738 0.0000000000
98475  -36.274  17.730  22.881 0.0000000000
98476  -36.565  18.137  22.678 0.0000000000
98477  -36.828  18.539  22.422 0.0000000000
99838  -37.106  1.886  26.156 0.0000000000
99839  -36.559  2.339  25.920 0.0000000000
99840  -36.048  2.871  25.723 0.0000000000
99841  -35.855  2.711  26.143 0.0000000000
99842  -35.246  3.102  26.398 0.0000000000
99843  -34.704  3.582  26.637 0.0000000000
99844  -33.615  4.336  28.641 0.0000000000
99845  -33.636  4.471  28.132 0.0000000000
99846  -33.323  5.134  28.468 0.0000000000
99847  -33.107  5.940  28.319 0.0000000000
99848  -32.964  6.827  28.150 0.0000000000
99849  -32.915  7.616  28.033 0.0000000000
99850  -32.890  7.512  28.517 0.0000000000
99851  -32.871  8.234  28.895 0.0000000000
99852  -32.914  8.936  29.253 0.0000000000
99880  -41.145  16.547  37.605 0.0000000000
99881  -40.768  16.535  37.096 0.0000000000
99882  -41.291  17.187  37.301 0.0000000000
99883  -41.566  17.815  36.981 0.0000000000
100667  -46.582  5.880  14.155 0.0000000000
100668  -46.949  6.002  13.535 0.0000000000
100669  -47.253  6.073  12.948 0.0000000000
100670  -47.530  6.084  12.344 0.0000000000
100671  -47.196  6.544  12.815 0.0000000000
100672  -47.162  7.067  12.744 0.0000000000
100673  -47.206  7.615  12.667 0.0000000000
100674  -51.257  16.277  21.568 0.0000000000
100675  -51.470  15.982  21.151 0.0000000000
100676  -51.847  16.409  20.884 0.0000000000
100677  -52.345  16.444  20.216 0.0000000000
100678  -52.855  16.439  19.517 0.0000000000
100679  -54.107  17.609  17.412 0.0000000000
100680  -54.035  17.171  17.680 0.0000000000
100681  -54.060  17.143  16.945 0.0000000000
100682  -53.943  16.641  16.309 0.0000000000
100683  -53.850  16.177  15.593 0.0000000000
100684  -53.735  15.746  14.825 0.0000000000
100685  -53.656  16.111  14.790 0.0000000000
100686  -53.380  16.068  14.057 0.0000000000
100687  -53.007  16.003  13.348 0.0000000000
100688  -52.498  15.951  12.708 0.0000000000
100689  -52.699  16.405  13.539 0.0000000000
100690  -52.374  16.765  13.613 0.0000000000
100691  -52.094  17.182  13.516 0.0000000000
100692  -53.044  19.435  13.252 0.0000000000
100693  -52.549  19.047  13.262 0.0000000000
100694  -52.390  19.389  12.809 0.0000000000
100695  -51.644  19.288  12.471 0.0000000000
100696  -50.867  19.126  12.192 0.0000000000
100697  -50.132  18.925  11.956 0.0000000000
100698  -50.599  19.454  11.776 0.0000000000
100699  -50.363  19.830  11.346 0.0000000000
103900  -41.222  8.224  20.799 0.0000000000
103901  -41.766  8.382  20.371 0.0000000000
103902  -41.440  8.699  20.867 0.0000000000
103903  -41.721  9.171  21.006 0.0000000000
103904  -42.000  9.629  21.209 0.0000000000
103905  -41.723  11.971  22.850 0.0000000000
103906  -42.101  11.401  22.582 0.0000000000
103907  -42.507  11.893  22.772 0.0000000000
103908  -43.245  11.817  22.698 0.0000000000
103909  -44.005  11.788  22.522 0.0000000000
103910  -44.797  11.761  22.278 0.0000000000
103911  -44.448  12.195  22.789 0.0000000000
103912  -44.905  12.626  23.040 0.0000000000
103913  -45.337  13.058  23.222 0.0000000000
103914  -38.872  16.377  21.765 0.0000000000
103915  -39.240  15.819  21.882 0.0000000000
103916  -39.602  16.210  21.646 0.0000000000
103917  -40.381  16.018  21.581 0.0000000000
103918  -41.149  15.867  21.519 0.0000000000
103919  -43.955  16.855  20.798 0.0000000000
103920  -43.576  16.465  21.153 0.0000000000
103921  -44.367  16.415  21.292 0.0000000000
103922  -44.734  16.031  21.844 0.0000000000
103923  -45.058  15.660  22.396 0.0000000000
103924  -45.395  15.240  22.909 0.0000000000
103925  -45.851  15.645  22.611 0.0000000000
103926  -46.665  15.670  22.771 0.0000000000
103927  -47.469  15.646  22.827 0.0000000000
103928  -48.285  15.672  22.830 0.0000000000
103929  -47.852  16.113  22.551 0.0000000000
103930  -48.243  16.539  22.159 0.0000000000
103931  -48.697  16.966  21.700 0.0000000000
103932  -47.914  19.102  19.306 0.0000000000
103933  -48.448  18.632  19.704 0.0000000000
103934  -48.671  19.171  19.258 0.0000000000
103935  -49.340  19.296  19.155 0.0000000000
103936  -50.078  19.450  19.082 0.0000000000
103937  -50.766  19.628  18.989 0.0000000000
103938  -50.323  20.091  18.605 0.0000000000
103939  -50.591  20.775  18.230 0.0000000000
107991  -41.815  3.828  20.209 0.0000000000
107992  -41.491  4.408  20.088 0.0000000000
107993  -41.231  5.040  20.078 0.0000000000
107994  -41.062  5.660  20.125 0.0000000000
107995  -40.704  5.449  20.401 0.0000000000
107996  -40.236  5.837  20.778 0.0000000000
107997  -39.815  6.230  21.172 0.0000000000
107998  -37.605  6.766  22.682 0.0000000000
107999  -38.021  6.864  22.439 0.0000000000
108000  -37.549  7.414  22.786 0.0000000000
108001  -37.532  8.085  22.924 0.0000000000
108002  -37.564  8.843  23.018 0.0000000000
108003  -37.655  9.553  23.092 0.0000000000
108004  -37.176  9.520  23.276 0.0000000000
108005  -36.809  10.200  23.488 0.0000000000
108006  -36.436  10.873  23.654 0.0000000000
108007  -34.871  5.593  25.119 0.0000000000
108008  -35.157  5.761  24.795 0.0000000000
108009  -34.685  6.377  25.074 0.0000000000
108010  -34.551  7.198  24.975 0.0000000000
108011  -34.540  7.954  24.921 0.0000000000
108012  -33.872  11.613  25.609 0.0000000000
108013  -34.050  10.915  25.378 0.0000000000
108014  -34.105  11.719  25.270 0.0000000000
108015  -34.371  11.838  24.931 0.0000000000
108016  -34.662  11.988  24.566 0.0000000000
108017  -34.992  12.054  24.285 0.0000000000
108018  -34.749  12.705  24.385 0.0000000000
108019  -34.861  13.427  24.199 0.0000000000
108020  -34.981  14.200  24.034 0.0000000000
108021  -35.180  14.908  23.878 0.0000000000
108022  -34.824  14.885  24.183 0.0000000000
108023  -34.735  15.533  24.383 0.0000000000
108024  -34.716  16.150  24.596 0.0000000000
108025  -34.548  17.219  26.518 0.0000000000
108026  -34.522  17.294  26.032 0.0000000000
108027  -34.689  17.908  26.328 0.0000000000
108028  -34.877  18.539  26.096 0.0000000000
108029  -35.124  19.156  25.804 0.0000000000
108030  -35.362  19.759  25.466 0.0000000000
108031  -35.441  19.719  25.998 0.0000000000
108103  -37.024  5.790  37.337 0.0000000000
108104  -37.035  6.491  37.151 0.0000000000
108105  -36.734  6.376  36.692 0.0000000000
108106  -36.425  6.206  36.219 0.0000000000
108107  -35.798  7.542  34.850 0.0000000000
108108  -35.747  7.008  34.986 0.0000000000
108109  -35.480  6.745  34.583 0.0000000000
108110  -35.287  5.957  34.270 0.0000000000
108111  -35.171  5.117  34.028 0.0000000000
108112  -35.135  4.215  33.708 0.0000000000
108113  -34.886  4.880  33.517 0.0000000000
108114  -34.694  4.702  33.051 0.0000000000
108115  -34.484  4.545  32.559 0.0000000000
108116  -34.302  4.347  32.115 0.0000000000
108117  -34.279  5.265  32.401 0.0000000000
108118  -34.126  6.011  32.257 0.0000000000
108119  -33.986  6.823  32.133 0.0000000000
108120  -35.043  11.070  32.916 0.0000000000
108121  -34.571  10.156  32.658 0.0000000000
108122  -34.692  10.993  32.474 0.0000000000
108123  -34.376  10.837  31.999 0.0000000000
108124  -34.080  10.754  31.518 0.0000000000
108125  -33.834  10.738  31.042 0.0000000000
108126  -34.272  11.513  31.305 0.0000000000
108127  -34.537  12.266  31.094 0.0000000000
108128  -34.822  12.923  30.912 0.0000000000
108129  -39.499  16.757  35.083 0.0000000000
108130  -38.909  16.180  34.863 0.0000000000
108131  -39.261  16.728  34.603 0.0000000000
108132  -38.990  16.675  34.090 0.0000000000
108133  -38.721  16.590  33.569 0.0000000000
108134  -39.470  17.789  32.208 0.0000000000
108135  -39.081  17.245  32.355 0.0000000000
108136  -38.796  17.189  31.892 0.0000000000
108137  -38.079  16.574  31.621 0.0000000000
108138  -37.348  16.025  31.372 0.0000000000
108139  -36.648  15.450  31.167 0.0000000000
108140  -37.064  16.027  31.032 0.0000000000
108141  -36.780  16.087  30.628 0.0000000000
108142  -36.441  16.237  30.266 0.0000000000
108143  -36.090  16.363  29.897 0.0000000000
108144  -36.694  17.004  30.184 0.0000000000
108145  -36.914  17.804  30.067 0.0000000000
108146  -37.142  18.550  29.888 0.0000000000
110493  -51.618  7.427  3.928 0.0000000000
110494  -52.112  7.245  3.415 0.0000000000
110502  -43.785  9.182  18.741 0.0000000000
110503  -43.953  8.853  18.154 0.0000000000
110504  -44.274  9.453  18.276 0.0000000000
110505  -44.743  9.671  17.785 0.0000000000
110506  -45.186  9.843  17.300 0.0000000000
110507  -47.375  11.785  16.951 0.0000000000
110508  -46.988  11.264  16.749 0.0000000000
110509  -47.403  11.354  16.223 0.0000000000
110510  -47.474  10.868  15.540 0.0000000000
110511  -47.468  10.340  14.876 0.0000000000
110512  -47.401  9.825  14.131 0.0000000000
110513  -47.779  10.451  14.267 0.0000000000
110514  -48.080  10.557  13.619 0.0000000000
110515  -48.363  10.617  12.902 0.0000000000
110516  -51.264  15.032  18.113 0.0000000000
110517  -50.663  14.783  18.069 0.0000000000
110518  -51.093  14.754  17.179 0.0000000000
110519  -50.862  14.371  16.264 0.0000000000
110520  -50.652  13.947  15.415 0.0000000000
110521  -51.218  12.624  11.344 0.0000000000
110522  -50.952  12.751  12.264 0.0000000000
110523  -50.708  12.385  11.410 0.0000000000
110524  -50.209  12.151  11.484 0.0000000000
110525  -49.724  11.885  11.472 0.0000000000
110526  -49.357  11.585  11.435 0.0000000000
110527  -49.591  11.508  10.590 0.0000000000
110528  -49.541  11.142  9.732 0.0000000000
110529  -49.434  10.693  8.895 0.0000000000
110530  -49.410  10.175  8.093 0.0000000000
110531  -49.660  10.601  8.043 0.0000000000
110532  -49.863  10.497  7.110 0.0000000000
110533  -49.998  10.369  6.089 0.0000000000
110535  -50.459  11.031  3.986 0.0000000000
110556  -50.109  15.054  9.726 0.0000000000
110557  -50.002  14.652  8.620 0.0000000000
110558  -49.599  14.793  8.866 0.0000000000
110559  -49.103  14.575  8.052 0.0000000000
110560  -48.558  14.361  7.245 0.0000000000
110561  -46.062  14.639  6.952 0.0000000000
110562  -46.416  14.439  6.619 0.0000000000
110563  -45.760  14.359  6.146 0.0000000000
116693  -35.954  1.594  27.764 0.0000000000
116694  -35.422  2.114  27.542 0.0000000000
116695  -35.336  1.983  27.980 0.0000000000
116696  -34.848  2.409  28.246 0.0000000000
116697  -34.350  2.965  28.517 0.0000000000
116698  -34.778  2.166  29.210 0.0000000000
116699  -34.330  2.841  29.000 0.0000000000
116700  -33.951  3.592  28.820 0.0000000000
116701  -33.613  4.249  29.149 0.0000000000
116702  -33.382  4.934  29.435 0.0000000000
116703  -33.210  5.682  29.729 0.0000000000
117335  -45.834  5.050  15.502 0.0000000000
117336  -44.941  5.368  16.438 0.0000000000
117337  -45.355  5.482  15.895 0.0000000000
117338  -45.784  5.531  15.325 0.0000000000
117339  -45.759  6.159  15.199 0.0000000000
117340  -45.809  6.734  15.078 0.0000000000
117341  -45.921  7.292  14.994 0.0000000000
117342  -52.455  18.080  19.998 0.0000000000
117343  -52.780  17.684  19.930 0.0000000000
117344  -53.060  18.163  19.575 0.0000000000
117345  -53.553  18.223  19.066 0.0000000000
117346  -53.921  18.199  18.487 0.0000000000
117347  -53.889  19.173  18.161 0.0000000000
117348  -54.038  18.644  18.040 0.0000000000
117349  -54.105  18.112  17.772 0.0000000000
117350  -54.170  18.043  17.091 0.0000000000
117351  -54.097  18.002  16.374 0.0000000000
117352  -53.828  17.909  15.687 0.0000000000
117353  -53.474  17.866  15.032 0.0000000000
117354  -53.740  18.376  15.307 0.0000000000
117355  -53.710  18.818  14.820 0.0000000000
117356  -53.634  19.167  14.301 0.0000000000
117357  -54.153  19.674  15.121 0.0000000000
117358  -53.924  19.568  14.378 0.0000000000
117359  -53.567  19.484  13.764 0.0000000000
117360  -53.508  19.809  13.260 0.0000000000
117361  -53.300  20.085  12.723 0.0000000000
117362  -53.099  20.333  12.173 0.0000000000
119851  -39.807  9.912  22.464 0.0000000000
119852  -40.416  9.892  22.226 0.0000000000
119853  -40.062  10.433  22.582 0.0000000000
119854  -40.338  10.984  22.693 0.0000000000
119855  -40.663  11.541  22.837 0.0000000000
119856  -39.577  12.310  23.103 0.0000000000
119857  -40.256  12.211  23.012 0.0000000000
119858  -40.989  12.070  22.959 0.0000000000
119859  -41.363  12.596  23.010 0.0000000000
119860  -41.719  13.124  23.062 0.0000000000
119861  -42.108  13.627  23.064 0.0000000000
119862  -40.288  17.939  20.931 0.0000000000
119863  -40.711  17.397  20.937 0.0000000000
119864  -41.087  17.769  20.714 0.0000000000
119865  -41.910  17.610  20.528 0.0000000000
119866  -42.727  17.444  20.450 0.0000000000
119867  -42.564  18.318  20.060 0.0000000000
119868  -43.068  17.819  20.192 0.0000000000
119869  -43.541  17.333  20.459 0.0000000000
119870  -44.318  17.277  20.497 0.0000000000
119871  -45.098  17.205  20.591 0.0000000000
119872  -45.918  17.167  20.772 0.0000000000
119873  -46.711  17.134  20.954 0.0000000000
119874  -46.309  17.522  20.358 0.0000000000
119875  -46.635  18.021  20.002 0.0000000000
119876  -46.910  18.538  19.653 0.0000000000
119877  -45.620  19.050  19.480 0.0000000000
119878  -46.403  19.034  19.403 0.0000000000
119879  -47.147  19.055  19.356 0.0000000000
119880  -47.419  19.605  19.010 0.0000000000
123033  -40.755  3.177  21.723 0.0000000000
123034  -40.249  3.670  21.524 0.0000000000
123035  -39.890  4.253  21.355 0.0000000000
123036  -39.661  4.858  21.306 0.0000000000
123037  -39.311  4.679  21.614 0.0000000000
123038  -38.763  5.137  21.929 0.0000000000
123039  -38.249  5.604  22.259 0.0000000000
123040  -38.071  4.830  22.583 0.0000000000
123041  -37.875  5.485  22.590 0.0000000000
123042  -37.732  6.080  22.596 0.0000000000
123043  -37.206  6.676  22.959 0.0000000000
123044  -36.758  7.168  23.299 0.0000000000
123045  -36.321  7.762  23.560 0.0000000000
123046  -33.499  8.122  26.257 0.0000000000
123047  -33.734  8.307  25.871 0.0000000000
123048  -33.518  8.995  26.216 0.0000000000
123049  -33.576  9.871  26.172 0.0000000000
123050  -33.645  10.674  26.085 0.0000000000
123051  -33.427  11.294  26.754 0.0000000000
123052  -33.550  11.374  26.398 0.0000000000
123053  -33.692  11.440  26.019 0.0000000000
123054  -33.762  12.303  25.861 0.0000000000
123055  -33.855  13.082  25.716 0.0000000000
123056  -33.985  13.851  25.511 0.0000000000
123057  -34.135  14.626  25.377 0.0000000000
123058  -34.022  14.553  25.764 0.0000000000
123059  -34.122  15.204  26.088 0.0000000000
123060  -34.250  15.800  26.412 0.0000000000
123061  -34.065  14.890  26.995 0.0000000000
123062  -34.243  15.724  26.842 0.0000000000
123063  -34.407  16.478  26.707 0.0000000000
123064  -34.637  17.159  26.999 0.0000000000
123065  -34.915  17.704  27.336 0.0000000000
123066  -35.233  18.267  27.617 0.0000000000
123115  -39.313  12.189  37.931 0.0000000000
123119  -38.042  9.890  37.296 0.0000000000
123120  -37.560  9.159  36.930 0.0000000000
123121  -37.045  8.438  36.607 0.0000000000
123122  -37.194  9.020  36.457 0.0000000000
123123  -36.861  8.827  36.003 0.0000000000
123124  -36.496  8.553  35.596 0.0000000000
123125  -37.163  9.825  35.727 0.0000000000
123126  -36.678  9.086  35.411 0.0000000000
123127  -36.194  8.301  35.145 0.0000000000
123128  -35.847  8.059  34.698 0.0000000000
123129  -35.480  7.959  34.243 0.0000000000
123130  -35.127  7.931  33.825 0.0000000000
123131  -34.799  7.859  33.370 0.0000000000
123132  -35.191  8.692  33.704 0.0000000000
123133  -35.256  9.461  33.603 0.0000000000
123134  -35.314  10.270  33.459 0.0000000000
123135  -36.227  11.127  34.094 0.0000000000
123136  -35.848  11.131  33.650 0.0000000000
123137  -35.418  11.104  33.297 0.0000000000
123138  -35.504  11.925  33.117 0.0000000000
123139  -35.638  12.702  32.913 0.0000000000
123140  -35.851  13.409  32.721 0.0000000000
123141  -41.265  18.697  34.266 0.0000000000
123142  -40.558  18.137  34.032 0.0000000000
123143  -41.013  18.642  33.900 0.0000000000
123144  -40.753  18.551  33.398 0.0000000000
123145  -40.475  18.482  32.942 0.0000000000
123146  -41.511  19.605  33.058 0.0000000000
123147  -40.823  19.057  32.787 0.0000000000
123148  -40.184  18.430  32.509 0.0000000000
123149  -39.816  18.474  32.082 0.0000000000
123150  -39.459  18.540  31.645 0.0000000000
123151  -39.050  18.673  31.229 0.0000000000
123152  -38.621  18.870  30.849 0.0000000000
123153  -39.276  19.398  31.075 0.0000000000
124975  -52.183  5.593  5.489 0.0000000000
124976  -52.589  5.848  4.801 0.0000000000
124977  -51.865  5.917  5.250 0.0000000000
124978  -51.611  6.282  5.048 0.0000000000
124979  -51.355  6.753  4.826 0.0000000000
124980  -50.280  6.752  6.163 0.0000000000
124981  -50.751  6.975  5.397 0.0000000000
124982  -51.202  7.231  4.628 0.0000000000
124983  -51.126  7.704  4.413 0.0000000000
124984  -51.088  8.145  4.145 0.0000000000
124985  -51.064  8.543  3.867 0.0000000000
124986  -45.395  11.155  19.591 0.0000000000
124987  -45.421  10.983  18.821 0.0000000000
124988  -45.913  11.421  19.097 0.0000000000
124989  -46.452  11.722  18.655 0.0000000000
124990  -46.941  11.985  18.212 0.0000000000
124991  -47.419  12.508  19.259 0.0000000000
124992  -47.401  12.457  18.487 0.0000000000
124993  -47.382  12.157  17.715 0.0000000000
124994  -47.735  12.319  17.152 0.0000000000
124995  -48.055  12.440  16.550 0.0000000000
124996  -48.298  12.495  15.950 0.0000000000
124997  -52.685  14.524  14.726 0.0000000000
124998  -52.174  14.289  14.692 0.0000000000
124999  -52.491  14.135  13.837 0.0000000000
125000  -52.274  13.724  12.987 0.0000000000
125001  -52.028  13.302  12.159 0.0000000000
125002  -52.686  13.552  11.201 0.0000000000
125003  -52.246  13.217  11.247 0.0000000000
125004  -51.718  12.878  11.249 0.0000000000
125005  -51.457  12.517  10.397 0.0000000000
125006  -51.192  12.191  9.517 0.0000000000
125007  -50.904  11.886  8.618 0.0000000000
125008  -50.586  11.559  7.731 0.0000000000
125009  -50.971  11.873  7.615 0.0000000000
125010  -51.049  11.872  6.664 0.0000000000
125011  -51.049  11.880  5.746 0.0000000000
125012  -51.693  12.609  6.660 0.0000000000
125013  -51.309  12.269  5.723 0.0000000000
125014  -50.922  11.863  4.788 0.0000000000
125022  -50.288  13.015  4.001 0.0000000000
125028  -48.595  16.092  10.701 0.0000000000
125029  -48.411  15.447  9.657 0.0000000000
125030  -48.043  15.791  9.871 0.0000000000
125031  -47.484  15.479  9.175 0.0000000000
125032  -46.933  15.242  8.522 0.0000000000
125033  -46.800  16.199  9.735 0.0000000000
125034  -46.602  15.571  8.823 0.0000000000
125035  -46.346  15.042  7.858 0.0000000000
125036  -45.782  14.899  7.350 0.0000000000
125037  -45.159  14.832  6.976 0.0000000000
125042  -43.633  15.685  7.797 0.0000000000
125043  -44.540  16.329  8.728 0.0000000000
125044  -43.982  16.163  8.384 0.0000000000
129808  -37.038  15.013  22.984 0.0000000000
129809  -37.658  14.886  22.809 0.0000000000
129810  -37.304  15.474  22.729 0.0000000000
129811  -37.586  15.821  22.444 0.0000000000
129812  -37.889  16.158  22.180 0.0000000000
129813  -36.958  16.985  22.483 0.0000000000
129814  -37.552  16.773  22.229 0.0000000000
129815  -38.178  16.534  21.952 0.0000000000
129816  -38.513  16.963  21.763 0.0000000000
129817  -38.872  17.371  21.576 0.0000000000
129818  -39.230  17.774  21.339 0.0000000000
129820  -36.654  19.175  22.444 0.0000000000
129821  -37.102  18.903  22.182 0.0000000000
129824  -37.612  18.674  21.887 0.0000000000
129825  -38.215  18.470  21.624 0.0000000000
129826  -38.866  18.292  21.383 0.0000000000
129827  -39.559  18.124  21.160 0.0000000000
132687  -38.591  2.089  24.811 0.0000000000
132688  -38.040  2.465  24.563 0.0000000000
132689  -37.563  2.939  24.351 0.0000000000
132690  -37.162  3.513  24.163 0.0000000000
132691  -36.873  3.347  24.538 0.0000000000
132692  -36.215  3.803  24.756 0.0000000000
132693  -35.617  4.283  24.986 0.0000000000
132694  -35.667  3.446  25.531 0.0000000000
132695  -35.356  4.103  25.364 0.0000000000
132696  -35.052  4.832  25.216 0.0000000000
132697  -34.587  5.390  25.489 0.0000000000
132698  -34.117  6.041  25.747 0.0000000000
132699  -33.758  6.682  26.065 0.0000000000
132700  -34.956  2.753  27.327 0.0000000000
132701  -34.573  3.404  27.100 0.0000000000
132702  -34.214  4.140  26.892 0.0000000000
132703  -33.676  4.621  27.661 0.0000000000
132704  -33.780  4.758  27.170 0.0000000000
132705  -33.940  4.893  26.692 0.0000000000
132706  -33.701  5.695  26.575 0.0000000000
132707  -33.538  6.485  26.463 0.0000000000
132708  -33.487  7.302  26.353 0.0000000000
132709  -33.270  7.978  26.672 0.0000000000
132710  -33.154  8.694  27.023 0.0000000000
132711  -33.108  9.399  27.365 0.0000000000
132712  -32.908  8.435  27.910 0.0000000000
132713  -32.982  9.253  27.796 0.0000000000
132714  -33.096  10.099  27.705 0.0000000000
132715  -33.142  10.812  28.073 0.0000000000
132716  -33.299  11.521  28.424 0.0000000000
132717  -33.542  12.201  28.760 0.0000000000
132769  -40.515  14.040  38.364 0.0000000000
132770  -41.243  15.398  38.601 0.0000000000
132771  -40.713  14.680  38.182 0.0000000000
132772  -40.172  13.954  37.815 0.0000000000
132773  -39.823  13.910  37.242 0.0000000000
132774  -39.414  13.875  36.722 0.0000000000
132775  -39.036  13.920  36.249 0.0000000000
132776  -38.642  13.978  35.831 0.0000000000
132777  -39.157  14.654  36.194 0.0000000000
132778  -39.296  15.345  36.086 0.0000000000
132779  -39.470  16.047  35.880 0.0000000000
132780  -40.408  16.590  36.563 0.0000000000
132781  -40.089  16.660  36.063 0.0000000000
132782  -39.739  16.741  35.532 0.0000000000
132783  -40.158  17.327  35.244 0.0000000000
132784  -40.583  17.883  35.055 0.0000000000
132785  -41.069  18.365  34.801 0.0000000000
132790  -42.473  19.533  36.207 0.0000000000
132791  -41.974  18.940  35.870 0.0000000000
132792  -41.780  18.942  35.431 0.0000000000
132793  -41.619  18.863  35.046 0.0000000000
132794  -41.504  18.791  34.624 0.0000000000
132795  -41.904  19.231  34.472 0.0000000000
132796  -42.269  19.634  34.317 0.0000000000
134447  -48.478  5.849  10.586 0.0000000000
134449  -48.051  6.254  11.111 0.0000000000
134450  -48.326  6.316  10.463 0.0000000000
134451  -48.162  6.821  10.343 0.0000000000
134452  -48.031  7.357  10.149 0.0000000000
134453  -48.047  7.919  9.922 0.0000000000
134454  -49.319  14.323  21.815 0.0000000000
134455  -49.328  14.221  21.058 0.0000000000
134456  -49.833  14.692  21.228 0.0000000000
134457  -50.389  14.998  20.594 0.0000000000
134458  -50.928  15.190  19.784 0.0000000000
134459  -51.494  15.684  20.593 0.0000000000
134460  -51.494  15.505  19.805 0.0000000000
134461  -51.407  15.281  18.986 0.0000000000
134462  -51.861  15.299  18.174 0.0000000000
134463  -52.266  15.186  17.262 0.0000000000
134464  -52.606  15.025  16.451 0.0000000000
134465  -53.030  17.275  19.714 0.0000000000
134466  -53.226  16.857  19.351 0.0000000000
134467  -53.358  16.431  18.841 0.0000000000
134468  -53.885  16.773  17.866 0.0000000000
134469  -53.646  16.385  18.001 0.0000000000
134470  -53.322  16.025  18.079 0.0000000000
134471  -53.217  15.631  17.267 0.0000000000
134472  -53.067  15.244  16.421 0.0000000000
134473  -52.889  14.878  15.603 0.0000000000
134474  -53.129  14.766  14.745 0.0000000000
134475  -53.355  14.685  13.914 0.0000000000
134476  -53.395  14.625  13.077 0.0000000000
134477  -53.607  15.345  14.014 0.0000000000
134478  -53.472  14.967  13.134 0.0000000000
134479  -53.279  14.597  12.184 0.0000000000
134480  -53.026  14.579  11.276 0.0000000000
134481  -52.684  14.535  10.470 0.0000000000
134482  -52.246  14.449  9.639 0.0000000000
134483  -51.751  14.329  8.815 0.0000000000
134484  -51.931  14.701  9.828 0.0000000000
134485  -51.532  14.959  10.071 0.0000000000
134486  -51.124  15.123  10.297 0.0000000000
134487  -51.896  15.767  12.001 0.0000000000
134488  -51.307  15.549  11.311 0.0000000000
134489  -50.667  15.299  10.543 0.0000000000
134490  -50.238  15.519  10.784 0.0000000000
134491  -49.845  15.770  11.020 0.0000000000
134492  -49.466  16.101  11.297 0.0000000000
134493  -53.020  17.829  14.458 0.0000000000
134494  -52.472  17.743  13.924 0.0000000000
134495  -51.830  17.675  13.458 0.0000000000
134496  -52.081  18.641  13.296 0.0000000000
134497  -51.584  18.113  13.276 0.0000000000
134498  -51.158  17.453  13.012 0.0000000000
134499  -50.439  17.113  12.562 0.0000000000
134500  -49.772  16.805  11.963 0.0000000000
134501  -49.176  16.460  11.365 0.0000000000
134502  -48.874  16.855  11.441 0.0000000000
134503  -48.604  17.252  11.426 0.0000000000
134504  -48.337  17.702  11.293 0.0000000000
134505  -49.451  18.706  11.671 0.0000000000
134506  -48.766  18.474  11.429 0.0000000000
134507  -48.044  18.175  11.141 0.0000000000
134508  -47.794  18.646  10.957 0.0000000000
134509  -47.586  19.085  10.656 0.0000000000
134510  -47.394  19.559  10.357 0.0000000000
141142  -42.538  6.714  18.897 0.0000000000
141143  -42.970  6.915  18.475 0.0000000000
141144  -42.628  7.289  18.919 0.0000000000
141145  -42.783  7.854  18.941 0.0000000000
141146  -42.992  8.415  19.055 0.0000000000
141147  -42.269  8.554  20.011 0.0000000000
141148  -42.762  8.752  19.601 0.0000000000
141149  -43.260  8.963  19.184 0.0000000000
141150  -43.604  9.477  19.351 0.0000000000
141151  -43.985  9.977  19.531 0.0000000000
141152  -44.406  10.442  19.728 0.0000000000
141153  -41.032  9.928  21.973 0.0000000000
141154  -41.659  9.967  21.718 0.0000000000
141155  -42.312  10.054  21.476 0.0000000000
141156  -42.435  10.875  22.186 0.0000000000
141157  -42.709  10.503  21.736 0.0000000000
141158  -42.995  10.194  21.197 0.0000000000
141159  -43.640  10.329  20.826 0.0000000000
141160  -44.256  10.540  20.377 0.0000000000
141161  -44.851  10.843  20.018 0.0000000000
141162  -45.353  11.231  20.287 0.0000000000
141163  -45.893  11.610  20.509 0.0000000000
141164  -46.420  11.988  20.830 0.0000000000
141165  -45.544  11.848  21.973 0.0000000000
141166  -46.302  12.058  21.549 0.0000000000
141167  -46.989  12.318  21.097 0.0000000000
141168  -47.415  12.582  21.407 0.0000000000
141169  -47.856  12.947  21.719 0.0000000000
141170  -48.321  13.406  22.016 0.0000000000
141171  -38.316  14.717  22.678 0.0000000000
141172  -38.963  14.602  22.599 0.0000000000
141173  -39.621  14.466  22.583 0.0000000000
141174  -39.623  15.319  22.081 0.0000000000
141175  -40.000  14.841  22.337 0.0000000000
141176  -40.356  14.335  22.627 0.0000000000
141177  -41.073  14.235  22.744 0.0000000000
141178  -41.783  14.190  22.895 0.0000000000
141179  -42.528  14.111  23.005 0.0000000000
141180  -41.142  16.840  21.026 0.0000000000
141181  -41.550  16.262  21.254 0.0000000000
141182  -41.944  15.744  21.607 0.0000000000
141183  -43.165  16.089  21.480 0.0000000000
141184  -42.718  15.662  21.760 0.0000000000
141185  -42.308  15.323  22.026 0.0000000000
141186  -42.632  14.955  22.466 0.0000000000
141187  -42.930  14.546  22.898 0.0000000000
141188  -43.311  14.028  23.232 0.0000000000
141189  -44.110  13.894  23.372 0.0000000000
141190  -44.936  13.680  23.390 0.0000000000
141191  -45.790  13.479  23.400 0.0000000000
141192  -45.826  14.641  23.264 0.0000000000
141193  -46.196  13.979  23.360 0.0000000000
141194  -46.563  13.382  23.202 0.0000000000
141195  -47.353  13.439  22.975 0.0000000000
141196  -48.074  13.646  22.629 0.0000000000
141197  -48.726  13.956  22.224 0.0000000000
141198  -49.150  14.464  22.352 0.0000000000
141199  -49.612  15.030  22.352 0.0000000000
141200  -50.113  15.609  22.230 0.0000000000
141201  -49.071  15.768  22.685 0.0000000000
141202  -49.829  15.932  22.386 0.0000000000
141203  -50.579  16.110  22.076 0.0000000000
141204  -50.961  16.627  21.760 0.0000000000
141205  -51.264  17.035  21.339 0.0000000000
141206  -51.557  17.462  20.875 0.0000000000
141207  -47.515  17.199  21.053 0.0000000000
141208  -48.310  17.299  21.166 0.0000000000
141209  -49.093  17.418  21.219 0.0000000000
141210  -48.968  18.211  20.185 0.0000000000
141211  -49.393  17.878  20.619 0.0000000000
141212  -49.817  17.569  21.057 0.0000000000
141213  -50.527  17.671  20.944 0.0000000000
141214  -51.182  17.771  20.712 0.0000000000
141215  -51.822  17.959  20.326 0.0000000000
141216  -52.091  18.445  19.951 0.0000000000
141217  -52.350  18.992  19.491 0.0000000000
141218  -52.595  19.536  18.965 0.0000000000
141219  -51.461  19.835  18.837 0.0000000000
141220  -52.168  19.978  18.680 0.0000000000
141221  -52.792  20.039  18.495 0.0000000000
149332  -43.979  4.837  17.754 0.0000000000
149333  -43.514  5.235  18.083 0.0000000000
149334  -43.055  5.623  18.433 0.0000000000
149412  -43.312  4.094  18.848 0.0000000000
149413  -42.977  4.701  18.768 0.0000000000
149414  -42.751  5.362  18.756 0.0000000000
149415  -42.583  6.018  18.821 0.0000000000
149416  -42.177  6.400  19.214 0.0000000000
149417  -41.790  6.801  19.661 0.0000000000
149418  -41.455  7.242  20.109 0.0000000000
149419  -41.021  6.310  20.222 0.0000000000
149420  -41.055  7.008  20.413 0.0000000000
149421  -41.107  7.618  20.593 0.0000000000
149422  -40.745  7.988  21.064 0.0000000000
149423  -40.390  8.373  21.498 0.0000000000
149424  -39.994  8.758  21.918 0.0000000000
149425  -39.488  5.454  21.350 0.0000000000
149426  -39.411  6.066  21.419 0.0000000000
149427  -39.379  6.669  21.572 0.0000000000
149428  -38.477  6.970  22.192 0.0000000000
149429  -38.922  7.156  21.985 0.0000000000
149430  -39.378  7.334  21.778 0.0000000000
149431  -39.452  7.982  21.977 0.0000000000
149432  -39.506  8.645  22.111 0.0000000000
149433  -39.635  9.272  22.248 0.0000000000
149434  -39.240  9.822  22.605 0.0000000000
149435  -38.825  10.443  22.937 0.0000000000
149436  -38.408  11.107  23.183 0.0000000000
149437  -37.754  10.331  23.235 0.0000000000
149438  -37.898  11.043  23.272 0.0000000000
149439  -38.049  11.755  23.274 0.0000000000
149440  -37.697  12.453  23.246 0.0000000000
149441  -37.353  13.115  23.244 0.0000000000
149442  -37.087  13.767  23.200 0.0000000000
149443  -36.773  4.180  24.060 0.0000000000
149444  -36.551  4.806  23.928 0.0000000000
149445  -36.372  5.463  23.831 0.0000000000
149446  -35.482  5.947  24.435 0.0000000000
149447  -35.851  6.135  24.092 0.0000000000
149448  -36.181  6.219  23.802 0.0000000000
149449  -36.026  6.960  23.812 0.0000000000
149450  -35.944  7.676  23.781 0.0000000000
149451  -35.898  8.401  23.831 0.0000000000
149452  -33.968  8.515  25.546 0.0000000000
149453  -34.250  8.613  25.184 0.0000000000
149454  -34.528  8.756  24.894 0.0000000000
149455  -34.265  10.235  25.140 0.0000000000
149456  -34.521  9.582  24.881 0.0000000000
149457  -34.795  8.918  24.629 0.0000000000
149458  -35.162  8.973  24.318 0.0000000000
149459  -35.520  9.066  24.077 0.0000000000
149460  -35.920  9.194  23.854 0.0000000000
149461  -35.915  10.000  23.856 0.0000000000
149462  -35.990  10.779  23.821 0.0000000000
149463  -36.062  11.531  23.749 0.0000000000
149464  -35.356  12.097  24.043 0.0000000000
149465  -35.752  12.150  23.823 0.0000000000
149466  -36.170  12.303  23.616 0.0000000000
149467  -36.322  13.018  23.484 0.0000000000
149468  -36.528  13.754  23.339 0.0000000000
149469  -36.815  14.408  23.163 0.0000000000
149470  -36.515  15.006  23.143 0.0000000000
149471  -36.205  15.582  23.130 0.0000000000
149472  -35.952  16.164  23.154 0.0000000000
149473  -35.415  15.514  23.684 0.0000000000
149474  -35.583  16.147  23.485 0.0000000000
149475  -35.747  16.735  23.283 0.0000000000
149476  -35.626  17.333  23.428 0.0000000000
149477  -35.563  17.944  23.605 0.0000000000
149478  -35.528  18.557  23.781 0.0000000000
149479  -34.313  15.377  25.210 0.0000000000
149480  -34.513  16.084  25.012 0.0000000000
149481  -34.675  16.733  24.824 0.0000000000
149482  -34.558  17.362  25.544 0.0000000000
149483  -34.689  17.358  25.073 0.0000000000
149484  -34.855  17.369  24.632 0.0000000000
149485  -35.028  17.981  24.437 0.0000000000
149486  -35.280  18.600  24.176 0.0000000000
149487  -35.515  19.191  23.889 0.0000000000
149488  -35.560  19.812  23.969 0.0000000000
149635  -36.836  4.984  37.050 0.0000000000
149639  -36.860  2.813  35.526 0.0000000000
149640  -36.678  2.605  35.085 0.0000000000
149641  -36.615  7.685  36.306 0.0000000000
149642  -36.359  6.874  36.015 0.0000000000
149643  -36.150  6.014  35.746 0.0000000000
149644  -35.795  6.416  35.126 0.0000000000
149645  -35.890  5.780  35.350 0.0000000000
149646  -36.099  5.136  35.509 0.0000000000
149647  -36.166  4.209  35.229 0.0000000000
149648  -36.300  3.283  34.915 0.0000000000
149653  -35.257  3.289  33.446 0.0000000000
149660  -34.521  2.612  31.022 0.0000000000
149661  -34.134  3.322  30.816 0.0000000000
149662  -34.131  4.191  31.633 0.0000000000
149663  -33.951  4.169  31.151 0.0000000000
149664  -33.778  4.147  30.629 0.0000000000
149665  -33.536  4.953  30.452 0.0000000000
149666  -33.335  5.748  30.272 0.0000000000
149667  -33.170  6.569  30.128 0.0000000000
149668  -34.479  7.808  32.927 0.0000000000
149669  -34.145  7.744  32.505 0.0000000000
149670  -33.854  7.652  32.063 0.0000000000
149671  -34.177  9.263  32.347 0.0000000000
149672  -33.846  8.415  31.979 0.0000000000
149673  -33.657  7.524  31.584 0.0000000000
149674  -33.420  7.471  31.109 0.0000000000
149675  -33.194  7.456  30.600 0.0000000000
149676  -33.040  7.365  30.018 0.0000000000
149677  -33.021  8.178  29.920 0.0000000000
149678  -33.029  8.951  29.787 0.0000000000
149679  -33.093  9.795  29.645 0.0000000000
149680  -33.598  10.653  30.570 0.0000000000
149681  -33.406  10.619  30.095 0.0000000000
149682  -33.241  10.601  29.553 0.0000000000
149683  -33.391  11.391  29.446 0.0000000000
149684  -33.647  12.174  29.236 0.0000000000
149685  -33.930  12.961  29.091 0.0000000000
149686  -38.233  14.078  35.413 0.0000000000
149687  -37.844  14.162  34.970 0.0000000000
149688  -37.502  14.210  34.478 0.0000000000
149689  -38.260  15.553  34.608 0.0000000000
149690  -37.707  14.924  34.295 0.0000000000
149691  -37.112  14.257  33.946 0.0000000000
149692  -36.749  14.287  33.413 0.0000000000
149693  -36.439  14.200  32.952 0.0000000000
149694  -36.135  14.032  32.500 0.0000000000
149695  -39.852  17.605  33.686 0.0000000000
149696  -39.145  17.012  33.354 0.0000000000
149697  -38.453  16.501  33.088 0.0000000000
149698  -38.653  16.767  32.482 0.0000000000
149699  -38.207  16.349  32.632 0.0000000000
149700  -37.787  15.897  32.793 0.0000000000
149701  -37.101  15.324  32.521 0.0000000000
149702  -36.490  14.610  32.273 0.0000000000
149703  -35.881  13.901  32.045 0.0000000000
149704  -35.627  13.774  31.586 0.0000000000
149705  -35.368  13.641  31.180 0.0000000000
149706  -35.110  13.570  30.760 0.0000000000
149707  -36.035  14.818  30.864 0.0000000000
149708  -35.443  14.191  30.607 0.0000000000
149709  -34.850  13.536  30.345 0.0000000000
149710  -34.658  13.591  29.893 0.0000000000
149711  -34.427  13.645  29.426 0.0000000000
149712  -34.218  13.689  28.941 0.0000000000
149713  -34.466  14.486  28.822 0.0000000000
149714  -34.709  15.204  28.732 0.0000000000
149715  -34.934  15.966  28.675 0.0000000000
149716  -35.735  16.530  29.484 0.0000000000
149717  -35.420  16.679  29.022 0.0000000000
149718  -35.137  16.807  28.581 0.0000000000
149719  -35.325  17.556  28.406 0.0000000000
149720  -35.529  18.260  28.180 0.0000000000
149721  -35.732  18.892  27.904 0.0000000000
149722  -38.201  19.008  30.448 0.0000000000
149723  -37.786  19.184  30.022 0.0000000000
149724  -37.388  19.278  29.576 0.0000000000
149726  -37.662  19.945  29.204 0.0000000000
149727  -36.994  19.361  29.099 0.0000000000
149728  -36.626  19.461  28.633 0.0000000000
149729  -36.264  19.483  28.133 0.0000000000
149730  -36.001  19.556  27.592 0.0000000000
149731  -36.280  20.198  27.262 0.0000000000
154425  -52.954  6.146  4.036 0.0000000000
154443  -43.428  7.094  17.981 0.0000000000
154444  -43.846  7.301  17.484 0.0000000000
154445  -44.308  7.463  17.044 0.0000000000
154446  -44.166  8.494  17.612 0.0000000000
154447  -44.440  8.073  17.094 0.0000000000
154448  -44.762  7.565  16.529 0.0000000000
154449  -45.202  7.629  16.047 0.0000000000
154450  -45.654  7.728  15.510 0.0000000000
154451  -46.049  7.849  14.993 0.0000000000
154452  -45.479  10.726  18.097 0.0000000000
154453  -45.547  10.346  17.445 0.0000000000
154454  -45.656  9.882  16.834 0.0000000000
154455  -46.518  10.646  16.542 0.0000000000
154456  -46.117  10.030  16.369 0.0000000000
154457  -45.810  9.409  16.225 0.0000000000
154458  -45.997  8.973  15.663 0.0000000000
154459  -46.202  8.462  15.065 0.0000000000
154460  -46.401  7.937  14.445 0.0000000000
154461  -46.721  8.010  13.859 0.0000000000
154462  -46.992  8.136  13.325 0.0000000000
154463  -47.252  8.231  12.739 0.0000000000
154464  -47.392  9.340  13.450 0.0000000000
154465  -47.414  8.842  12.781 0.0000000000
154466  -47.457  8.320  12.063 0.0000000000
154467  -47.691  8.395  11.317 0.0000000000
154468  -47.942  8.465  10.571 0.0000000000
154469  -48.198  8.559  9.834 0.0000000000
154470  -49.293  14.155  20.298 0.0000000000
154471  -49.236  14.098  19.512 0.0000000000
154472  -49.128  14.013  18.677 0.0000000000
154473  -50.042  14.502  18.018 0.0000000000
154474  -49.479  14.176  17.934 0.0000000000
154475  -48.970  13.831  17.788 0.0000000000
154476  -48.804  13.500  16.961 0.0000000000
154477  -48.674  13.033  16.114 0.0000000000
154478  -48.593  12.512  15.298 0.0000000000
154479  -51.615  14.002  14.595 0.0000000000
154480  -51.021  13.730  14.536 0.0000000000
154481  -50.455  13.502  14.628 0.0000000000
154482  -50.600  12.892  13.071 0.0000000000
154483  -50.253  13.053  13.880 0.0000000000
154484  -49.900  13.214  14.645 0.0000000000
154485  -49.378  12.890  14.658 0.0000000000
154486  -48.892  12.515  14.632 0.0000000000
154487  -48.549  12.037  14.542 0.0000000000
154488  -48.580  11.563  13.770 0.0000000000
154489  -48.599  11.108  12.988 0.0000000000
154490  -48.589  10.686  12.208 0.0000000000
154491  -49.053  11.190  11.423 0.0000000000
154492  -48.794  10.724  11.394 0.0000000000
154493  -48.525  10.250  11.383 0.0000000000
154494  -48.406  9.771  10.511 0.0000000000
154495  -48.411  9.199  9.774 0.0000000000
154496  -48.499  8.640  9.059 0.0000000000
154497  -48.837  8.685  8.271 0.0000000000
154498  -49.184  8.739  7.531 0.0000000000
154499  -49.533  8.726  6.777 0.0000000000
154500  -49.482  9.685  7.323 0.0000000000
154501  -49.644  9.226  6.609 0.0000000000
154502  -49.881  8.734  6.011 0.0000000000
154503  -50.279  8.801  5.226 0.0000000000
154504  -50.675  8.861  4.422 0.0000000000
154505  -50.967  8.833  3.468 0.0000000000
154506  -50.372  11.169  6.836 0.0000000000
154507  -50.222  10.732  5.990 0.0000000000
154508  -50.189  10.281  5.219 0.0000000000
154509  -50.387  10.616  4.134 0.0000000000
154510  -50.375  10.213  4.320 0.0000000000
154511  -50.382  9.875  4.553 0.0000000000
154512  -50.573  9.450  3.863 0.0000000000
154551  -51.234  14.236  7.940 0.0000000000
154552  -50.743  14.116  7.088 0.0000000000
154553  -50.178  13.947  6.288 0.0000000000
154554  -49.899  14.337  7.519 0.0000000000
154555  -49.783  14.054  6.512 0.0000000000
154556  -49.564  13.792  5.539 0.0000000000
154557  -48.947  13.682  4.863 0.0000000000
154560  -48.279  14.941  8.603 0.0000000000
154561  -48.151  14.534  7.571 0.0000000000
154562  -47.972  14.183  6.598 0.0000000000
154563  -46.851  14.273  6.312 0.0000000000
154564  -47.243  14.111  6.023 0.0000000000
154565  -47.635  13.968  5.680 0.0000000000
154566  -47.312  13.759  4.876 0.0000000000
154767  -54.036  21.686  15.441 0.0000000000
154768  -54.195  21.493  14.802 0.0000000000
154769  -54.289  21.267  14.070 0.0000000000
154774  -53.414  20.755  12.054 0.0000000000
154793  -47.225  19.860  9.853 0.0000000000
154820  -46.517  19.599  9.774 0.0000000000
154821  -45.869  19.230  9.626 0.0000000000
154822  -45.264  18.924  9.478 0.0000000000
154823  -44.683  18.634  9.314 0.0000000000
154825  -44.494  18.979  8.991 0.0000000000
154826  -44.158  18.323  9.115 0.0000000000
154827  -43.615  18.032  8.887 0.0000000000
