#!ascii label  , from subject fsaverage vox2ras=TkReg
897
526  -52.441  26.880  6.260 0.0000000000
527  -41.907  25.179  6.805 0.0000000000
1158  -49.395  32.541  1.269 0.0000000000
1159  -50.090  31.834  6.698 0.0000000000
1160  -51.058  28.879  3.061 0.0000000000
1161  -48.015  25.655  5.811 0.0000000000
1162  -44.924  28.039  3.224 0.0000000000
2219  -49.653  24.560  14.858 0.0000000000
2221  -49.325  27.773  9.536 0.0000000000
2222  -53.418  23.913  10.554 0.0000000000
2223  -50.514  22.277  7.287 0.0000000000
2224  -44.790  21.957  8.112 0.0000000000
3079  -51.244  30.596  1.994 0.0000000000
3080  -50.025  29.274  0.924 0.0000000000
3081  -48.238  28.215  2.820 0.0000000000
3082  -46.853  28.955  0.899 0.0000000000
3083  -43.677  29.008  1.981 0.0000000000
4911  -46.839  24.297  16.091 0.0000000000
4912  -46.419  25.164  13.036 0.0000000000
4916  -52.009  29.648  6.489 0.0000000000
4917  -49.651  30.592  8.655 0.0000000000
4918  -51.747  27.778  7.951 0.0000000000
4919  -51.776  25.797  9.766 0.0000000000
4920  -52.864  25.001  7.707 0.0000000000
4921  -52.858  22.866  8.248 0.0000000000
4922  -51.890  24.144  6.462 0.0000000000
4923  -44.948  25.397  6.307 0.0000000000
4924  -46.334  23.911  7.088 0.0000000000
4925  -43.411  23.717  7.673 0.0000000000
6694  -49.915  31.982  4.127 0.0000000000
6695  -51.850  30.401  4.511 0.0000000000
6696  -52.133  28.331  4.933 0.0000000000
6697  -50.823  25.954  5.618 0.0000000000
6698  -49.665  27.514  4.521 0.0000000000
6699  -46.454  26.966  4.701 0.0000000000
6700  -43.334  26.791  5.208 0.0000000000
6702  -41.980  27.824  4.089 0.0000000000
9219  -46.551  22.973  18.596 0.0000000000
9220  -49.383  23.349  17.370 0.0000000000
9221  -52.118  23.560  15.938 0.0000000000
9227  -46.246  27.154  10.997 0.0000000000
9228  -49.202  25.701  11.707 0.0000000000
9229  -51.947  24.643  13.029 0.0000000000
9230  -53.805  22.887  13.891 0.0000000000
9231  -53.745  22.007  11.269 0.0000000000
9232  -51.450  21.552  9.342 0.0000000000
9233  -48.547  20.987  8.540 0.0000000000
9234  -49.321  23.933  6.490 0.0000000000
9235  -47.535  22.163  7.474 0.0000000000
9236  -45.799  20.284  8.375 0.0000000000
9237  -43.473  19.552  8.594 0.0000000000
10759  -50.526  30.154  0.081 0.0000000000
10760  -49.506  29.575  -0.176 0.0000000000
10761  -48.546  28.925  0.805 0.0000000000
12591  -44.871  25.001  13.944 0.0000000000
12592  -44.656  25.811  12.722 0.0000000000
12596  -52.371  28.400  6.456 0.0000000000
12597  -51.778  28.928  7.277 0.0000000000
12598  -52.395  27.390  7.034 0.0000000000
12599  -52.403  26.363  7.766 0.0000000000
12600  -52.594  25.876  6.842 0.0000000000
12601  -52.653  24.497  6.965 0.0000000000
12602  -52.257  25.422  6.266 0.0000000000
12603  -43.427  25.353  6.503 0.0000000000
12604  -44.187  24.618  6.971 0.0000000000
12605  -42.677  24.470  7.236 0.0000000000
14993  -48.215  32.925  2.276 0.0000000000
14994  -48.343  32.680  3.883 0.0000000000
14995  -49.675  32.087  2.746 0.0000000000
14996  -51.327  29.618  2.487 0.0000000000
14997  -51.558  30.393  3.307 0.0000000000
14998  -51.810  29.496  3.661 0.0000000000
14999  -52.244  29.408  4.762 0.0000000000
15000  -51.632  28.663  4.119 0.0000000000
15001  -51.106  27.810  4.626 0.0000000000
15002  -50.430  28.232  3.803 0.0000000000
15003  -46.510  27.999  2.910 0.0000000000
15004  -47.260  27.629  3.790 0.0000000000
15005  -45.595  27.475  4.052 0.0000000000
15006  -44.853  26.814  4.960 0.0000000000
15007  -44.048  27.442  4.245 0.0000000000
15008  -42.634  27.290  4.605 0.0000000000
15009  -43.395  27.972  3.619 0.0000000000
15010  -43.103  29.375  1.370 0.0000000000
20492  -45.328  23.636  18.037 0.0000000000
20493  -48.360  24.352  15.438 0.0000000000
20494  -48.242  23.971  16.887 0.0000000000
20495  -49.678  24.090  16.257 0.0000000000
20496  -50.781  23.498  16.617 0.0000000000
20497  -50.943  24.249  15.445 0.0000000000
20506  -48.684  32.524  6.673 0.0000000000
20507  -47.035  32.858  7.816 0.0000000000
20508  -48.479  32.209  7.801 0.0000000000
20509  -49.456  29.235  9.061 0.0000000000
20510  -47.957  30.425  9.443 0.0000000000
20511  -47.843  28.964  9.735 0.0000000000
20512  -46.181  28.598  10.319 0.0000000000
20513  -47.783  27.493  10.242 0.0000000000
20514  -47.738  26.346  11.085 0.0000000000
20515  -49.157  26.567  10.365 0.0000000000
20516  -52.698  24.882  10.192 0.0000000000
20517  -51.814  25.182  11.347 0.0000000000
20518  -52.851  24.415  11.885 0.0000000000
20519  -53.029  23.888  13.516 0.0000000000
20520  -53.631  23.471  12.282 0.0000000000
20521  -54.013  22.457  12.550 0.0000000000
20522  -53.755  22.929  10.878 0.0000000000
20523  -51.847  22.533  7.642 0.0000000000
20524  -52.275  22.152  8.803 0.0000000000
20525  -50.977  21.846  8.210 0.0000000000
20526  -49.947  21.332  8.805 0.0000000000
20527  -49.519  21.623  7.840 0.0000000000
20528  -49.428  25.765  5.712 0.0000000000
20529  -50.126  24.897  6.010 0.0000000000
20530  -48.671  24.784  6.162 0.0000000000
20531  -45.565  22.984  7.680 0.0000000000
20532  -47.004  23.059  7.356 0.0000000000
20533  -46.109  22.123  7.750 0.0000000000
20534  -46.574  21.213  7.760 0.0000000000
20535  -45.169  21.036  8.011 0.0000000000
20536  -44.593  19.855  8.454 0.0000000000
20537  -44.014  20.787  8.362 0.0000000000
23972  -50.272  32.004  0.294 0.0000000000
23973  -50.562  31.580  1.655 0.0000000000
23974  -50.859  30.936  0.697 0.0000000000
23975  -50.946  29.816  1.306 0.0000000000
23976  -50.478  29.040  1.982 0.0000000000
23977  -49.806  28.480  2.816 0.0000000000
23978  -49.152  28.680  1.838 0.0000000000
23979  -47.538  28.498  1.858 0.0000000000
23980  -45.789  28.532  2.092 0.0000000000
23981  -44.297  28.560  2.558 0.0000000000
23982  -45.197  29.023  1.440 0.0000000000
23983  -44.603  29.428  0.794 0.0000000000
25046  -47.197  20.656  18.592 0.0000000000
27271  -45.379  24.270  16.839 0.0000000000
27272  -45.129  24.572  15.365 0.0000000000
27273  -46.671  24.563  14.604 0.0000000000
27274  -48.188  24.792  13.936 0.0000000000
27280  -51.156  30.880  6.684 0.0000000000
27281  -49.830  31.397  7.773 0.0000000000
27282  -50.908  30.274  7.620 0.0000000000
27283  -50.738  29.185  8.249 0.0000000000
27284  -50.598  27.843  8.730 0.0000000000
27285  -50.589  26.660  9.538 0.0000000000
27286  -51.750  26.663  8.672 0.0000000000
27287  -52.555  25.473  8.740 0.0000000000
27288  -53.175  24.350  8.973 0.0000000000
27289  -53.396  23.309  9.322 0.0000000000
27290  -53.027  23.818  7.893 0.0000000000
27291  -52.404  23.341  7.174 0.0000000000
27292  -51.330  23.091  6.876 0.0000000000
27293  -46.466  25.513  5.973 0.0000000000
27294  -47.159  24.693  6.470 0.0000000000
27295  -45.708  24.651  6.732 0.0000000000
27296  -44.851  23.811  7.397 0.0000000000
27297  -44.181  22.859  8.015 0.0000000000
27298  -43.477  21.730  8.494 0.0000000000
27299  -42.784  22.664  8.422 0.0000000000
30962  -48.112  19.721  10.414 0.0000000000
30976  -47.012  33.280  5.026 0.0000000000
30977  -48.581  32.644  5.352 0.0000000000
30978  -50.146  32.010  5.379 0.0000000000
30979  -50.861  31.322  3.018 0.0000000000
30980  -51.121  31.261  4.334 0.0000000000
30981  -51.232  31.207  5.590 0.0000000000
30982  -52.024  30.207  5.663 0.0000000000
30983  -52.509  29.030  5.634 0.0000000000
30984  -52.364  27.733  5.699 0.0000000000
30985  -51.902  26.241  5.741 0.0000000000
30986  -51.603  27.162  5.274 0.0000000000
30987  -50.244  26.796  5.236 0.0000000000
30988  -48.745  26.659  5.378 0.0000000000
30989  -48.858  27.926  3.744 0.0000000000
30990  -47.985  27.263  4.651 0.0000000000
30991  -47.230  26.405  5.382 0.0000000000
30992  -45.668  26.185  5.527 0.0000000000
30993  -44.162  26.141  5.730 0.0000000000
30994  -42.584  26.012  6.022 0.0000000000
30996  -41.868  26.532  5.615 0.0000000000
30999  -42.809  28.465  3.087 0.0000000000
33356  -52.816  21.457  17.444 0.0000000000
33379  -48.254  33.727  0.877 0.0000000000
33382  -49.389  33.219  -0.008 0.0000000000
37900  -46.165  21.744  18.931 0.0000000000
37901  -47.617  21.952  18.438 0.0000000000
37902  -46.756  23.862  17.554 0.0000000000
37903  -47.953  23.181  18.057 0.0000000000
37904  -49.085  22.248  18.041 0.0000000000
37905  -50.483  22.433  17.540 0.0000000000
37906  -51.779  22.558  17.045 0.0000000000
37907  -53.043  22.484  16.438 0.0000000000
37920  -48.158  31.521  8.704 0.0000000000
37925  -44.572  26.841  11.768 0.0000000000
37926  -46.285  26.055  11.849 0.0000000000
37927  -47.920  25.413  12.357 0.0000000000
37928  -49.463  25.048  13.198 0.0000000000
37929  -50.539  25.827  10.835 0.0000000000
37930  -50.672  25.198  12.359 0.0000000000
37931  -50.912  24.720  14.007 0.0000000000
37932  -52.094  24.175  14.585 0.0000000000
37933  -53.079  23.284  15.044 0.0000000000
37934  -53.805  22.264  15.347 0.0000000000
37935  -54.183  21.826  14.058 0.0000000000
37936  -54.022  21.384  12.689 0.0000000000
37937  -53.157  21.080  11.416 0.0000000000
37938  -53.279  22.481  9.719 0.0000000000
37939  -52.771  21.703  10.122 0.0000000000
37940  -51.842  21.019  10.538 0.0000000000
37941  -50.415  20.893  9.965 0.0000000000
37942  -49.041  20.665  9.596 0.0000000000
37943  -47.725  20.304  9.409 0.0000000000
37944  -51.415  25.027  5.880 0.0000000000
37945  -50.762  23.999  6.343 0.0000000000
37946  -49.934  22.995  6.817 0.0000000000
37947  -47.807  23.917  6.817 0.0000000000
37948  -48.443  23.023  7.089 0.0000000000
37949  -48.951  22.165  7.231 0.0000000000
37950  -48.046  21.367  7.655 0.0000000000
37951  -47.181  20.629  8.354 0.0000000000
41479  -49.851  30.056  -0.632 0.0000000000
43311  -43.845  25.761  13.125 0.0000000000
43312  -43.738  26.198  12.598 0.0000000000
43316  -52.446  27.679  6.366 0.0000000000
43317  -52.361  27.985  6.800 0.0000000000
43318  -52.509  27.203  6.621 0.0000000000
43319  -52.547  26.628  6.908 0.0000000000
43320  -52.518  26.377  6.523 0.0000000000
43321  -52.487  25.633  6.519 0.0000000000
43322  -52.371  26.089  6.223 0.0000000000
43323  -42.659  25.276  6.662 0.0000000000
43324  -43.050  24.924  6.872 0.0000000000
43325  -42.306  24.836  7.018 0.0000000000
43326  -41.960  24.373  7.432 0.0000000000
45704  -51.669  20.289  11.469 0.0000000000
45713  -48.847  32.762  1.776 0.0000000000
45714  -48.976  32.509  2.564 0.0000000000
45715  -49.523  32.299  2.023 0.0000000000
45716  -51.216  29.217  2.724 0.0000000000
45717  -51.553  29.551  3.075 0.0000000000
45718  -51.476  29.164  3.317 0.0000000000
45719  -51.764  29.101  3.848 0.0000000000
45720  -51.312  28.785  3.615 0.0000000000
45721  -51.086  28.415  3.934 0.0000000000
45722  -50.770  28.552  3.437 0.0000000000
45723  -45.700  28.000  3.068 0.0000000000
45724  -46.060  27.744  3.503 0.0000000000
45725  -45.256  27.727  3.643 0.0000000000
45726  -44.821  27.448  4.176 0.0000000000
45727  -44.454  27.740  3.717 0.0000000000
45728  -43.713  27.704  3.905 0.0000000000
45729  -44.142  28.011  3.414 0.0000000000
45730  -42.801  29.568  1.072 0.0000000000
47504  -49.399  20.960  18.176 0.0000000000
51212  -44.741  23.910  17.790 0.0000000000
51213  -49.042  24.428  15.169 0.0000000000
51214  -49.035  24.243  15.903 0.0000000000
51215  -49.700  24.345  15.636 0.0000000000
51216  -50.343  24.190  15.879 0.0000000000
51217  -50.330  24.453  15.203 0.0000000000
51226  -49.410  32.225  6.708 0.0000000000
51227  -48.642  32.386  7.266 0.0000000000
51228  -49.316  32.063  7.284 0.0000000000
51229  -49.359  28.483  9.267 0.0000000000
51230  -48.657  29.098  9.414 0.0000000000
51231  -48.585  28.356  9.611 0.0000000000
51232  -47.798  28.239  9.920 0.0000000000
51233  -48.558  27.637  9.896 0.0000000000
51234  -48.473  27.003  10.331 0.0000000000
51235  -49.222  27.113  9.917 0.0000000000
51236  -53.098  24.403  10.419 0.0000000000
51237  -52.760  24.648  11.077 0.0000000000
51238  -53.181  24.171  11.235 0.0000000000
51239  -53.312  23.947  12.080 0.0000000000
51240  -53.529  23.678  11.364 0.0000000000
51241  -53.786  23.189  11.592 0.0000000000
51242  -53.630  23.404  10.679 0.0000000000
51243  -51.204  22.372  7.422 0.0000000000
51244  -51.447  22.121  7.914 0.0000000000
51245  -50.753  22.046  7.669 0.0000000000
51246  -50.238  21.756  7.969 0.0000000000
51247  -50.028  21.947  7.540 0.0000000000
51248  -48.759  25.716  5.765 0.0000000000
51249  -49.060  25.267  5.916 0.0000000000
51250  -48.335  25.207  5.979 0.0000000000
51251  -45.172  22.474  7.934 0.0000000000
51252  -45.856  22.556  7.753 0.0000000000
51253  -45.441  22.053  7.929 0.0000000000
51254  -45.647  21.624  7.865 0.0000000000
51255  -44.994  21.506  8.058 0.0000000000
51256  -44.561  20.910  8.175 0.0000000000
51257  -44.359  21.385  8.228 0.0000000000
55313  -50.461  31.646  -0.143 0.0000000000
55314  -50.593  31.427  0.441 0.0000000000
55315  -50.655  31.075  0.072 0.0000000000
55316  -50.341  29.673  0.463 0.0000000000
55317  -50.756  29.954  0.669 0.0000000000
55318  -50.560  29.506  1.077 0.0000000000
55319  -50.752  29.382  1.653 0.0000000000
55320  -50.227  29.143  1.488 0.0000000000
55321  -49.861  28.836  1.900 0.0000000000
55322  -49.597  28.945  1.396 0.0000000000
55323  -47.747  28.877  0.819 0.0000000000
55324  -48.066  28.686  1.298 0.0000000000
55325  -47.235  28.693  1.348 0.0000000000
55326  -46.673  28.505  1.943 0.0000000000
55327  -46.305  28.756  1.499 0.0000000000
55328  -45.494  28.796  1.765 0.0000000000
55329  -45.995  28.994  1.175 0.0000000000
55331  -45.371  29.405  0.524 0.0000000000
57104  -46.410  20.604  18.790 0.0000000000
60810  -43.595  24.847  15.509 0.0000000000
60811  -44.420  24.630  15.788 0.0000000000
60812  -44.306  24.754  15.067 0.0000000000
60813  -45.632  25.076  13.481 0.0000000000
60814  -45.792  24.753  14.193 0.0000000000
60815  -46.546  24.852  13.783 0.0000000000
60816  -47.447  24.675  14.210 0.0000000000
60817  -47.317  24.955  13.420 0.0000000000
60826  -51.623  30.272  6.611 0.0000000000
60827  -51.082  30.591  7.175 0.0000000000
60828  -51.532  29.985  7.059 0.0000000000
60829  -51.750  28.346  7.626 0.0000000000
60830  -51.330  29.043  7.781 0.0000000000
60831  -51.264  28.476  8.079 0.0000000000
60832  -50.645  28.578  8.501 0.0000000000
60833  -51.221  27.894  8.359 0.0000000000
60834  -51.199  27.255  8.658 0.0000000000
60835  -51.758  27.217  8.250 0.0000000000
60836  -52.646  25.662  7.694 0.0000000000
60837  -52.493  25.849  8.192 0.0000000000
60838  -52.769  25.224  8.179 0.0000000000
60839  -52.896  24.877  8.853 0.0000000000
60840  -53.015  24.643  8.262 0.0000000000
60841  -53.168  24.089  8.375 0.0000000000
60842  -53.044  24.376  7.808 0.0000000000
60843  -52.307  24.328  6.671 0.0000000000
60844  -52.561  23.893  7.048 0.0000000000
60845  -52.171  23.715  6.788 0.0000000000
60846  -51.916  23.187  6.975 0.0000000000
60847  -51.652  23.579  6.657 0.0000000000
60848  -45.695  25.455  6.132 0.0000000000
60849  -46.087  25.074  6.346 0.0000000000
60850  -45.331  25.029  6.518 0.0000000000
60851  -43.809  24.198  7.316 0.0000000000
60852  -44.521  24.213  7.204 0.0000000000
60853  -44.129  23.783  7.537 0.0000000000
60854  -44.500  23.371  7.707 0.0000000000
60855  -43.791  23.296  7.873 0.0000000000
60856  -43.475  22.770  8.187 0.0000000000
60857  -43.073  23.200  8.031 0.0000000000
67994  -48.810  19.911  10.547 0.0000000000
68020  -46.832  33.280  4.216 0.0000000000
68021  -49.173  32.312  4.044 0.0000000000
68022  -48.473  32.639  4.622 0.0000000000
68023  -49.277  32.319  4.708 0.0000000000
68024  -49.366  32.358  5.324 0.0000000000
68025  -50.026  32.015  4.772 0.0000000000
68026  -50.947  31.119  1.816 0.0000000000
68027  -50.696  31.424  2.356 0.0000000000
68028  -51.111  30.978  2.475 0.0000000000
68029  -51.725  30.417  3.886 0.0000000000
68030  -51.424  30.779  3.829 0.0000000000
68031  -51.539  30.832  4.413 0.0000000000
68032  -51.240  31.260  4.946 0.0000000000
68033  -51.612  30.819  5.041 0.0000000000
68034  -51.643  30.702  5.642 0.0000000000
68035  -51.957  30.340  5.105 0.0000000000
68036  -52.224  28.860  4.793 0.0000000000
68037  -52.368  29.251  5.196 0.0000000000
68038  -52.401  28.666  5.227 0.0000000000
68039  -52.475  28.402  5.654 0.0000000000
68040  -52.308  28.072  5.314 0.0000000000
68041  -52.099  27.431  5.414 0.0000000000
68042  -51.936  27.767  5.101 0.0000000000
68043  -50.419  27.638  4.528 0.0000000000
68044  -50.708  27.334  4.933 0.0000000000
68045  -49.946  27.190  4.918 0.0000000000
68046  -49.475  26.714  5.294 0.0000000000
68047  -49.121  27.104  5.006 0.0000000000
68048  -49.078  28.347  2.790 0.0000000000
68049  -49.335  28.215  3.280 0.0000000000
68050  -48.506  28.071  3.294 0.0000000000
68051  -46.822  27.297  4.264 0.0000000000
68052  -47.613  27.443  4.216 0.0000000000
68053  -47.212  27.095  4.670 0.0000000000
68054  -47.591  26.863  5.071 0.0000000000
68055  -46.832  26.713  5.083 0.0000000000
68056  -46.462  26.266  5.424 0.0000000000
68057  -46.061  26.578  5.128 0.0000000000
68058  -44.112  26.795  5.061 0.0000000000
68059  -44.503  26.487  5.359 0.0000000000
68060  -43.743  26.440  5.437 0.0000000000
68061  -43.361  26.067  5.845 0.0000000000
68062  -42.926  26.427  5.591 0.0000000000
68063  -42.216  26.269  5.826 0.0000000000
68064  -42.585  26.664  5.388 0.0000000000
68065  -42.331  27.592  4.325 0.0000000000
68070  -43.971  28.803  2.264 0.0000000000
68071  -43.541  28.526  2.828 0.0000000000
68072  -43.249  28.764  2.541 0.0000000000
73393  -52.611  20.976  17.862 0.0000000000
84513  -45.843  22.810  18.791 0.0000000000
84514  -45.608  22.240  19.046 0.0000000000
84515  -46.384  22.396  18.831 0.0000000000
84516  -46.885  21.845  18.669 0.0000000000
84517  -47.089  22.486  18.594 0.0000000000
84518  -46.066  24.299  16.479 0.0000000000
84519  -46.093  24.079  17.234 0.0000000000
84520  -46.835  24.124  16.879 0.0000000000
84521  -48.819  23.707  17.175 0.0000000000
84522  -48.101  23.652  17.527 0.0000000000
84523  -48.662  23.273  17.732 0.0000000000
84524  -48.523  22.727  18.099 0.0000000000
84525  -49.238  22.822  17.792 0.0000000000
84526  -49.803  22.346  17.797 0.0000000000
84527  -49.929  22.905  17.483 0.0000000000
84528  -51.468  23.529  16.290 0.0000000000
84529  -51.286  23.069  16.864 0.0000000000
84530  -51.966  23.079  16.567 0.0000000000
84531  -52.449  22.556  16.781 0.0000000000
84532  -52.595  23.048  16.243 0.0000000000
84564  -49.726  31.083  8.278 0.0000000000
84565  -49.040  31.519  8.278 0.0000000000
84566  -48.917  31.098  8.739 0.0000000000
84567  -47.090  30.250  9.785 0.0000000000
84568  -47.169  30.955  9.521 0.0000000000
84574  -46.224  27.866  10.614 0.0000000000
84576  -45.356  27.658  11.029 0.0000000000
84578  -45.473  26.951  11.379 0.0000000000
84579  -45.447  26.415  11.793 0.0000000000
84580  -46.269  26.546  11.388 0.0000000000
84581  -48.488  25.979  11.355 0.0000000000
84582  -47.805  25.843  11.688 0.0000000000
84583  -48.588  25.534  11.996 0.0000000000
84584  -48.727  25.218  12.780 0.0000000000
84585  -49.370  25.310  12.405 0.0000000000
84586  -51.201  26.202  9.652 0.0000000000
84587  -50.559  26.226  10.115 0.0000000000
84588  -51.166  25.820  10.312 0.0000000000
84589  -51.872  24.910  12.182 0.0000000000
84590  -51.275  25.223  11.878 0.0000000000
84591  -51.341  24.968  12.682 0.0000000000
84592  -50.833  24.933  13.142 0.0000000000
84593  -51.455  24.675  13.502 0.0000000000
84594  -51.521  24.487  14.356 0.0000000000
84595  -52.055  24.404  13.818 0.0000000000
84596  -53.476  23.426  13.756 0.0000000000
84597  -53.069  23.616  14.300 0.0000000000
84598  -53.471  23.130  14.502 0.0000000000
84599  -53.494  22.790  15.234 0.0000000000
84600  -53.825  22.592  14.626 0.0000000000
84602  -54.023  22.359  13.991 0.0000000000
84603  -53.974  22.200  11.885 0.0000000000
84604  -54.072  21.935  12.644 0.0000000000
84605  -53.880  21.715  11.989 0.0000000000
84606  -53.681  21.229  12.031 0.0000000000
84607  -53.494  21.531  11.338 0.0000000000
84608  -53.182  23.009  8.756 0.0000000000
84609  -53.395  22.876  9.526 0.0000000000
84610  -53.073  22.621  8.931 0.0000000000
84611  -51.873  21.828  9.058 0.0000000000
84612  -52.501  21.968  9.425 0.0000000000
84613  -52.113  21.642  9.646 0.0000000000
84614  -52.298  21.404  10.266 0.0000000000
84615  -51.604  21.328  9.899 0.0000000000
84616  -51.156  20.962  10.250 0.0000000000
84617  -50.938  21.244  9.629 0.0000000000
84618  -49.247  21.175  8.670 0.0000000000
84619  -49.476  20.993  9.212 0.0000000000
84620  -48.789  20.850  9.107 0.0000000000
84621  -48.365  20.491  9.533 0.0000000000
84622  -48.124  20.676  8.991 0.0000000000
84623  -51.433  26.109  5.640 0.0000000000
84624  -51.707  25.577  5.806 0.0000000000
84625  -51.139  25.499  5.772 0.0000000000
84626  -49.738  24.408  6.238 0.0000000000
84627  -50.459  24.458  6.159 0.0000000000
84628  -50.058  23.945  6.400 0.0000000000
84629  -50.363  23.477  6.593 0.0000000000
84630  -49.631  23.445  6.658 0.0000000000
84631  -46.758  24.298  6.777 0.0000000000
84632  -47.502  24.311  6.647 0.0000000000
84633  -47.070  23.908  6.965 0.0000000000
84634  -47.272  22.642  7.464 0.0000000000
84635  -47.741  23.064  7.217 0.0000000000
84636  -48.004  22.604  7.307 0.0000000000
84637  -48.710  22.571  7.187 0.0000000000
84638  -48.264  22.162  7.343 0.0000000000
84639  -48.495  21.773  7.431 0.0000000000
84640  -47.768  21.742  7.528 0.0000000000
84641  -46.180  20.746  8.004 0.0000000000
84642  -46.872  20.854  7.958 0.0000000000
84643  -46.473  20.452  8.321 0.0000000000
84644  -46.713  20.247  8.795 0.0000000000
84645  -46.042  20.024  8.790 0.0000000000
84646  -45.647  19.536  9.220 0.0000000000
84647  -45.431  19.792  8.770 0.0000000000
84648  -44.053  19.713  8.523 0.0000000000
84650  -43.736  19.093  8.675 0.0000000000
84653  -42.829  21.596  8.780 0.0000000000
93093  -50.597  30.700  -0.225 0.0000000000
93094  -50.351  30.362  -0.471 0.0000000000
93095  -50.138  29.824  -0.117 0.0000000000
93096  -49.754  29.371  0.400 0.0000000000
93097  -49.309  29.070  0.852 0.0000000000
93098  -49.072  29.208  0.321 0.0000000000
93099  -48.267  29.112  0.309 0.0000000000
93101  -46.525  29.161  0.603 0.0000000000
96390  -43.279  25.307  14.156 0.0000000000
96391  -44.141  24.976  14.388 0.0000000000
96392  -43.992  25.333  13.722 0.0000000000
96393  -44.741  25.374  13.283 0.0000000000
96394  -45.557  25.451  12.850 0.0000000000
96400  -52.226  29.055  6.463 0.0000000000
96401  -51.887  29.369  6.932 0.0000000000
96402  -52.152  28.705  6.842 0.0000000000
96403  -52.107  28.179  7.157 0.0000000000
96404  -52.120  27.622  7.513 0.0000000000
96405  -52.114  27.073  7.860 0.0000000000
96406  -52.419  26.858  7.402 0.0000000000
96407  -52.553  26.138  7.269 0.0000000000
96408  -52.716  25.418  7.254 0.0000000000
96409  -52.836  24.746  7.316 0.0000000000
96410  -52.675  25.142  6.883 0.0000000000
96411  -52.416  24.957  6.578 0.0000000000
96412  -52.075  24.784  6.333 0.0000000000
96413  -44.208  25.407  6.359 0.0000000000
96414  -44.565  25.005  6.637 0.0000000000
96415  -43.815  25.000  6.737 0.0000000000
96416  -43.418  24.558  7.080 0.0000000000
96417  -43.052  24.100  7.449 0.0000000000
96418  -42.717  23.610  7.838 0.0000000000
96419  -42.344  24.003  7.634 0.0000000000
100700  -50.178  20.165  10.902 0.0000000000
100715  -47.506  33.080  2.777 0.0000000000
100716  -47.530  32.991  3.628 0.0000000000
100717  -48.297  32.743  3.119 0.0000000000
100718  -49.066  32.357  3.316 0.0000000000
100719  -49.765  32.001  3.460 0.0000000000
100720  -51.366  30.080  2.229 0.0000000000
100721  -51.427  30.472  2.649 0.0000000000
100722  -51.539  29.984  2.863 0.0000000000
100723  -51.744  29.933  3.463 0.0000000000
100724  -51.931  29.881  4.054 0.0000000000
100725  -52.100  29.879  4.631 0.0000000000
100726  -52.033  29.445  4.234 0.0000000000
100727  -52.020  29.007  4.378 0.0000000000
100728  -51.899  28.508  4.518 0.0000000000
100729  -51.718  28.061  4.760 0.0000000000
100730  -51.416  28.244  4.354 0.0000000000
100731  -50.796  28.043  4.216 0.0000000000
100732  -50.067  27.888  4.154 0.0000000000
100733  -47.347  28.029  2.813 0.0000000000
100734  -47.694  27.936  3.318 0.0000000000
100735  -46.879  27.794  3.363 0.0000000000
100736  -46.409  27.523  3.894 0.0000000000
100737  -45.975  27.199  4.386 0.0000000000
100738  -45.624  26.843  4.851 0.0000000000
100739  -45.208  27.141  4.533 0.0000000000
100740  -44.441  27.126  4.649 0.0000000000
100741  -43.689  27.130  4.754 0.0000000000
100742  -42.968  27.029  4.931 0.0000000000
100743  -43.344  27.388  4.397 0.0000000000
100744  -43.020  27.650  4.088 0.0000000000
100745  -42.694  27.924  3.847 0.0000000000
100746  -43.389  29.188  1.701 0.0000000000
100747  -42.993  28.988  2.267 0.0000000000
100748  -42.676  29.164  1.960 0.0000000000
103940  -50.813  21.287  17.950 0.0000000000
110613  -45.261  23.180  18.566 0.0000000000
110614  -45.959  23.288  18.373 0.0000000000
110615  -47.625  24.298  15.731 0.0000000000
110616  -47.610  24.164  16.516 0.0000000000
110617  -48.344  24.192  16.171 0.0000000000
110618  -48.985  24.034  16.587 0.0000000000
110619  -49.572  23.790  16.849 0.0000000000
110620  -50.066  23.440  17.020 0.0000000000
110621  -50.259  23.850  16.462 0.0000000000
110622  -50.931  23.900  16.024 0.0000000000
110623  -51.553  23.928  15.627 0.0000000000
110638  -47.944  32.901  6.731 0.0000000000
110640  -47.920  32.733  7.303 0.0000000000
110641  -47.805  32.559  7.781 0.0000000000
110642  -47.597  32.275  8.152 0.0000000000
110643  -49.568  29.960  8.900 0.0000000000
110644  -48.873  30.526  9.100 0.0000000000
110645  -48.753  29.851  9.262 0.0000000000
110646  -47.905  29.703  9.608 0.0000000000
110647  -47.049  29.520  9.893 0.0000000000
110649  -47.038  28.815  9.965 0.0000000000
110650  -47.027  28.068  10.225 0.0000000000
110651  -47.030  27.335  10.584 0.0000000000
110652  -47.025  26.723  10.988 0.0000000000
110653  -47.738  26.884  10.650 0.0000000000
110654  -48.449  26.470  10.779 0.0000000000
110655  -49.171  26.106  10.990 0.0000000000
110656  -52.280  25.375  9.929 0.0000000000
110657  -51.774  25.512  10.471 0.0000000000
110658  -52.282  25.109  10.810 0.0000000000
110659  -52.348  24.827  11.639 0.0000000000
110660  -52.420  24.574  12.464 0.0000000000
110661  -52.518  24.341  13.298 0.0000000000
110662  -52.945  24.167  12.710 0.0000000000
110663  -53.391  23.707  12.950 0.0000000000
110664  -53.713  23.226  13.126 0.0000000000
110665  -53.961  22.677  13.202 0.0000000000
110666  -53.861  22.970  12.440 0.0000000000
110667  -53.927  22.719  11.782 0.0000000000
110668  -53.802  22.470  11.106 0.0000000000
110669  -52.408  22.708  7.889 0.0000000000
110670  -52.625  22.496  8.497 0.0000000000
110671  -52.062  22.330  8.182 0.0000000000
110672  -51.648  21.990  8.477 0.0000000000
110673  -51.196  21.710  8.761 0.0000000000
110674  -50.738  21.467  9.045 0.0000000000
110675  -50.450  21.614  8.470 0.0000000000
110676  -49.710  21.495  8.336 0.0000000000
110677  -49.012  21.302  8.169 0.0000000000
110678  -50.126  25.842  5.650 0.0000000000
110679  -50.483  25.413  5.802 0.0000000000
110680  -49.787  25.389  5.841 0.0000000000
110681  -49.395  24.840  6.080 0.0000000000
110682  -48.997  24.393  6.341 0.0000000000
110683  -45.937  23.469  7.396 0.0000000000
110684  -46.665  23.497  7.257 0.0000000000
110685  -46.279  23.036  7.509 0.0000000000
110686  -46.562  22.604  7.563 0.0000000000
110687  -46.819  22.149  7.589 0.0000000000
110688  -47.050  21.699  7.617 0.0000000000
110689  -46.361  21.673  7.703 0.0000000000
110690  -45.907  21.169  7.876 0.0000000000
110691  -45.492  20.621  8.121 0.0000000000
110692  -45.180  20.091  8.399 0.0000000000
110693  -44.848  20.426  8.214 0.0000000000
110694  -44.297  20.290  8.350 0.0000000000
110695  -43.738  20.177  8.493 0.0000000000
117374  -49.904  32.241  0.748 0.0000000000
117375  -50.003  32.055  1.502 0.0000000000
117376  -50.402  31.730  0.922 0.0000000000
117377  -50.812  31.285  1.121 0.0000000000
117378  -51.090  30.791  1.361 0.0000000000
117379  -50.782  30.536  0.356 0.0000000000
117380  -50.989  30.354  0.978 0.0000000000
117381  -51.253  30.188  1.584 0.0000000000
117382  -51.170  29.704  1.897 0.0000000000
117383  -50.975  29.302  2.134 0.0000000000
117384  -50.790  28.965  2.469 0.0000000000
117385  -50.522  28.666  2.870 0.0000000000
117386  -50.185  28.725  2.388 0.0000000000
117387  -49.480  28.571  2.334 0.0000000000
117388  -48.763  28.461  2.315 0.0000000000
117389  -48.832  28.791  1.321 0.0000000000
117390  -48.343  28.539  1.832 0.0000000000
117391  -47.872  28.347  2.360 0.0000000000
117392  -47.010  28.267  2.385 0.0000000000
117393  -46.146  28.270  2.491 0.0000000000
117394  -45.330  28.299  2.651 0.0000000000
117395  -44.591  28.299  2.884 0.0000000000
117396  -45.040  28.562  2.316 0.0000000000
117397  -44.742  28.811  2.001 0.0000000000
117398  -44.409  29.034  1.704 0.0000000000
117399  -45.682  29.203  0.862 0.0000000000
117400  -44.884  29.219  1.126 0.0000000000
117401  -44.123  29.220  1.401 0.0000000000
117402  -43.868  29.428  1.065 0.0000000000
117403  -43.547  29.621  0.764 0.0000000000
117404  -43.239  29.804  0.467 0.0000000000
119881  -47.674  20.148  18.653 0.0000000000
119882  -47.930  20.675  18.425 0.0000000000
125071  -44.725  24.256  17.205 0.0000000000
125072  -44.568  24.489  16.498 0.0000000000
125073  -45.241  24.462  16.105 0.0000000000
125074  -45.957  24.455  15.702 0.0000000000
125075  -45.043  24.717  14.646 0.0000000000
125076  -45.912  24.519  15.006 0.0000000000
125077  -46.776  24.387  15.377 0.0000000000
125078  -47.580  24.452  14.989 0.0000000000
125079  -48.303  24.537  14.691 0.0000000000
125080  -48.936  24.654  14.419 0.0000000000
125092  -50.658  31.392  6.693 0.0000000000
125093  -49.989  31.645  7.256 0.0000000000
125094  -50.549  31.197  7.269 0.0000000000
125095  -50.405  30.898  7.738 0.0000000000
125096  -50.331  30.535  8.160 0.0000000000
125097  -51.451  29.557  7.423 0.0000000000
125098  -50.858  29.798  7.975 0.0000000000
125099  -50.262  29.990  8.469 0.0000000000
125100  -50.111  29.277  8.683 0.0000000000
125101  -50.052  28.539  8.886 0.0000000000
125102  -49.989  27.837  9.152 0.0000000000
125103  -49.924  27.195  9.507 0.0000000000
125104  -50.583  27.220  9.084 0.0000000000
125105  -51.213  26.672  9.094 0.0000000000
125106  -51.780  26.171  9.193 0.0000000000
125107  -52.118  26.562  8.211 0.0000000000
125108  -52.193  26.069  8.696 0.0000000000
125109  -52.238  25.694  9.232 0.0000000000
125110  -52.637  25.143  9.415 0.0000000000
125111  -52.994  24.619  9.595 0.0000000000
125112  -53.277  24.108  9.755 0.0000000000
125113  -53.471  23.611  9.917 0.0000000000
125114  -53.313  23.815  9.123 0.0000000000
125115  -53.206  23.532  8.474 0.0000000000
125116  -52.979  23.306  8.043 0.0000000000
125117  -52.857  24.127  7.394 0.0000000000
125118  -52.768  23.571  7.494 0.0000000000
125119  -52.660  23.075  7.635 0.0000000000
125120  -52.168  22.890  7.373 0.0000000000
125121  -51.586  22.747  7.200 0.0000000000
125122  -50.910  22.638  7.070 0.0000000000
125123  -47.274  25.559  5.865 0.0000000000
125124  -47.595  25.150  6.085 0.0000000000
125125  -46.851  25.107  6.206 0.0000000000
125126  -46.433  24.691  6.547 0.0000000000
125127  -46.026  24.287  6.879 0.0000000000
125128  -44.944  24.619  6.879 0.0000000000
125129  -45.270  24.234  7.074 0.0000000000
125130  -45.595  23.894  7.237 0.0000000000
125131  -45.234  23.427  7.532 0.0000000000
125132  -44.875  22.902  7.813 0.0000000000
125133  -44.479  22.371  8.062 0.0000000000
125134  -44.093  21.832  8.261 0.0000000000
125135  -43.822  22.310  8.241 0.0000000000
125136  -43.158  22.208  8.481 0.0000000000
125138  -42.418  23.094  8.243 0.0000000000
134545  -47.636  32.962  4.431 0.0000000000
134546  -47.834  32.914  5.207 0.0000000000
134547  -47.909  32.980  6.023 0.0000000000
134548  -48.653  32.642  6.037 0.0000000000
134549  -49.405  32.314  6.058 0.0000000000
134550  -50.145  31.981  6.109 0.0000000000
134551  -50.154  31.862  2.213 0.0000000000
134552  -50.305  31.723  2.922 0.0000000000
134553  -50.419  31.661  3.580 0.0000000000
134554  -51.266  30.866  3.159 0.0000000000
134555  -51.012  31.271  3.695 0.0000000000
134556  -50.564  31.692  4.246 0.0000000000
134557  -50.687  31.699  4.874 0.0000000000
134558  -50.758  31.650  5.493 0.0000000000
134559  -50.756  31.560  6.112 0.0000000000
134560  -51.209  31.080  6.146 0.0000000000
134561  -51.648  30.538  6.136 0.0000000000
134562  -52.031  29.921  6.064 0.0000000000
134563  -52.216  29.818  5.167 0.0000000000
134564  -52.311  29.661  5.634 0.0000000000
134565  -52.298  29.311  6.031 0.0000000000
134566  -52.424  28.724  6.065 0.0000000000
134567  -52.448  28.075  6.051 0.0000000000
134568  -52.400  27.359  6.001 0.0000000000
134569  -52.251  26.546  5.959 0.0000000000
134570  -52.174  27.011  5.732 0.0000000000
134571  -51.739  26.758  5.525 0.0000000000
134572  -51.168  26.562  5.461 0.0000000000
134573  -51.411  27.512  5.001 0.0000000000
134574  -50.954  26.952  5.244 0.0000000000
134575  -50.511  26.377  5.459 0.0000000000
134576  -49.774  26.269  5.510 0.0000000000
134577  -49.084  26.224  5.585 0.0000000000
134578  -48.398  26.164  5.607 0.0000000000
134579  -50.111  28.378  3.309 0.0000000000
134580  -49.673  28.125  3.778 0.0000000000
134581  -49.322  27.809  4.201 0.0000000000
134582  -48.043  27.767  3.751 0.0000000000
134583  -48.425  27.611  4.191 0.0000000000
134584  -48.851  27.431  4.637 0.0000000000
134585  -48.391  27.028  5.044 0.0000000000
134586  -47.999  26.592  5.384 0.0000000000
134587  -47.631  26.059  5.596 0.0000000000
134588  -46.860  25.947  5.660 0.0000000000
134589  -46.062  25.872  5.758 0.0000000000
134590  -45.300  25.821  5.901 0.0000000000
134591  -45.236  26.528  5.281 0.0000000000
134592  -44.914  26.204  5.670 0.0000000000
134593  -44.573  25.817  6.019 0.0000000000
134594  -43.783  25.750  6.115 0.0000000000
134595  -42.995  25.680  6.272 0.0000000000
134596  -42.232  25.603  6.422 0.0000000000
134598  -41.863  25.848  6.252 0.0000000000
134607  -43.835  28.278  3.125 0.0000000000
134608  -43.106  28.231  3.359 0.0000000000
134609  -42.352  28.155  3.590 0.0000000000
134612  -41.608  28.042  3.831 0.0000000000
141222  -52.984  20.521  18.056 0.0000000000
141223  -53.188  20.993  17.586 0.0000000000
141224  -53.372  21.414  17.108 0.0000000000
141288  -48.183  33.282  1.510 0.0000000000
141289  -48.810  33.117  1.046 0.0000000000
141297  -48.873  33.502  0.387 0.0000000000
141298  -49.391  32.852  0.570 0.0000000000
141299  -49.859  32.578  0.146 0.0000000000
141300  -50.200  32.240  -0.298 0.0000000000
154664  -45.905  21.115  18.983 0.0000000000
154665  -46.678  21.217  18.716 0.0000000000
154666  -47.421  21.305  18.432 0.0000000000
154667  -48.142  21.387  18.298 0.0000000000
154668  -45.410  23.989  17.502 0.0000000000
154669  -46.009  23.731  17.817 0.0000000000
154670  -46.628  23.432  18.156 0.0000000000
154671  -47.517  23.932  17.228 0.0000000000
154672  -47.375  23.581  17.863 0.0000000000
154673  -47.252  23.116  18.399 0.0000000000
154674  -47.813  22.588  18.398 0.0000000000
154675  -48.366  22.089  18.232 0.0000000000
154676  -48.851  21.512  18.134 0.0000000000
154677  -49.599  21.715  17.998 0.0000000000
154678  -50.316  21.798  17.824 0.0000000000
154679  -50.950  21.891  17.608 0.0000000000
154680  -50.558  23.007  17.133 0.0000000000
154681  -51.062  22.510  17.255 0.0000000000
154682  -51.626  21.988  17.451 0.0000000000
154683  -52.314  22.020  17.256 0.0000000000
154684  -52.927  21.983  16.961 0.0000000000
154685  -53.447  21.918  16.570 0.0000000000
154722  -49.169  31.821  7.786 0.0000000000
154723  -48.301  31.896  8.201 0.0000000000
154724  -47.429  31.907  8.591 0.0000000000
154725  -48.001  31.057  9.187 0.0000000000
154740  -44.593  26.298  12.204 0.0000000000
154741  -45.486  25.915  12.278 0.0000000000
154742  -46.336  25.599  12.402 0.0000000000
154743  -47.038  26.196  11.487 0.0000000000
154744  -47.092  25.747  11.998 0.0000000000
154745  -47.192  25.316  12.694 0.0000000000
154746  -48.046  25.091  13.125 0.0000000000
154747  -48.838  24.938  13.587 0.0000000000
154748  -49.547  24.799  14.003 0.0000000000
154749  -49.854  26.655  9.999 0.0000000000
154750  -49.875  26.187  10.593 0.0000000000
154751  -49.876  25.790  11.302 0.0000000000
154752  -51.193  25.502  11.073 0.0000000000
154753  -50.577  25.469  11.578 0.0000000000
154754  -49.942  25.419  12.042 0.0000000000
154755  -50.112  25.107  12.847 0.0000000000
154756  -50.202  24.895  13.603 0.0000000000
154757  -50.309  24.694  14.448 0.0000000000
154758  -50.956  24.529  14.833 0.0000000000
154759  -51.539  24.243  15.047 0.0000000000
154760  -52.109  23.868  15.283 0.0000000000
154761  -52.600  24.053  14.072 0.0000000000
154762  -52.638  23.769  14.827 0.0000000000
154763  -52.629  23.418  15.539 0.0000000000
154764  -53.083  22.919  15.762 0.0000000000
154765  -53.497  22.422  15.963 0.0000000000
154766  -53.815  21.843  16.030 0.0000000000
154770  -54.106  22.180  13.323 0.0000000000
154771  -54.172  21.595  13.352 0.0000000000
154772  -54.147  21.047  13.353 0.0000000000
154773  -53.874  20.884  12.669 0.0000000000
154775  -52.809  20.700  11.549 0.0000000000
154776  -53.595  23.120  10.076 0.0000000000
154777  -53.608  22.704  10.310 0.0000000000
154778  -53.495  22.256  10.480 0.0000000000
154779  -52.808  22.293  9.189 0.0000000000
154780  -53.034  22.073  9.892 0.0000000000
154781  -53.281  21.823  10.643 0.0000000000
154782  -52.951  21.433  10.775 0.0000000000
154783  -52.524  21.064  10.906 0.0000000000
154784  -52.122  20.667  11.157 0.0000000000
154785  -51.393  20.626  10.876 0.0000000000
154786  -50.657  20.592  10.573 0.0000000000
154787  -49.941  20.510  10.353 0.0000000000
154788  -50.178  21.137  9.371 0.0000000000
154789  -49.719  20.788  9.766 0.0000000000
154790  -49.262  20.401  10.164 0.0000000000
154791  -48.626  20.298  10.003 0.0000000000
154792  -47.927  20.070  9.942 0.0000000000
154794  -52.095  25.853  5.998 0.0000000000
154795  -51.888  25.226  6.058 0.0000000000
154796  -51.634  24.611  6.147 0.0000000000
154797  -50.802  24.927  5.940 0.0000000000
154798  -51.111  24.514  6.087 0.0000000000
154799  -51.372  24.000  6.342 0.0000000000
154800  -51.078  23.507  6.609 0.0000000000
154801  -50.637  23.024  6.804 0.0000000000
154802  -50.196  22.588  7.012 0.0000000000
154803  -47.932  24.740  6.304 0.0000000000
154804  -48.293  24.342  6.464 0.0000000000
154805  -48.570  23.928  6.641 0.0000000000
154806  -47.410  23.491  7.120 0.0000000000
154807  -48.152  23.484  6.939 0.0000000000
154808  -48.885  23.438  6.784 0.0000000000
154809  -49.175  22.986  6.936 0.0000000000
154810  -49.444  22.550  7.042 0.0000000000
154811  -49.761  22.202  7.239 0.0000000000
154812  -49.287  21.847  7.462 0.0000000000
154813  -48.778  21.464  7.709 0.0000000000
154814  -48.292  21.126  8.033 0.0000000000
154815  -47.289  21.279  7.708 0.0000000000
154816  -47.584  20.971  7.914 0.0000000000
154817  -47.870  20.808  8.430 0.0000000000
154818  -47.459  20.472  8.867 0.0000000000
154819  -47.022  20.087  9.313 0.0000000000
154824  -44.861  19.562  8.721 0.0000000000
154830  -43.763  21.259  8.409 0.0000000000
154831  -43.420  20.658  8.567 0.0000000000
154937  -43.041  30.007  0.100 0.0000000000
