#!ascii label  , from subject fsaverage vox2ras=TkReg
145
1326  -5.752  -55.751  13.749 0.0000000000
5415  -7.591  -50.951  7.686 0.0000000000
5416  -7.052  -51.526  8.897 0.0000000000
6382  -10.811  -45.765  3.109 0.0000000000
6993  -6.853  -52.191  10.311 0.0000000000
6994  -6.718  -52.850  11.940 0.0000000000
6995  -5.862  -55.513  11.237 0.0000000000
7401  -8.794  -49.280  5.430 0.0000000000
7402  -10.050  -49.283  4.238 0.0000000000
9829  -8.147  -50.180  6.456 0.0000000000
9832  -7.619  -54.288  8.493 0.0000000000
14476  -10.650  -46.073  3.693 0.0000000000
15498  -6.241  -54.475  12.557 0.0000000000
15499  -5.765  -55.700  12.443 0.0000000000
16269  -9.829  -50.692  5.462 0.0000000000
22007  -7.920  -52.264  7.453 0.0000000000
22008  -8.426  -52.013  6.930 0.0000000000
22012  -6.607  -53.691  9.813 0.0000000000
22013  -6.911  -53.401  9.055 0.0000000000
22014  -7.029  -54.652  8.925 0.0000000000
28181  -7.244  -51.229  8.296 0.0000000000
28182  -7.537  -52.536  8.009 0.0000000000
30249  -11.706  -45.212  3.840 0.0000000000
31679  -6.787  -52.565  11.078 0.0000000000
31680  -6.374  -54.003  10.583 0.0000000000
31682  -6.276  -54.240  11.469 0.0000000000
31683  -6.118  -55.203  10.329 0.0000000000
32705  -9.442  -49.322  4.859 0.0000000000
36038  -9.399  -47.760  4.683 0.0000000000
36039  -9.743  -47.667  3.952 0.0000000000
36043  -10.397  -47.172  2.918 0.0000000000
39479  -5.692  -56.140  14.539 0.0000000000
39722  -8.467  -49.738  5.956 0.0000000000
39723  -9.360  -51.107  5.958 0.0000000000
39724  -7.877  -50.647  7.016 0.0000000000
39725  -8.957  -51.547  6.456 0.0000000000
39730  -6.955  -51.864  9.571 0.0000000000
39731  -7.210  -52.933  8.502 0.0000000000
39732  -8.165  -53.681  8.248 0.0000000000
45195  -10.955  -45.857  4.401 0.0000000000
46217  -6.042  -55.147  13.765 0.0000000000
46218  -6.022  -55.119  13.098 0.0000000000
46219  -5.739  -55.748  13.056 0.0000000000
46221  -5.471  -56.330  13.058 0.0000000000
52727  -8.336  -52.804  7.694 0.0000000000
52728  -8.605  -52.657  7.449 0.0000000000
52732  -6.503  -54.351  9.625 0.0000000000
52733  -6.718  -54.183  9.285 0.0000000000
62329  -7.156  -51.397  8.585 0.0000000000
62330  -7.309  -51.900  8.031 0.0000000000
62331  -7.214  -52.057  8.358 0.0000000000
66462  -11.201  -45.638  3.783 0.0000000000
66464  -11.261  -45.525  3.486 0.0000000000
66465  -11.349  -45.363  3.227 0.0000000000
69529  -6.728  -52.734  11.491 0.0000000000
69530  -6.546  -53.336  10.784 0.0000000000
69531  -6.547  -53.456  11.205 0.0000000000
69535  -5.991  -55.046  11.882 0.0000000000
69536  -6.250  -54.377  11.985 0.0000000000
69537  -6.033  -54.885  11.339 0.0000000000
69538  -6.118  -54.703  10.891 0.0000000000
69539  -5.982  -55.342  10.780 0.0000000000
71844  -8.707  -48.552  5.736 0.0000000000
71845  -8.919  -48.564  5.392 0.0000000000
71846  -9.095  -49.292  5.142 0.0000000000
79877  -9.285  -48.540  4.659 0.0000000000
79878  -9.249  -47.816  5.034 0.0000000000
79879  -9.548  -48.498  4.350 0.0000000000
88454  -5.672  -56.279  15.002 0.0000000000
89059  -8.367  -49.984  6.228 0.0000000000
89060  -8.820  -50.498  5.766 0.0000000000
89061  -8.693  -50.670  6.118 0.0000000000
89064  -7.687  -50.814  7.327 0.0000000000
89066  -8.690  -51.803  6.649 0.0000000000
89067  -9.443  -52.060  6.718 0.0000000000
89079  -6.905  -52.040  9.912 0.0000000000
89080  -7.176  -53.888  8.686 0.0000000000
89081  -7.058  -53.192  8.766 0.0000000000
89082  -7.365  -53.646  8.424 0.0000000000
89083  -7.585  -53.367  8.194 0.0000000000
89084  -7.879  -53.940  8.355 0.0000000000
99783  -11.075  -45.747  4.077 0.0000000000
99784  -10.732  -45.944  3.374 0.0000000000
101624  -6.556  -53.795  13.328 0.0000000000
101625  -6.304  -54.468  13.179 0.0000000000
101626  -6.008  -55.087  12.501 0.0000000000
101627  -5.806  -55.622  11.884 0.0000000000
103011  -9.181  -50.011  5.339 0.0000000000
103012  -9.525  -49.996  5.090 0.0000000000
107832  -10.423  -49.204  4.052 0.0000000000
113341  -7.715  -51.649  7.516 0.0000000000
113342  -7.891  -51.535  7.168 0.0000000000
113343  -8.207  -52.139  7.217 0.0000000000
113344  -8.855  -52.494  7.190 0.0000000000
113350  -6.742  -52.918  10.032 0.0000000000
113351  -6.837  -52.766  9.638 0.0000000000
113352  -6.768  -53.475  9.431 0.0000000000
113353  -6.930  -54.062  8.945 0.0000000000
113354  -7.305  -54.487  8.678 0.0000000000
118086  -6.192  -55.163  14.372 0.0000000000
127197  -7.414  -51.089  8.020 0.0000000000
127198  -7.504  -51.759  7.813 0.0000000000
127199  -7.738  -52.383  7.776 0.0000000000
127200  -8.067  -52.962  7.896 0.0000000000
136455  -6.794  -52.366  10.715 0.0000000000
136456  -6.643  -53.139  10.423 0.0000000000
136457  -6.463  -53.882  10.168 0.0000000000
136458  -6.345  -54.492  10.013 0.0000000000
136463  -6.508  -53.668  12.177 0.0000000000
136464  -6.526  -53.557  11.706 0.0000000000
136465  -6.286  -54.081  11.040 0.0000000000
136466  -6.223  -54.612  10.452 0.0000000000
136467  -6.294  -55.108  9.928 0.0000000000
139332  -9.117  -48.561  5.035 0.0000000000
139333  -9.666  -49.287  4.499 0.0000000000
139334  -9.984  -50.008  4.902 0.0000000000
149091  -9.511  -47.246  5.474 0.0000000000
149092  -9.593  -47.180  5.128 0.0000000000
149093  -9.794  -48.447  4.050 0.0000000000
149094  -9.563  -47.723  4.296 0.0000000000
149097  -9.868  -46.905  4.089 0.0000000000
149098  -10.092  -46.833  3.811 0.0000000000
149106  -10.319  -47.345  3.191 0.0000000000
149107  -10.232  -46.688  3.556 0.0000000000
149108  -10.366  -46.537  3.289 0.0000000000
149109  -10.443  -46.368  2.982 0.0000000000
159394  -6.179  -55.360  14.757 0.0000000000
159395  -5.713  -55.951  14.132 0.0000000000
159404  -5.357  -56.536  13.476 0.0000000000
160121  -8.463  -49.040  6.266 0.0000000000
160122  -8.611  -49.553  5.655 0.0000000000
160123  -9.055  -50.281  5.602 0.0000000000
160124  -9.579  -50.888  5.727 0.0000000000
160128  -8.016  -50.409  6.737 0.0000000000
160129  -8.077  -51.388  6.868 0.0000000000
160130  -8.283  -51.184  6.558 0.0000000000
160131  -8.507  -50.919  6.345 0.0000000000
160132  -9.177  -51.311  6.210 0.0000000000
160146  -6.988  -51.680  9.245 0.0000000000
160147  -6.929  -52.644  9.272 0.0000000000
160148  -6.986  -52.391  8.969 0.0000000000
160149  -7.104  -52.238  8.658 0.0000000000
160150  -7.351  -52.780  8.180 0.0000000000
160151  -7.845  -53.150  8.093 0.0000000000
160152  -8.458  -53.477  8.144 0.0000000000
