#!ascii label  , from subject fsaverage vox2ras=TkReg
1364
148  -34.507  -13.805  -25.077 0.0000000000
150  -22.234  -21.661  -22.614 0.0000000000
599  -32.324  -4.249  -20.565 0.0000000000
602  -28.263  -4.712  -30.038 0.0000000000
603  -22.211  -7.389  -31.368 0.0000000000
1341  -34.500  -7.471  -25.975 0.0000000000
1342  -31.325  -10.077  -28.474 0.0000000000
1343  -25.115  -5.977  -31.645 0.0000000000
1344  -27.450  -11.863  -29.649 0.0000000000
1345  -24.697  -19.970  -24.470 0.0000000000
1346  -20.471  -14.189  -26.838 0.0000000000
1347  -20.466  -17.841  -26.324 0.0000000000
1349  -22.557  -22.123  -26.420 0.0000000000
2434  -32.904  -1.593  -22.623 0.0000000000
2435  -30.378  0.557  -26.880 0.0000000000
2443  -31.361  -4.102  -26.876 0.0000000000
2448  -23.273  -12.742  -28.804 0.0000000000
2556  -24.043  -24.845  -19.657 0.0000000000
2557  -20.486  -29.890  -17.500 0.0000000000
2558  -21.221  -27.911  -20.386 0.0000000000
2559  -21.926  -25.400  -23.434 0.0000000000
3261  -35.068  -10.489  -26.251 0.0000000000
3262  -33.017  -12.090  -26.911 0.0000000000
3263  -29.443  -10.964  -28.944 0.0000000000
3264  -31.287  -13.259  -27.287 0.0000000000
3265  -23.324  -20.658  -23.381 0.0000000000
3266  -21.564  -18.381  -24.962 0.0000000000
3267  -21.081  -19.830  -24.649 0.0000000000
3268  -21.248  -19.916  -26.518 0.0000000000
3269  -21.136  -21.630  -24.495 0.0000000000
5439  -31.733  1.000  -14.654 0.0000000000
5440  -31.765  -3.428  -17.858 0.0000000000
5441  -32.636  -2.721  -18.833 0.0000000000
5442  -32.648  -2.996  -21.727 0.0000000000
5443  -31.978  -0.544  -25.234 0.0000000000
5444  -31.979  -2.538  -24.363 0.0000000000
5463  -31.564  -6.748  -28.664 0.0000000000
5464  -32.857  -5.982  -26.728 0.0000000000
5465  -29.941  -4.313  -28.612 0.0000000000
5466  -28.323  -1.597  -27.602 0.0000000000
5467  -26.489  -1.727  -28.988 0.0000000000
5469  -25.105  -2.154  -30.154 0.0000000000
5470  -23.468  -6.654  -31.752 0.0000000000
5476  -27.506  -15.184  -28.019 0.0000000000
5477  -25.317  -15.779  -27.773 0.0000000000
5478  -19.524  -13.558  -27.987 0.0000000000
5479  -19.704  -11.293  -28.118 0.0000000000
5747  -21.140  -34.527  -16.367 0.0000000000
5748  -20.207  -30.896  -16.246 0.0000000000
5749  -21.851  -33.442  -17.652 0.0000000000
5751  -23.045  -30.898  -20.305 0.0000000000
5753  -21.590  -26.812  -21.933 0.0000000000
7023  -33.421  -8.723  -27.751 0.0000000000
7024  -29.714  -7.708  -29.821 0.0000000000
7025  -26.767  -5.300  -30.975 0.0000000000
7026  -28.022  -8.451  -30.683 0.0000000000
7027  -25.959  -9.124  -31.141 0.0000000000
7028  -23.827  -9.413  -30.852 0.0000000000
7030  -23.486  -16.357  -26.810 0.0000000000
7031  -22.386  -17.251  -25.689 0.0000000000
7032  -20.163  -15.876  -26.443 0.0000000000
7033  -20.295  -15.740  -28.223 0.0000000000
7913  -25.474  -22.938  -21.928 0.0000000000
8034  -20.345  -35.232  -14.991 0.0000000000
9858  -32.336  -1.437  -16.271 0.0000000000
9859  -33.242  -1.698  -20.001 0.0000000000
9884  -32.050  -5.461  -20.166 0.0000000000
9885  -33.673  -7.077  -23.076 0.0000000000
9886  -33.042  -5.755  -23.729 0.0000000000
9887  -32.330  -4.269  -24.089 0.0000000000
9888  -30.319  -1.815  -26.310 0.0000000000
9894  -24.089  -2.851  -31.394 0.0000000000
9900  -29.609  -14.336  -27.641 0.0000000000
9901  -25.435  -12.579  -29.686 0.0000000000
9902  -22.042  -9.731  -29.888 0.0000000000
9903  -21.536  -13.030  -27.634 0.0000000000
9904  -20.546  -10.150  -28.707 0.0000000000
9905  -20.997  -8.395  -30.951 0.0000000000
10224  -23.059  -23.274  -21.201 0.0000000000
10228  -22.381  -32.213  -18.984 0.0000000000
10229  -20.808  -28.946  -18.830 0.0000000000
10230  -22.176  -26.950  -17.995 0.0000000000
10231  -21.654  -25.757  -19.808 0.0000000000
10232  -21.292  -24.509  -21.450 0.0000000000
10233  -21.134  -23.155  -22.926 0.0000000000
10234  -22.422  -23.910  -25.038 0.0000000000
10938  -36.101  -13.763  -23.783 0.0000000000
10939  -36.934  -12.876  -23.285 0.0000000000
10940  -35.517  -13.004  -24.893 0.0000000000
10941  -34.881  -12.189  -25.756 0.0000000000
10942  -33.720  -13.049  -26.046 0.0000000000
10943  -32.136  -12.687  -27.059 0.0000000000
10944  -32.965  -13.663  -26.121 0.0000000000
10945  -22.910  -21.125  -22.860 0.0000000000
10946  -21.921  -20.093  -23.859 0.0000000000
10947  -21.588  -20.772  -23.577 0.0000000000
10948  -21.039  -20.702  -24.507 0.0000000000
10949  -21.273  -21.541  -23.448 0.0000000000
13120  -32.096  -3.964  -19.229 0.0000000000
13121  -32.368  -3.440  -19.721 0.0000000000
13122  -32.507  -3.622  -21.210 0.0000000000
13123  -32.467  -2.845  -23.207 0.0000000000
13124  -32.466  -3.651  -22.617 0.0000000000
13143  -29.861  -5.934  -29.457 0.0000000000
13144  -30.739  -5.586  -28.762 0.0000000000
13145  -29.149  -4.488  -29.354 0.0000000000
13146  -28.313  -3.096  -28.860 0.0000000000
13147  -27.418  -3.297  -29.520 0.0000000000
13148  -25.775  -1.907  -29.555 0.0000000000
13149  -26.693  -3.488  -30.050 0.0000000000
13150  -22.801  -6.907  -31.574 0.0000000000
13156  -27.528  -16.805  -27.108 0.0000000000
13157  -26.627  -17.223  -26.987 0.0000000000
13428  -21.563  -34.009  -16.987 0.0000000000
15542  -36.243  -9.736  -23.820 0.0000000000
15543  -33.257  -10.404  -27.480 0.0000000000
15544  -34.248  -9.661  -27.060 0.0000000000
15545  -32.382  -9.430  -28.211 0.0000000000
15546  -31.543  -8.422  -28.832 0.0000000000
15547  -30.472  -8.961  -29.304 0.0000000000
15548  -28.913  -8.093  -30.272 0.0000000000
15549  -29.655  -9.388  -29.553 0.0000000000
15550  -28.374  -11.402  -29.415 0.0000000000
15551  -27.741  -10.201  -30.299 0.0000000000
15552  -26.636  -10.551  -30.536 0.0000000000
15553  -24.900  -9.315  -31.054 0.0000000000
15554  -25.506  -10.812  -30.613 0.0000000000
15556  -24.082  -18.242  -25.615 0.0000000000
15557  -23.527  -18.651  -25.109 0.0000000000
15558  -20.656  -17.984  -25.512 0.0000000000
15559  -20.803  -17.147  -25.668 0.0000000000
15560  -20.307  -16.836  -26.334 0.0000000000
15561  -19.854  -15.657  -27.205 0.0000000000
15562  -20.362  -16.778  -27.305 0.0000000000
15564  -20.845  -17.882  -27.407 0.0000000000
15565  -21.856  -20.983  -26.436 0.0000000000
15566  -22.201  -20.160  -27.452 0.0000000000
17623  -19.886  -35.550  -14.299 0.0000000000
22075  -33.036  0.220  -16.447 0.0000000000
22082  -31.812  -1.613  -15.779 0.0000000000
22083  -32.914  -2.418  -20.857 0.0000000000
22084  -32.946  -2.274  -19.339 0.0000000000
22085  -33.110  -1.811  -21.311 0.0000000000
22086  -33.322  -1.142  -21.750 0.0000000000
22087  -33.135  -0.852  -23.244 0.0000000000
22089  -32.783  -0.387  -24.628 0.0000000000
22090  -31.196  0.098  -26.126 0.0000000000
22148  -34.862  -7.851  -24.122 0.0000000000
22150  -34.324  -7.162  -24.667 0.0000000000
22151  -32.087  -5.082  -26.911 0.0000000000
22152  -33.074  -5.800  -25.368 0.0000000000
22153  -32.568  -5.026  -25.530 0.0000000000
22154  -32.724  -5.059  -23.948 0.0000000000
22155  -31.942  -4.158  -25.638 0.0000000000
22156  -31.497  -3.209  -25.555 0.0000000000
22157  -30.748  -3.011  -26.577 0.0000000000
22159  -28.152  -0.110  -27.736 0.0000000000
22170  -25.941  -5.618  -31.379 0.0000000000
22171  -25.254  -3.966  -31.010 0.0000000000
22172  -24.658  -4.341  -31.386 0.0000000000
22186  -31.326  -14.860  -26.436 0.0000000000
22187  -30.414  -15.399  -26.747 0.0000000000
22188  -25.470  -14.190  -28.712 0.0000000000
22189  -26.498  -13.954  -28.938 0.0000000000
22190  -24.269  -12.734  -29.370 0.0000000000
22191  -23.398  -11.169  -29.958 0.0000000000
22192  -22.429  -11.132  -29.326 0.0000000000
22193  -21.655  -15.120  -26.753 0.0000000000
22194  -22.353  -14.747  -27.243 0.0000000000
22195  -20.937  -13.554  -27.184 0.0000000000
22196  -19.701  -10.396  -29.075 0.0000000000
22197  -20.031  -10.557  -28.256 0.0000000000
22198  -20.104  -9.726  -29.409 0.0000000000
22199  -20.685  -9.204  -29.796 0.0000000000
22996  -23.523  -24.005  -20.415 0.0000000000
23000  -20.377  -30.427  -16.853 0.0000000000
23001  -21.064  -29.881  -15.601 0.0000000000
23004  -21.053  -28.774  -16.961 0.0000000000
23008  -21.959  -29.423  -20.542 0.0000000000
23009  -21.606  -29.911  -19.831 0.0000000000
23010  -21.008  -28.473  -19.602 0.0000000000
23011  -21.044  -27.717  -18.444 0.0000000000
23012  -21.097  -27.209  -19.227 0.0000000000
23013  -21.866  -26.285  -18.892 0.0000000000
23014  -21.079  -26.706  -20.122 0.0000000000
23015  -21.702  -26.098  -22.657 0.0000000000
23016  -21.122  -25.550  -21.776 0.0000000000
23017  -21.123  -24.885  -22.395 0.0000000000
23018  -21.168  -23.815  -22.214 0.0000000000
23019  -21.310  -24.186  -23.229 0.0000000000
23020  -21.472  -23.518  -24.088 0.0000000000
23021  -22.212  -24.687  -24.245 0.0000000000
24301  -36.272  -10.470  -24.670 0.0000000000
24302  -35.772  -11.309  -25.271 0.0000000000
24303  -34.103  -11.315  -26.669 0.0000000000
24304  -32.061  -11.104  -27.742 0.0000000000
24305  -30.324  -10.515  -28.733 0.0000000000
24306  -31.141  -11.608  -27.903 0.0000000000
24307  -30.195  -12.129  -28.194 0.0000000000
24308  -29.371  -12.642  -28.467 0.0000000000
24309  -23.965  -20.251  -23.923 0.0000000000
24310  -23.005  -19.082  -24.573 0.0000000000
24311  -22.380  -19.518  -24.187 0.0000000000
24312  -21.360  -19.131  -24.737 0.0000000000
24313  -20.702  -18.931  -25.538 0.0000000000
24314  -20.804  -18.873  -26.384 0.0000000000
24315  -20.871  -19.832  -25.629 0.0000000000
24316  -21.178  -20.790  -25.549 0.0000000000
24317  -21.557  -21.850  -25.464 0.0000000000
28223  -32.581  -0.091  -15.826 0.0000000000
28224  -31.431  -2.692  -16.523 0.0000000000
28225  -32.007  -2.527  -16.930 0.0000000000
28226  -32.153  -3.069  -18.214 0.0000000000
28227  -32.657  -2.936  -20.228 0.0000000000
28228  -32.777  -2.351  -22.222 0.0000000000
28229  -32.554  -1.192  -24.039 0.0000000000
28230  -32.477  -2.005  -23.515 0.0000000000
28231  -31.925  -1.508  -24.717 0.0000000000
28232  -31.146  -1.059  -25.632 0.0000000000
28265  -33.260  -7.187  -27.580 0.0000000000
28266  -33.718  -6.758  -26.447 0.0000000000
28267  -32.335  -6.281  -27.828 0.0000000000
28268  -31.521  -5.271  -27.925 0.0000000000
28269  -30.725  -4.159  -27.769 0.0000000000
28270  -29.933  -2.968  -27.397 0.0000000000
28271  -29.171  -3.011  -28.111 0.0000000000
28272  -27.416  -1.637  -28.309 0.0000000000
28278  -24.273  -6.260  -31.763 0.0000000000
28279  -24.049  -4.812  -31.789 0.0000000000
28288  -29.540  -15.950  -26.837 0.0000000000
28289  -28.543  -16.401  -27.055 0.0000000000
28290  -26.517  -15.534  -27.939 0.0000000000
28291  -24.184  -14.357  -28.431 0.0000000000
28292  -19.670  -13.639  -27.273 0.0000000000
28293  -19.973  -12.791  -27.452 0.0000000000
28294  -19.486  -12.399  -28.052 0.0000000000
28295  -19.593  -11.328  -28.991 0.0000000000
28775  -19.885  -33.026  -16.011 0.0000000000
28776  -19.984  -31.421  -15.656 0.0000000000
28777  -20.242  -32.518  -16.546 0.0000000000
28778  -20.532  -31.982  -17.169 0.0000000000
28779  -20.766  -31.477  -17.803 0.0000000000
28783  -23.382  -30.299  -21.028 0.0000000000
28784  -22.244  -28.821  -21.339 0.0000000000
28785  -21.487  -27.420  -21.175 0.0000000000
28786  -22.520  -28.214  -22.086 0.0000000000
28787  -22.682  -27.463  -22.765 0.0000000000
28788  -22.963  -26.741  -23.450 0.0000000000
31718  -31.705  -4.397  -18.674 0.0000000000
31744  -35.166  -8.196  -25.359 0.0000000000
31745  -35.623  -9.632  -25.618 0.0000000000
31746  -34.942  -8.820  -26.354 0.0000000000
31747  -34.134  -8.032  -27.102 0.0000000000
31748  -32.517  -7.793  -28.314 0.0000000000
31749  -30.680  -7.224  -29.303 0.0000000000
31750  -28.975  -6.284  -30.106 0.0000000000
31751  -27.503  -4.990  -30.529 0.0000000000
31752  -28.202  -6.640  -30.571 0.0000000000
31753  -27.406  -6.983  -31.067 0.0000000000
31754  -26.530  -7.306  -31.453 0.0000000000
31755  -28.761  -9.785  -29.959 0.0000000000
31756  -27.099  -8.847  -31.040 0.0000000000
31757  -25.540  -7.539  -31.656 0.0000000000
31758  -24.494  -7.773  -31.520 0.0000000000
31759  -23.587  -8.005  -31.224 0.0000000000
31760  -22.823  -8.178  -30.912 0.0000000000
31762  -25.581  -17.532  -26.681 0.0000000000
31764  -22.789  -16.736  -26.269 0.0000000000
31765  -21.207  -15.653  -26.304 0.0000000000
31766  -21.888  -17.766  -25.241 0.0000000000
31767  -20.924  -16.354  -25.965 0.0000000000
31768  -20.183  -14.996  -26.572 0.0000000000
31769  -19.601  -14.637  -27.176 0.0000000000
31770  -19.782  -14.656  -28.101 0.0000000000
31776  -21.583  -19.007  -27.515 0.0000000000
34070  -33.697  -14.500  -25.183 0.0000000000
34094  -25.937  -21.238  -23.777 0.0000000000
34096  -24.384  -21.756  -22.642 0.0000000000
34097  -23.848  -22.131  -22.136 0.0000000000
34420  -19.531  -33.474  -15.311 0.0000000000
34421  -20.798  -34.896  -15.744 0.0000000000
39811  -32.080  -0.241  -15.362 0.0000000000
39812  -32.871  -1.113  -16.779 0.0000000000
39813  -32.583  -2.320  -17.369 0.0000000000
39814  -33.006  -1.933  -17.944 0.0000000000
39815  -33.354  -1.373  -18.625 0.0000000000
39816  -33.542  -1.113  -20.436 0.0000000000
39889  -31.345  -4.828  -18.452 0.0000000000
39890  -32.155  -4.876  -20.367 0.0000000000
39894  -33.676  -6.522  -25.099 0.0000000000
39895  -33.372  -6.431  -23.483 0.0000000000
39896  -32.761  -6.357  -21.633 0.0000000000
39898  -32.541  -5.082  -22.123 0.0000000000
39899  -32.495  -4.361  -22.349 0.0000000000
39900  -32.123  -3.464  -24.204 0.0000000000
39901  -31.178  -2.071  -25.528 0.0000000000
39902  -30.162  -0.542  -26.423 0.0000000000
39903  -29.350  -1.676  -26.950 0.0000000000
39904  -29.133  -0.249  -27.064 0.0000000000
39905  -29.405  0.894  -27.828 0.0000000000
39918  -25.926  -3.639  -30.510 0.0000000000
39919  -24.553  -2.477  -30.814 0.0000000000
39936  -32.129  -14.253  -26.249 0.0000000000
39937  -30.455  -13.812  -27.461 0.0000000000
39938  -28.510  -13.180  -28.791 0.0000000000
39939  -28.534  -14.795  -27.856 0.0000000000
39940  -27.600  -13.608  -28.911 0.0000000000
39941  -26.447  -12.312  -29.830 0.0000000000
39942  -24.475  -11.022  -30.423 0.0000000000
39943  -22.927  -9.554  -30.407 0.0000000000
39944  -22.014  -8.380  -30.506 0.0000000000
39945  -24.271  -16.042  -27.345 0.0000000000
39946  -23.050  -14.399  -27.862 0.0000000000
39947  -22.189  -12.803  -28.198 0.0000000000
39948  -20.352  -11.994  -27.667 0.0000000000
39949  -20.876  -11.396  -28.027 0.0000000000
39950  -21.524  -11.178  -28.539 0.0000000000
39951  -21.140  -9.851  -29.261 0.0000000000
39952  -21.256  -8.709  -30.132 0.0000000000
39953  -21.562  -7.819  -31.118 0.0000000000
40907  -24.269  -23.037  -21.442 0.0000000000
40908  -22.514  -22.462  -21.957 0.0000000000
40919  -22.148  -32.842  -18.348 0.0000000000
40920  -21.034  -30.991  -18.438 0.0000000000
40921  -22.676  -31.501  -19.616 0.0000000000
40922  -21.334  -30.486  -19.148 0.0000000000
40923  -20.665  -29.447  -18.178 0.0000000000
40924  -21.085  -28.268  -17.607 0.0000000000
40928  -23.039  -25.829  -18.794 0.0000000000
40929  -22.644  -25.121  -19.616 0.0000000000
40930  -21.162  -26.097  -20.826 0.0000000000
40931  -21.404  -25.172  -20.673 0.0000000000
40932  -22.218  -24.376  -20.428 0.0000000000
40933  -22.022  -23.756  -21.120 0.0000000000
40934  -21.680  -23.053  -21.986 0.0000000000
40935  -21.351  -22.258  -22.726 0.0000000000
40936  -21.115  -22.427  -23.719 0.0000000000
40937  -21.552  -22.689  -24.772 0.0000000000
40938  -22.527  -23.021  -25.696 0.0000000000
41658  -35.290  -13.783  -24.441 0.0000000000
41659  -35.867  -13.375  -24.323 0.0000000000
41660  -35.094  -13.406  -25.022 0.0000000000
41661  -34.645  -13.038  -25.531 0.0000000000
41662  -34.258  -13.404  -25.563 0.0000000000
41663  -33.325  -13.349  -26.120 0.0000000000
41664  -33.803  -13.774  -25.611 0.0000000000
41665  -22.462  -21.308  -22.728 0.0000000000
41666  -22.171  -20.910  -23.175 0.0000000000
41667  -21.779  -21.125  -23.074 0.0000000000
41668  -21.405  -21.087  -23.440 0.0000000000
41669  -21.652  -21.561  -22.978 0.0000000000
43840  -32.224  -4.123  -19.882 0.0000000000
43841  -32.382  -3.876  -20.148 0.0000000000
43842  -32.424  -3.977  -20.732 0.0000000000
43843  -32.506  -3.655  -21.896 0.0000000000
43844  -32.448  -4.009  -21.553 0.0000000000
43863  -29.062  -5.354  -29.824 0.0000000000
43864  -29.518  -5.215  -29.477 0.0000000000
43865  -28.706  -4.603  -29.705 0.0000000000
43866  -28.326  -3.901  -29.495 0.0000000000
43867  -27.915  -4.038  -29.833 0.0000000000
43868  -27.047  -3.392  -29.794 0.0000000000
43869  -27.520  -4.112  -30.083 0.0000000000
43870  -22.514  -7.172  -31.474 0.0000000000
43871  -22.619  -6.626  -31.889 0.0000000000
43872  -22.389  -6.891  -31.834 0.0000000000
43874  -22.149  -7.169  -31.772 0.0000000000
46263  -32.285  -10.266  -28.004 0.0000000000
46264  -32.845  -9.969  -27.835 0.0000000000
46265  -31.817  -9.789  -28.372 0.0000000000
46266  -31.466  -9.254  -28.719 0.0000000000
46267  -30.843  -9.497  -28.932 0.0000000000
46268  -30.003  -9.186  -29.445 0.0000000000
46269  -30.429  -9.739  -29.028 0.0000000000
46270  -27.902  -11.620  -29.578 0.0000000000
46271  -27.550  -11.017  -30.023 0.0000000000
46272  -26.979  -11.194  -30.160 0.0000000000
46273  -26.065  -10.700  -30.607 0.0000000000
46274  -26.537  -11.373  -30.201 0.0000000000
46277  -24.126  -19.322  -24.776 0.0000000000
46278  -20.477  -17.889  -25.836 0.0000000000
46279  -20.460  -17.485  -25.977 0.0000000000
46280  -20.320  -17.407  -26.369 0.0000000000
46281  -20.228  -16.766  -26.771 0.0000000000
46282  -20.404  -17.365  -26.838 0.0000000000
46283  -20.618  -17.350  -27.355 0.0000000000
46284  -20.570  -17.822  -26.839 0.0000000000
46285  -22.233  -21.570  -26.479 0.0000000000
46286  -22.410  -21.122  -26.912 0.0000000000
46287  -22.819  -21.742  -26.890 0.0000000000
52803  -32.962  -2.079  -21.778 0.0000000000
52804  -33.036  -2.125  -21.109 0.0000000000
52805  -33.007  -1.735  -21.911 0.0000000000
52806  -33.094  -1.342  -22.229 0.0000000000
52807  -32.968  -1.216  -22.892 0.0000000000
52808  -32.992  -0.648  -23.940 0.0000000000
52809  -32.830  -1.037  -23.568 0.0000000000
52810  -30.774  0.357  -26.512 0.0000000000
52811  -30.935  0.807  -26.936 0.0000000000
52812  -30.526  1.014  -27.345 0.0000000000
52868  -34.790  -7.624  -25.118 0.0000000000
52869  -34.579  -7.494  -24.434 0.0000000000
52870  -34.489  -7.293  -25.347 0.0000000000
52871  -31.732  -4.584  -26.905 0.0000000000
52872  -32.365  -5.027  -26.253 0.0000000000
52873  -32.010  -4.578  -26.311 0.0000000000
52874  -32.236  -4.598  -25.631 0.0000000000
52875  -31.688  -4.137  -26.341 0.0000000000
52876  -31.398  -3.629  -26.195 0.0000000000
52877  -31.054  -3.591  -26.751 0.0000000000
52890  -25.548  -5.781  -31.523 0.0000000000
52891  -25.307  -4.983  -31.384 0.0000000000
52892  -24.925  -5.160  -31.534 0.0000000000
52908  -24.389  -13.581  -28.874 0.0000000000
52909  -24.864  -13.499  -29.084 0.0000000000
52910  -23.791  -12.803  -29.146 0.0000000000
52911  -23.305  -11.978  -29.399 0.0000000000
52912  -22.858  -12.017  -29.029 0.0000000000
52913  -21.030  -14.599  -26.756 0.0000000000
52914  -21.328  -14.381  -26.949 0.0000000000
52915  -20.706  -13.871  -26.955 0.0000000000
52916  -19.927  -10.038  -29.707 0.0000000000
52917  -19.903  -10.019  -29.228 0.0000000000
52918  -20.110  -9.694  -29.865 0.0000000000
52919  -20.364  -9.376  -30.041 0.0000000000
52921  -20.735  -9.119  -31.126 0.0000000000
53715  -24.369  -24.315  -20.205 0.0000000000
53716  -23.724  -24.388  -20.039 0.0000000000
53720  -20.437  -30.163  -17.181 0.0000000000
53721  -20.658  -29.829  -16.573 0.0000000000
53722  -20.693  -29.555  -16.844 0.0000000000
53723  -21.112  -29.064  -16.572 0.0000000000
53724  -20.743  -29.329  -17.154 0.0000000000
53728  -21.479  -28.664  -20.514 0.0000000000
53729  -21.359  -28.888  -20.132 0.0000000000
53730  -21.071  -28.204  -19.990 0.0000000000
53731  -20.936  -27.808  -19.502 0.0000000000
53732  -21.010  -27.534  -19.881 0.0000000000
53733  -21.086  -26.950  -19.650 0.0000000000
53734  -21.048  -27.282  -20.187 0.0000000000
53735  -21.894  -25.781  -23.176 0.0000000000
53736  -21.463  -25.468  -22.681 0.0000000000
53737  -21.479  -25.142  -22.909 0.0000000000
53738  -21.263  -24.561  -22.891 0.0000000000
53739  -21.520  -24.773  -23.302 0.0000000000
53740  -21.724  -24.441  -23.787 0.0000000000
53741  -22.052  -25.014  -23.796 0.0000000000
55856  -36.668  -12.496  -23.825 0.0000000000
55857  -37.102  -12.441  -22.981 0.0000000000
55861  -36.345  -11.287  -24.541 0.0000000000
55862  -36.040  -11.727  -24.822 0.0000000000
55863  -33.918  -12.162  -26.363 0.0000000000
55864  -34.455  -11.762  -26.184 0.0000000000
55865  -33.573  -11.710  -26.786 0.0000000000
55866  -33.107  -11.235  -27.222 0.0000000000
55867  -32.562  -11.586  -27.321 0.0000000000
55868  -31.573  -11.347  -27.811 0.0000000000
55869  -32.106  -11.877  -27.392 0.0000000000
55870  -31.696  -12.998  -27.193 0.0000000000
55871  -31.166  -12.434  -27.622 0.0000000000
55872  -30.751  -12.730  -27.712 0.0000000000
55873  -29.744  -12.414  -28.333 0.0000000000
55874  -30.406  -12.985  -27.831 0.0000000000
55875  -23.673  -20.486  -23.670 0.0000000000
55876  -23.113  -19.840  -24.034 0.0000000000
55877  -22.882  -20.110  -23.782 0.0000000000
55878  -21.445  -19.917  -24.207 0.0000000000
55879  -21.580  -19.583  -24.325 0.0000000000
55880  -21.190  -19.503  -24.689 0.0000000000
55881  -20.958  -18.989  -25.119 0.0000000000
55882  -20.931  -19.428  -25.091 0.0000000000
55883  -20.823  -19.383  -25.548 0.0000000000
55884  -20.887  -19.832  -25.159 0.0000000000
55885  -21.009  -21.095  -24.377 0.0000000000
55886  -21.048  -20.731  -25.059 0.0000000000
55887  -21.164  -21.199  -24.973 0.0000000000
55888  -21.401  -21.294  -25.491 0.0000000000
55889  -21.257  -21.733  -25.021 0.0000000000
62399  -32.149  0.440  -15.184 0.0000000000
62400  -31.599  -3.082  -17.174 0.0000000000
62401  -31.824  -2.949  -17.327 0.0000000000
62402  -31.965  -3.267  -17.998 0.0000000000
62403  -32.591  -3.297  -20.703 0.0000000000
62404  -32.530  -3.202  -19.984 0.0000000000
62405  -32.643  -2.994  -20.941 0.0000000000
62406  -32.756  -2.685  -21.247 0.0000000000
62407  -32.688  -2.636  -21.967 0.0000000000
62408  -32.651  -2.211  -22.831 0.0000000000
62409  -32.598  -2.538  -22.674 0.0000000000
62410  -32.237  -2.696  -23.817 0.0000000000
62411  -32.261  -2.224  -24.016 0.0000000000
62412  -31.982  -2.040  -24.591 0.0000000000
62413  -31.550  -1.294  -25.199 0.0000000000
62414  -31.614  -1.836  -25.042 0.0000000000
62468  -32.432  -7.015  -28.180 0.0000000000
62469  -32.813  -6.764  -27.686 0.0000000000
62470  -32.000  -6.496  -28.280 0.0000000000
62471  -30.364  -4.972  -28.717 0.0000000000
62472  -31.118  -5.428  -28.356 0.0000000000
62473  -30.760  -4.854  -28.331 0.0000000000
62474  -31.104  -4.750  -27.895 0.0000000000
62475  -30.315  -4.206  -28.231 0.0000000000
62476  -29.990  -3.619  -27.994 0.0000000000
62477  -29.597  -3.677  -28.426 0.0000000000
62478  -27.371  -2.425  -28.864 0.0000000000
62479  -27.830  -2.393  -28.529 0.0000000000
62480  -26.951  -1.688  -28.656 0.0000000000
62481  -26.738  -0.886  -28.597 0.0000000000
62484  -25.881  -1.112  -29.240 0.0000000000
62485  -25.453  -2.043  -29.853 0.0000000000
62489  -24.595  -1.638  -30.570 0.0000000000
62490  -23.921  -6.459  -31.791 0.0000000000
62491  -23.762  -5.771  -31.843 0.0000000000
62492  -23.452  -5.947  -31.916 0.0000000000
62506  -29.549  -16.746  -26.464 0.0000000000
62508  -26.381  -16.327  -27.533 0.0000000000
62509  -26.944  -16.142  -27.574 0.0000000000
62510  -25.797  -15.682  -27.956 0.0000000000
62511  -25.258  -14.944  -28.318 0.0000000000
62512  -24.757  -15.083  -28.118 0.0000000000
62513  -19.538  -13.559  -27.598 0.0000000000
62514  -19.565  -13.041  -27.668 0.0000000000
62515  -19.528  -12.999  -28.024 0.0000000000
62517  -19.612  -11.868  -28.980 0.0000000000
62519  -19.828  -11.005  -29.531 0.0000000000
63317  -20.457  -33.812  -16.273 0.0000000000
63318  -20.100  -32.823  -16.266 0.0000000000
63319  -20.634  -33.564  -16.581 0.0000000000
63320  -21.715  -33.768  -17.322 0.0000000000
63321  -20.958  -32.990  -17.182 0.0000000000
63322  -21.124  -32.737  -17.532 0.0000000000
63323  -20.685  -31.777  -17.510 0.0000000000
63324  -21.242  -32.469  -17.838 0.0000000000
63331  -22.747  -29.566  -21.205 0.0000000000
63332  -22.972  -29.273  -21.616 0.0000000000
63333  -22.361  -28.513  -21.691 0.0000000000
63334  -22.960  -28.933  -21.951 0.0000000000
63336  -23.210  -28.176  -22.684 0.0000000000
63338  -22.851  -27.106  -23.116 0.0000000000
63339  -23.576  -27.407  -23.447 0.0000000000
69665  -35.613  -8.705  -24.080 0.0000000000
69667  -35.481  -8.549  -25.015 0.0000000000
69668  -35.749  -10.483  -25.505 0.0000000000
69669  -35.944  -10.084  -25.186 0.0000000000
69670  -35.394  -10.062  -25.932 0.0000000000
69671  -33.798  -9.217  -27.423 0.0000000000
69672  -34.672  -9.223  -26.731 0.0000000000
69673  -34.222  -8.784  -27.168 0.0000000000
69674  -34.539  -8.427  -26.766 0.0000000000
69675  -33.825  -8.364  -27.479 0.0000000000
69676  -33.342  -7.930  -27.758 0.0000000000
69677  -32.941  -8.267  -28.062 0.0000000000
69678  -30.603  -8.112  -29.326 0.0000000000
69679  -31.073  -7.846  -29.101 0.0000000000
69680  -30.248  -7.467  -29.552 0.0000000000
69681  -29.798  -6.774  -29.724 0.0000000000
69682  -29.334  -6.986  -29.995 0.0000000000
69683  -28.611  -6.454  -30.324 0.0000000000
69684  -28.952  -7.190  -30.232 0.0000000000
69685  -28.481  -8.291  -30.483 0.0000000000
69686  -28.148  -7.544  -30.715 0.0000000000
69687  -27.704  -7.745  -30.942 0.0000000000
69688  -26.923  -7.126  -31.296 0.0000000000
69689  -27.261  -7.912  -31.144 0.0000000000
69690  -29.929  -10.742  -28.822 0.0000000000
69691  -29.600  -10.182  -29.297 0.0000000000
69692  -29.111  -10.386  -29.454 0.0000000000
69693  -26.812  -9.729  -30.809 0.0000000000
69694  -27.419  -9.563  -30.679 0.0000000000
69695  -26.527  -8.987  -31.124 0.0000000000
69696  -26.307  -8.224  -31.404 0.0000000000
69697  -25.769  -8.346  -31.410 0.0000000000
69698  -25.008  -7.646  -31.623 0.0000000000
69699  -25.269  -8.429  -31.361 0.0000000000
69700  -24.366  -9.370  -30.966 0.0000000000
69701  -24.219  -8.629  -31.162 0.0000000000
69702  -23.758  -8.733  -31.022 0.0000000000
69703  -23.178  -8.058  -31.085 0.0000000000
69704  -23.279  -8.794  -30.841 0.0000000000
69708  -23.161  -17.704  -25.621 0.0000000000
69709  -23.449  -17.511  -25.972 0.0000000000
69710  -22.455  -16.933  -25.991 0.0000000000
69711  -22.010  -16.202  -26.253 0.0000000000
69712  -21.713  -16.441  -26.056 0.0000000000
69713  -22.240  -18.706  -24.729 0.0000000000
69714  -22.382  -18.439  -24.905 0.0000000000
69715  -21.726  -18.092  -25.053 0.0000000000
69716  -20.487  -16.567  -26.064 0.0000000000
69717  -20.856  -16.813  -25.793 0.0000000000
69718  -20.548  -16.097  -26.151 0.0000000000
69719  -20.562  -15.715  -26.262 0.0000000000
69720  -20.146  -15.425  -26.465 0.0000000000
69721  -19.827  -14.776  -26.843 0.0000000000
69722  -19.836  -15.245  -26.798 0.0000000000
69723  -19.983  -15.656  -27.672 0.0000000000
69724  -19.744  -15.144  -27.643 0.0000000000
69725  -20.029  -15.240  -28.124 0.0000000000
69726  -20.109  -14.797  -28.554 0.0000000000
69735  -21.024  -19.379  -26.510 0.0000000000
69736  -21.059  -18.905  -26.888 0.0000000000
69737  -21.334  -19.420  -26.987 0.0000000000
75143  -25.453  -21.365  -23.538 0.0000000000
75145  -25.803  -22.806  -22.211 0.0000000000
75146  -25.249  -22.161  -22.570 0.0000000000
75147  -24.938  -22.347  -22.297 0.0000000000
75148  -24.042  -21.921  -22.407 0.0000000000
75149  -24.717  -22.547  -22.013 0.0000000000
75905  -20.100  -35.407  -14.625 0.0000000000
75906  -19.442  -34.697  -14.604 0.0000000000
75907  -19.619  -34.523  -14.970 0.0000000000
75909  -19.841  -34.326  -15.267 0.0000000000
75910  -20.047  -34.192  -15.596 0.0000000000
75911  -20.537  -35.033  -15.347 0.0000000000
89285  -32.206  -0.848  -15.750 0.0000000000
89286  -32.468  -0.736  -15.979 0.0000000000
89287  -32.602  -1.245  -16.524 0.0000000000
89288  -32.391  -2.726  -17.825 0.0000000000
89289  -32.302  -2.416  -17.166 0.0000000000
89290  -32.619  -2.574  -18.082 0.0000000000
89291  -33.157  -2.003  -19.699 0.0000000000
89292  -32.982  -2.145  -18.610 0.0000000000
89293  -33.165  -1.857  -18.957 0.0000000000
89294  -33.175  -1.640  -18.312 0.0000000000
89295  -33.317  -1.554  -19.299 0.0000000000
89296  -33.462  -1.322  -19.570 0.0000000000
89297  -33.396  -1.429  -20.162 0.0000000000
89298  -33.419  -0.716  -22.781 0.0000000000
89299  -33.507  -0.811  -22.064 0.0000000000
89310  -32.290  -0.852  -24.679 0.0000000000
89311  -32.386  -0.396  -24.998 0.0000000000
89312  -32.076  -0.032  -25.608 0.0000000000
89481  -31.824  -4.951  -19.283 0.0000000000
89491  -33.252  -6.386  -26.594 0.0000000000
89492  -33.739  -6.629  -25.823 0.0000000000
89493  -33.329  -6.228  -25.921 0.0000000000
89494  -33.112  -5.771  -24.547 0.0000000000
89495  -33.327  -6.107  -24.463 0.0000000000
89496  -33.201  -6.109  -23.533 0.0000000000
89497  -33.047  -6.406  -22.463 0.0000000000
89498  -32.996  -6.104  -22.625 0.0000000000
89499  -32.679  -6.059  -21.708 0.0000000000
89500  -32.873  -5.743  -22.839 0.0000000000
89501  -32.500  -4.681  -24.059 0.0000000000
89502  -32.678  -5.099  -23.020 0.0000000000
89503  -32.523  -4.698  -23.229 0.0000000000
89504  -32.576  -4.738  -22.250 0.0000000000
89505  -32.457  -4.329  -23.215 0.0000000000
89506  -32.345  -3.948  -23.370 0.0000000000
89507  -32.213  -3.859  -24.136 0.0000000000
89508  -30.909  -2.557  -26.041 0.0000000000
89509  -31.343  -2.713  -25.476 0.0000000000
89510  -30.766  -1.937  -25.942 0.0000000000
89511  -30.683  -1.328  -25.991 0.0000000000
89512  -30.208  -1.141  -26.310 0.0000000000
89513  -29.135  -2.309  -27.466 0.0000000000
89514  -29.602  -2.347  -27.111 0.0000000000
89515  -28.832  -1.677  -27.264 0.0000000000
89516  -28.220  0.557  -28.157 0.0000000000
89517  -28.633  -0.158  -27.406 0.0000000000
89518  -28.744  0.460  -27.751 0.0000000000
89519  -29.222  0.342  -27.420 0.0000000000
89550  -27.123  -5.137  -30.750 0.0000000000
89551  -26.755  -4.320  -30.550 0.0000000000
89552  -26.402  -4.446  -30.806 0.0000000000
89553  -24.594  -3.367  -31.124 0.0000000000
89554  -24.881  -3.213  -30.864 0.0000000000
89555  -24.297  -2.652  -31.124 0.0000000000
89595  -33.302  -14.824  -25.301 0.0000000000
89596  -32.975  -14.405  -25.717 0.0000000000
89597  -32.535  -14.722  -25.821 0.0000000000
89598  -30.499  -14.604  -27.000 0.0000000000
89599  -30.897  -14.338  -26.931 0.0000000000
89600  -29.987  -14.077  -27.593 0.0000000000
89601  -29.508  -13.500  -28.132 0.0000000000
89602  -29.054  -13.757  -28.275 0.0000000000
89603  -28.577  -15.592  -27.417 0.0000000000
89604  -29.058  -15.354  -27.359 0.0000000000
89605  -28.110  -15.024  -27.953 0.0000000000
89606  -25.953  -13.306  -29.324 0.0000000000
89607  -27.123  -13.849  -28.932 0.0000000000
89608  -26.444  -13.130  -29.393 0.0000000000
89609  -26.962  -12.967  -29.373 0.0000000000
89610  -25.925  -12.432  -29.791 0.0000000000
89611  -25.412  -11.690  -30.140 0.0000000000
89612  -24.855  -11.830  -30.079 0.0000000000
89613  -22.644  -10.427  -29.942 0.0000000000
89614  -23.143  -10.328  -30.237 0.0000000000
89615  -22.488  -9.611  -30.137 0.0000000000
89616  -22.416  -8.896  -30.420 0.0000000000
89617  -21.981  -9.024  -30.160 0.0000000000
89618  -24.467  -16.944  -26.823 0.0000000000
89619  -25.002  -16.837  -27.040 0.0000000000
89620  -23.878  -16.214  -27.082 0.0000000000
89621  -21.893  -13.878  -27.438 0.0000000000
89622  -22.823  -14.592  -27.570 0.0000000000
89623  -22.284  -13.750  -27.729 0.0000000000
89624  -22.677  -13.573  -28.068 0.0000000000
89625  -21.937  -12.908  -27.950 0.0000000000
89626  -19.768  -12.072  -27.763 0.0000000000
89627  -20.186  -12.399  -27.537 0.0000000000
89628  -19.984  -11.560  -27.785 0.0000000000
89629  -20.238  -10.302  -28.416 0.0000000000
89630  -20.402  -10.873  -28.038 0.0000000000
89631  -20.647  -10.700  -28.247 0.0000000000
89632  -21.241  -11.248  -28.276 0.0000000000
89633  -21.008  -10.625  -28.532 0.0000000000
89634  -21.336  -10.521  -28.912 0.0000000000
89635  -20.808  -9.994  -28.998 0.0000000000
89636  -20.786  -8.709  -30.393 0.0000000000
89637  -20.951  -8.933  -30.008 0.0000000000
89638  -21.066  -8.467  -30.491 0.0000000000
89639  -21.359  -8.204  -30.591 0.0000000000
89640  -21.235  -8.085  -31.018 0.0000000000
92022  -23.877  -23.530  -20.977 0.0000000000
92024  -23.640  -23.108  -21.281 0.0000000000
92025  -23.385  -22.699  -21.678 0.0000000000
92026  -22.908  -22.886  -21.503 0.0000000000
92035  -20.111  -31.166  -15.908 0.0000000000
92036  -20.357  -30.826  -15.301 0.0000000000
92037  -20.450  -30.541  -15.611 0.0000000000
92053  -23.045  -33.019  -18.599 0.0000000000
92054  -22.992  -33.372  -18.249 0.0000000000
92055  -22.259  -32.486  -18.679 0.0000000000
92056  -21.503  -31.912  -18.473 0.0000000000
92057  -21.640  -31.616  -18.737 0.0000000000
92060  -22.803  -31.223  -19.953 0.0000000000
92061  -21.070  -29.412  -19.394 0.0000000000
92062  -21.502  -30.220  -19.507 0.0000000000
92063  -20.994  -29.674  -19.087 0.0000000000
92064  -20.856  -29.900  -18.714 0.0000000000
92065  -20.743  -29.171  -18.587 0.0000000000
92066  -20.746  -28.792  -17.965 0.0000000000
92067  -20.801  -28.577  -18.251 0.0000000000
92068  -21.555  -27.238  -18.123 0.0000000000
92069  -21.606  -27.582  -17.831 0.0000000000
92070  -22.282  -27.264  -17.584 0.0000000000
92072  -22.956  -27.027  -17.540 0.0000000000
92074  -22.773  -26.674  -17.993 0.0000000000
92075  -21.797  -26.041  -19.327 0.0000000000
92076  -22.523  -26.050  -18.785 0.0000000000
92077  -22.240  -25.699  -19.238 0.0000000000
92078  -22.817  -25.458  -19.180 0.0000000000
92079  -22.048  -25.386  -19.675 0.0000000000
92080  -21.538  -27.100  -21.617 0.0000000000
92081  -21.215  -26.747  -21.105 0.0000000000
92082  -21.254  -26.449  -21.478 0.0000000000
92083  -21.130  -24.998  -21.497 0.0000000000
92084  -21.143  -25.320  -21.223 0.0000000000
92085  -21.359  -24.827  -20.975 0.0000000000
92086  -21.878  -24.750  -20.423 0.0000000000
92087  -21.639  -24.392  -20.899 0.0000000000
92088  -22.182  -24.092  -20.767 0.0000000000
92089  -21.581  -24.076  -21.265 0.0000000000
92090  -21.164  -23.468  -22.507 0.0000000000
92091  -21.307  -23.367  -22.088 0.0000000000
92092  -21.286  -23.080  -22.480 0.0000000000
92093  -21.495  -22.621  -22.397 0.0000000000
92094  -21.191  -22.690  -22.912 0.0000000000
92095  -21.083  -22.295  -23.119 0.0000000000
92096  -21.115  -22.776  -23.396 0.0000000000
92097  -21.868  -23.715  -24.598 0.0000000000
92098  -21.537  -23.090  -24.389 0.0000000000
92099  -21.979  -23.287  -24.927 0.0000000000
92100  -21.991  -22.851  -25.237 0.0000000000
92101  -22.502  -23.498  -25.422 0.0000000000
92103  -23.312  -25.515  -24.558 0.0000000000
93418  -36.649  -13.310  -23.522 0.0000000000
93419  -36.341  -12.953  -24.059 0.0000000000
93420  -36.006  -12.563  -24.639 0.0000000000
93421  -35.714  -12.175  -25.115 0.0000000000
93422  -35.202  -12.623  -25.313 0.0000000000
93423  -34.383  -12.607  -25.889 0.0000000000
93424  -33.393  -12.545  -26.467 0.0000000000
93425  -32.531  -12.394  -26.987 0.0000000000
93426  -32.908  -12.906  -26.576 0.0000000000
93427  -32.544  -13.220  -26.646 0.0000000000
93428  -32.134  -13.500  -26.685 0.0000000000
93429  -23.134  -20.898  -23.173 0.0000000000
93430  -22.580  -20.337  -23.553 0.0000000000
93431  -22.420  -20.616  -23.383 0.0000000000
93432  -21.765  -20.394  -23.675 0.0000000000
93433  -21.393  -20.296  -24.084 0.0000000000
93434  -21.122  -20.260  -24.518 0.0000000000
93435  -21.210  -20.706  -23.992 0.0000000000
93436  -21.142  -21.085  -23.888 0.0000000000
93437  -21.135  -21.569  -23.974 0.0000000000
97344  -31.940  -3.742  -18.550 0.0000000000
97345  -32.082  -3.491  -18.709 0.0000000000
97346  -32.263  -3.708  -19.460 0.0000000000
97347  -32.497  -3.581  -20.468 0.0000000000
97348  -32.597  -3.343  -21.496 0.0000000000
97349  -32.641  -2.955  -22.560 0.0000000000
97350  -32.545  -3.327  -22.227 0.0000000000
97351  -32.462  -3.254  -22.931 0.0000000000
97352  -32.264  -3.130  -23.539 0.0000000000
97385  -30.733  -6.396  -29.060 0.0000000000
97386  -31.163  -6.183  -28.693 0.0000000000
97387  -30.324  -5.762  -29.112 0.0000000000
97388  -29.928  -5.078  -29.126 0.0000000000
97389  -29.568  -4.403  -28.989 0.0000000000
97390  -29.167  -3.729  -28.815 0.0000000000
97391  -28.705  -3.792  -29.170 0.0000000000
97392  -27.885  -3.177  -29.216 0.0000000000
97393  -26.920  -2.495  -29.186 0.0000000000
97394  -26.107  -1.791  -29.287 0.0000000000
97395  -26.590  -2.599  -29.454 0.0000000000
97396  -26.223  -2.668  -29.758 0.0000000000
97397  -25.849  -2.785  -30.047 0.0000000000
97398  -23.082  -6.799  -31.650 0.0000000000
97399  -23.147  -6.153  -31.938 0.0000000000
97400  -22.861  -6.398  -31.924 0.0000000000
97410  -27.174  -16.993  -27.045 0.0000000000
97411  -25.901  -16.496  -27.401 0.0000000000
97413  -19.568  -13.065  -28.464 0.0000000000
97414  -19.822  -13.065  -28.885 0.0000000000
97895  -22.037  -35.150  -16.261 0.0000000000
97896  -21.381  -34.277  -16.683 0.0000000000
97897  -22.152  -34.863  -16.611 0.0000000000
97898  -22.339  -34.627  -16.943 0.0000000000
97899  -22.532  -34.351  -17.236 0.0000000000
97905  -23.758  -29.267  -22.138 0.0000000000
101705  -34.159  -10.501  -26.880 0.0000000000
101706  -34.696  -10.068  -26.662 0.0000000000
101707  -33.803  -10.051  -27.317 0.0000000000
101708  -33.350  -9.587  -27.636 0.0000000000
101709  -32.908  -9.114  -28.008 0.0000000000
101710  -32.445  -8.627  -28.346 0.0000000000
101711  -31.992  -8.969  -28.526 0.0000000000
101712  -31.028  -8.690  -29.082 0.0000000000
101713  -30.100  -8.361  -29.576 0.0000000000
101714  -29.301  -7.890  -30.082 0.0000000000
101715  -29.678  -8.551  -29.757 0.0000000000
101716  -29.241  -8.765  -29.952 0.0000000000
101717  -28.857  -8.995  -30.119 0.0000000000
101718  -28.892  -11.186  -29.224 0.0000000000
101719  -28.569  -10.602  -29.707 0.0000000000
101720  -28.066  -10.810  -29.851 0.0000000000
101721  -27.211  -10.417  -30.469 0.0000000000
101722  -26.207  -9.840  -30.874 0.0000000000
101723  -25.445  -9.281  -31.124 0.0000000000
101724  -25.646  -9.961  -30.922 0.0000000000
101725  -25.154  -10.052  -30.862 0.0000000000
101726  -24.634  -10.146  -30.766 0.0000000000
101728  -25.130  -18.792  -25.625 0.0000000000
101729  -24.800  -18.992  -25.373 0.0000000000
101730  -23.773  -18.415  -25.404 0.0000000000
101731  -22.957  -17.939  -25.394 0.0000000000
101732  -21.054  -18.179  -25.190 0.0000000000
101733  -21.116  -17.797  -25.278 0.0000000000
101734  -20.736  -17.589  -25.567 0.0000000000
101735  -20.475  -16.957  -25.958 0.0000000000
101736  -20.206  -16.366  -26.387 0.0000000000
101737  -19.955  -15.742  -26.784 0.0000000000
101738  -20.088  -16.264  -26.856 0.0000000000
101739  -20.099  -16.214  -27.310 0.0000000000
101740  -20.276  -16.248  -27.768 0.0000000000
101741  -20.691  -16.365  -28.275 0.0000000000
101742  -20.619  -16.843  -27.846 0.0000000000
101743  -20.898  -17.382  -27.887 0.0000000000
101745  -21.523  -20.463  -26.515 0.0000000000
101746  -21.671  -20.046  -26.971 0.0000000000
101747  -22.000  -20.577  -26.972 0.0000000000
101748  -22.551  -20.721  -27.386 0.0000000000
105447  -19.680  -35.736  -13.984 0.0000000000
105449  -20.718  -36.260  -14.180 0.0000000000
105450  -20.942  -36.082  -14.489 0.0000000000
105451  -21.172  -35.930  -14.854 0.0000000000
113471  -33.768  -0.703  -20.094 0.0000000000
113476  -32.075  -1.568  -15.980 0.0000000000
113477  -32.805  -2.606  -19.852 0.0000000000
113478  -32.809  -2.510  -19.101 0.0000000000
113479  -32.941  -2.364  -20.158 0.0000000000
113480  -33.097  -2.107  -20.428 0.0000000000
113481  -33.178  -1.782  -20.685 0.0000000000
113482  -33.309  -1.468  -20.804 0.0000000000
113483  -33.199  -1.419  -21.577 0.0000000000
113484  -33.226  -1.029  -22.476 0.0000000000
113490  -31.622  -0.252  -25.717 0.0000000000
113491  -31.717  0.266  -26.089 0.0000000000
113492  -31.335  0.550  -26.515 0.0000000000
113594  -34.697  -8.090  -23.176 0.0000000000
113598  -34.031  -7.122  -23.891 0.0000000000
113599  -32.442  -5.541  -26.847 0.0000000000
113600  -33.009  -5.878  -26.143 0.0000000000
113601  -32.638  -5.455  -26.206 0.0000000000
113602  -32.844  -5.399  -25.470 0.0000000000
113603  -32.939  -5.386  -24.725 0.0000000000
113604  -32.883  -5.399  -23.910 0.0000000000
113605  -32.665  -5.038  -24.806 0.0000000000
113606  -32.396  -4.630  -24.858 0.0000000000
113607  -32.148  -4.217  -24.890 0.0000000000
113608  -32.010  -3.775  -24.917 0.0000000000
113609  -31.719  -3.686  -25.572 0.0000000000
113610  -31.135  -3.100  -26.107 0.0000000000
113611  -30.476  -2.437  -26.437 0.0000000000
113612  -27.675  -0.841  -27.907 0.0000000000
113613  -28.156  -0.862  -27.571 0.0000000000
113634  -26.363  -5.454  -31.201 0.0000000000
113635  -26.038  -4.598  -30.991 0.0000000000
113636  -25.663  -4.767  -31.187 0.0000000000
113637  -24.955  -4.125  -31.191 0.0000000000
113638  -24.287  -3.583  -31.363 0.0000000000
113662  -32.105  -15.019  -25.919 0.0000000000
113664  -30.897  -15.125  -26.578 0.0000000000
113665  -30.013  -14.878  -27.133 0.0000000000
113666  -26.477  -14.763  -28.489 0.0000000000
113667  -27.096  -14.613  -28.437 0.0000000000
113668  -25.977  -14.127  -28.907 0.0000000000
113669  -25.328  -13.403  -29.288 0.0000000000
113670  -24.875  -12.691  -29.558 0.0000000000
113671  -24.382  -11.925  -29.923 0.0000000000
113672  -23.814  -11.935  -29.668 0.0000000000
113673  -22.913  -11.191  -29.655 0.0000000000
113674  -22.187  -10.474  -29.621 0.0000000000
113675  -22.555  -15.763  -26.772 0.0000000000
113676  -22.751  -15.497  -27.039 0.0000000000
113677  -21.976  -14.917  -26.983 0.0000000000
113678  -21.685  -14.128  -27.188 0.0000000000
113679  -21.258  -13.306  -27.403 0.0000000000
113680  -19.633  -10.765  -28.537 0.0000000000
113681  -19.788  -10.852  -28.133 0.0000000000
113682  -19.757  -10.366  -28.602 0.0000000000
113683  -19.929  -10.110  -28.794 0.0000000000
113684  -20.217  -9.876  -28.979 0.0000000000
113685  -20.538  -9.629  -29.196 0.0000000000
113686  -20.414  -9.440  -29.575 0.0000000000
113687  -20.582  -9.056  -30.249 0.0000000000
113688  -20.780  -8.696  -30.811 0.0000000000
113690  -20.892  -8.723  -31.238 0.0000000000
115118  -25.005  -24.333  -20.420 0.0000000000
115119  -24.135  -23.937  -20.543 0.0000000000
115120  -23.314  -23.653  -20.762 0.0000000000
115126  -20.271  -30.628  -16.537 0.0000000000
115127  -20.521  -30.319  -15.923 0.0000000000
115128  -20.580  -30.089  -16.225 0.0000000000
115129  -21.043  -29.585  -15.956 0.0000000000
115134  -21.663  -28.403  -16.739 0.0000000000
115139  -23.220  -32.705  -18.973 0.0000000000
115140  -22.380  -30.112  -20.463 0.0000000000
115141  -22.305  -30.481  -20.185 0.0000000000
115142  -21.782  -29.686  -20.188 0.0000000000
115143  -21.290  -29.198  -19.756 0.0000000000
115144  -20.934  -28.706  -19.305 0.0000000000
115145  -20.865  -28.337  -18.717 0.0000000000
115146  -20.910  -28.025  -18.974 0.0000000000
115147  -21.077  -27.477  -18.849 0.0000000000
115148  -21.493  -27.025  -18.621 0.0000000000
115149  -22.058  -26.617  -18.427 0.0000000000
115150  -21.396  -26.717  -19.111 0.0000000000
115151  -21.346  -26.474  -19.485 0.0000000000
115152  -21.259  -26.107  -19.856 0.0000000000
115153  -21.675  -26.476  -22.385 0.0000000000
115154  -21.289  -26.123  -21.875 0.0000000000
115155  -21.354  -25.839  -22.234 0.0000000000
115156  -21.216  -25.236  -22.113 0.0000000000
115157  -21.105  -24.663  -21.939 0.0000000000
115158  -21.196  -24.161  -21.800 0.0000000000
115159  -21.141  -24.352  -22.311 0.0000000000
115160  -21.084  -23.948  -22.651 0.0000000000
115161  -21.165  -23.635  -23.037 0.0000000000
115162  -21.211  -23.314  -23.470 0.0000000000
115163  -21.372  -23.848  -23.591 0.0000000000
115164  -21.761  -24.031  -24.148 0.0000000000
115165  -22.167  -24.258  -24.498 0.0000000000
118142  -36.532  -10.883  -24.237 0.0000000000
118143  -36.048  -10.881  -25.024 0.0000000000
118144  -35.414  -10.929  -25.788 0.0000000000
118145  -35.312  -11.783  -25.555 0.0000000000
118146  -35.008  -11.310  -25.993 0.0000000000
118147  -34.499  -10.970  -26.532 0.0000000000
118148  -33.640  -10.915  -27.090 0.0000000000
118149  -32.673  -10.768  -27.664 0.0000000000
118150  -31.699  -10.563  -28.113 0.0000000000
118151  -30.872  -10.291  -28.588 0.0000000000
118152  -31.176  -10.833  -28.219 0.0000000000
118153  -30.706  -11.079  -28.268 0.0000000000
118154  -30.196  -11.299  -28.448 0.0000000000
118155  -31.645  -12.178  -27.489 0.0000000000
118156  -30.642  -11.865  -28.027 0.0000000000
118157  -29.711  -11.521  -28.658 0.0000000000
118158  -29.312  -11.791  -28.755 0.0000000000
118159  -28.832  -12.031  -28.967 0.0000000000
118160  -28.415  -12.281  -29.095 0.0000000000
118161  -24.336  -20.167  -24.233 0.0000000000
118162  -23.819  -19.512  -24.502 0.0000000000
118163  -23.427  -19.666  -24.249 0.0000000000
118164  -22.769  -19.330  -24.350 0.0000000000
118165  -22.111  -19.038  -24.533 0.0000000000
118166  -22.207  -19.813  -24.009 0.0000000000
118167  -21.798  -19.294  -24.431 0.0000000000
118168  -21.462  -18.768  -24.803 0.0000000000
118169  -20.982  -18.577  -25.198 0.0000000000
118170  -20.698  -18.431  -25.540 0.0000000000
118171  -20.545  -18.356  -25.882 0.0000000000
118172  -20.624  -18.390  -26.354 0.0000000000
118173  -20.684  -18.897  -25.961 0.0000000000
118174  -20.801  -19.352  -26.028 0.0000000000
118175  -20.989  -19.873  -26.092 0.0000000000
118176  -20.965  -20.259  -25.014 0.0000000000
118177  -20.966  -20.297  -25.569 0.0000000000
118178  -21.179  -20.366  -26.042 0.0000000000
118179  -21.389  -20.865  -25.924 0.0000000000
118180  -21.768  -21.415  -26.022 0.0000000000
118181  -22.003  -21.985  -25.942 0.0000000000
127293  -32.600  0.668  -15.657 0.0000000000
127294  -32.823  0.041  -16.140 0.0000000000
127295  -32.994  -0.491  -16.582 0.0000000000
127297  -31.630  -2.191  -16.104 0.0000000000
127298  -31.710  -2.591  -16.700 0.0000000000
127299  -32.085  -2.830  -17.555 0.0000000000
127300  -32.412  -2.914  -18.550 0.0000000000
127301  -32.254  -3.275  -18.973 0.0000000000
127302  -32.460  -3.062  -19.263 0.0000000000
127303  -32.648  -2.846  -19.547 0.0000000000
127304  -32.800  -2.686  -20.543 0.0000000000
127305  -32.861  -2.417  -21.540 0.0000000000
127306  -32.817  -1.960  -22.485 0.0000000000
127307  -32.749  -1.411  -23.337 0.0000000000
127308  -32.688  -1.819  -23.130 0.0000000000
127309  -32.514  -1.613  -23.764 0.0000000000
127310  -32.253  -1.330  -24.425 0.0000000000
127311  -32.462  -2.386  -23.386 0.0000000000
127312  -32.258  -1.742  -24.220 0.0000000000
127313  -31.924  -1.066  -24.924 0.0000000000
127314  -31.543  -0.774  -25.392 0.0000000000
127315  -31.118  -0.462  -25.852 0.0000000000
127316  -30.725  -0.251  -26.175 0.0000000000
127391  -34.021  -7.308  -26.790 0.0000000000
127392  -34.095  -7.073  -26.226 0.0000000000
127393  -33.543  -6.937  -27.080 0.0000000000
127394  -33.069  -6.553  -27.189 0.0000000000
127395  -32.648  -6.126  -27.277 0.0000000000
127396  -31.539  -5.971  -28.344 0.0000000000
127397  -31.898  -5.815  -27.887 0.0000000000
127398  -32.229  -5.666  -27.379 0.0000000000
127399  -31.824  -5.171  -27.457 0.0000000000
127400  -31.441  -4.659  -27.396 0.0000000000
127401  -31.059  -4.126  -27.332 0.0000000000
127402  -30.705  -3.583  -27.214 0.0000000000
127403  -30.351  -3.598  -27.589 0.0000000000
127404  -29.574  -2.983  -27.745 0.0000000000
127405  -28.715  -2.305  -27.803 0.0000000000
127406  -28.743  -3.050  -28.507 0.0000000000
127407  -28.269  -2.360  -28.218 0.0000000000
127408  -27.882  -1.592  -27.956 0.0000000000
127409  -27.203  -0.818  -28.267 0.0000000000
127416  -25.528  -1.228  -29.539 0.0000000000
127422  -24.702  -6.104  -31.730 0.0000000000
127423  -24.560  -5.355  -31.667 0.0000000000
127424  -24.130  -5.573  -31.767 0.0000000000
127425  -23.770  -5.015  -31.929 0.0000000000
127445  -30.085  -16.511  -26.380 0.0000000000
127446  -29.078  -16.178  -26.962 0.0000000000
127447  -28.092  -15.803  -27.472 0.0000000000
127448  -28.069  -16.657  -27.111 0.0000000000
127449  -27.486  -16.020  -27.612 0.0000000000
127450  -27.023  -15.322  -27.954 0.0000000000
127451  -25.858  -14.872  -28.419 0.0000000000
127452  -24.811  -14.302  -28.645 0.0000000000
127453  -23.684  -13.594  -28.624 0.0000000000
127454  -19.959  -13.838  -26.982 0.0000000000
127455  -20.203  -13.473  -27.138 0.0000000000
127456  -19.851  -13.206  -27.356 0.0000000000
127457  -19.691  -12.574  -27.684 0.0000000000
127458  -19.569  -11.824  -28.061 0.0000000000
127459  -19.535  -12.386  -28.457 0.0000000000
127460  -19.492  -11.816  -28.530 0.0000000000
127461  -19.543  -11.233  -28.523 0.0000000000
127462  -19.615  -10.811  -29.007 0.0000000000
128579  -19.679  -32.422  -15.498 0.0000000000
128581  -19.825  -32.172  -15.800 0.0000000000
128582  -20.020  -31.951  -16.105 0.0000000000
128583  -20.150  -31.651  -16.446 0.0000000000
128584  -20.821  -33.282  -16.879 0.0000000000
128585  -20.393  -32.248  -16.887 0.0000000000
128586  -20.236  -31.416  -16.731 0.0000000000
128587  -20.344  -31.114  -17.092 0.0000000000
128588  -20.432  -30.865  -17.380 0.0000000000
128589  -20.526  -30.650  -17.696 0.0000000000
128597  -23.167  -30.603  -20.623 0.0000000000
128598  -22.600  -29.848  -20.842 0.0000000000
128599  -22.044  -29.169  -20.912 0.0000000000
128600  -21.642  -28.348  -20.907 0.0000000000
128601  -21.330  -27.689  -20.778 0.0000000000
128602  -21.711  -28.034  -21.222 0.0000000000
128603  -21.918  -27.788  -21.625 0.0000000000
128604  -22.030  -27.493  -22.076 0.0000000000
128605  -23.170  -28.554  -22.365 0.0000000000
128606  -22.618  -27.808  -22.478 0.0000000000
128607  -22.000  -27.081  -22.315 0.0000000000
128608  -22.254  -26.815  -22.822 0.0000000000
128609  -22.221  -26.384  -23.065 0.0000000000
128610  -22.520  -26.083  -23.553 0.0000000000
128611  -22.498  -25.675  -23.859 0.0000000000
128612  -23.199  -26.345  -23.904 0.0000000000
136559  -31.586  -3.614  -17.643 0.0000000000
136561  -31.950  -4.190  -18.998 0.0000000000
136562  -32.075  -4.369  -19.670 0.0000000000
136629  -35.096  -7.996  -24.803 0.0000000000
136630  -34.806  -7.829  -25.763 0.0000000000
136631  -36.338  -10.102  -24.324 0.0000000000
136632  -36.028  -9.694  -24.777 0.0000000000
136634  -35.053  -9.631  -26.360 0.0000000000
136635  -35.290  -9.216  -26.028 0.0000000000
136636  -35.432  -8.860  -25.575 0.0000000000
136637  -35.119  -8.461  -25.875 0.0000000000
136638  -34.722  -8.121  -26.311 0.0000000000
136639  -34.370  -7.710  -26.569 0.0000000000
136640  -33.727  -7.602  -27.312 0.0000000000
136641  -32.890  -7.478  -27.997 0.0000000000
136642  -32.048  -7.280  -28.553 0.0000000000
136643  -32.088  -8.120  -28.580 0.0000000000
136644  -31.558  -7.563  -28.855 0.0000000000
136645  -31.143  -7.004  -28.985 0.0000000000
136646  -30.304  -6.602  -29.386 0.0000000000
136647  -29.449  -6.122  -29.792 0.0000000000
136648  -28.637  -5.521  -30.106 0.0000000000
136649  -27.935  -4.887  -30.284 0.0000000000
136650  -28.276  -5.681  -30.346 0.0000000000
136651  -27.905  -5.822  -30.595 0.0000000000
136652  -27.483  -5.953  -30.840 0.0000000000
136653  -28.507  -7.370  -30.517 0.0000000000
136654  -27.810  -6.807  -30.839 0.0000000000
136655  -27.070  -6.108  -31.083 0.0000000000
136656  -26.691  -6.325  -31.281 0.0000000000
136657  -26.206  -6.455  -31.472 0.0000000000
136658  -25.750  -6.591  -31.616 0.0000000000
136659  -30.027  -9.954  -29.164 0.0000000000
136660  -29.220  -9.571  -29.746 0.0000000000
136661  -28.474  -9.197  -30.339 0.0000000000
136662  -28.270  -10.010  -30.117 0.0000000000
136663  -27.946  -9.360  -30.534 0.0000000000
136664  -27.571  -8.648  -30.870 0.0000000000
136665  -26.827  -8.089  -31.319 0.0000000000
136666  -26.054  -7.427  -31.567 0.0000000000
136667  -25.308  -6.745  -31.691 0.0000000000
136668  -24.852  -6.871  -31.721 0.0000000000
136669  -24.369  -7.011  -31.710 0.0000000000
136670  -23.929  -7.175  -31.657 0.0000000000
136671  -24.698  -8.540  -31.270 0.0000000000
136672  -24.057  -7.897  -31.370 0.0000000000
136673  -23.528  -7.315  -31.533 0.0000000000
136674  -23.152  -7.444  -31.358 0.0000000000
136675  -22.802  -7.583  -31.187 0.0000000000
136676  -22.443  -7.705  -31.089 0.0000000000
136681  -24.137  -17.115  -26.502 0.0000000000
136683  -23.705  -17.297  -26.262 0.0000000000
136684  -23.133  -16.511  -26.504 0.0000000000
136685  -22.200  -15.916  -26.495 0.0000000000
136686  -21.423  -15.410  -26.492 0.0000000000
136687  -20.783  -14.961  -26.574 0.0000000000
136688  -23.100  -18.818  -24.825 0.0000000000
136689  -22.561  -18.164  -25.131 0.0000000000
136690  -22.120  -17.493  -25.439 0.0000000000
136691  -21.271  -17.420  -25.426 0.0000000000
136692  -21.372  -17.095  -25.576 0.0000000000
136693  -21.582  -16.783  -25.802 0.0000000000
136694  -21.067  -16.032  -26.125 0.0000000000
136695  -20.629  -15.302  -26.371 0.0000000000
136696  -20.287  -14.579  -26.692 0.0000000000
136697  -19.921  -14.275  -26.915 0.0000000000
136698  -19.661  -14.139  -27.220 0.0000000000
136699  -19.513  -14.098  -27.640 0.0000000000
136700  -19.699  -15.144  -27.179 0.0000000000
136701  -19.628  -14.590  -27.591 0.0000000000
136702  -19.601  -14.100  -27.987 0.0000000000
136716  -20.892  -18.433  -26.925 0.0000000000
136717  -21.209  -18.460  -27.466 0.0000000000
136719  -21.772  -19.517  -27.461 0.0000000000
143287  -34.816  -14.178  -24.586 0.0000000000
143288  -34.075  -14.143  -25.118 0.0000000000
143289  -34.441  -14.558  -24.642 0.0000000000
143290  -34.030  -14.883  -24.728 0.0000000000
143361  -24.895  -20.700  -23.841 0.0000000000
143362  -24.466  -20.881  -23.627 0.0000000000
143363  -24.172  -21.033  -23.303 0.0000000000
143365  -24.696  -21.607  -22.966 0.0000000000
143366  -23.918  -21.245  -23.026 0.0000000000
143367  -23.589  -21.393  -22.715 0.0000000000
143368  -23.213  -21.579  -22.545 0.0000000000
143369  -22.963  -21.845  -22.340 0.0000000000
144293  -19.237  -34.885  -14.259 0.0000000000
144298  -19.467  -32.628  -15.190 0.0000000000
144299  -19.709  -33.275  -15.629 0.0000000000
144300  -20.195  -33.985  -15.948 0.0000000000
144301  -20.959  -34.728  -16.036 0.0000000000
144302  -21.374  -35.736  -15.195 0.0000000000
144303  -21.624  -35.553  -15.548 0.0000000000
144304  -21.860  -35.398  -15.926 0.0000000000
144305  -22.790  -35.899  -15.696 0.0000000000
160390  -31.668  0.306  -14.779 0.0000000000
160391  -31.921  0.382  -15.000 0.0000000000
160392  -32.318  -0.144  -15.564 0.0000000000
160393  -32.744  -0.622  -16.257 0.0000000000
160394  -33.123  -0.951  -17.060 0.0000000000
160395  -31.909  -2.139  -16.362 0.0000000000
160396  -32.198  -2.036  -16.554 0.0000000000
160397  -32.473  -1.929  -16.794 0.0000000000
160398  -32.806  -2.364  -18.372 0.0000000000
160399  -32.792  -2.157  -17.676 0.0000000000
160400  -32.708  -1.717  -17.102 0.0000000000
160401  -32.985  -1.571  -17.382 0.0000000000
160402  -33.172  -1.358  -17.707 0.0000000000
160404  -33.507  -1.152  -18.861 0.0000000000
160405  -33.610  -1.025  -19.790 0.0000000000
160406  -33.711  -0.805  -20.679 0.0000000000
160407  -33.447  -1.173  -21.106 0.0000000000
160408  -33.602  -0.850  -21.380 0.0000000000
160422  -32.649  -0.747  -24.321 0.0000000000
160423  -32.531  -0.055  -25.309 0.0000000000
160627  -31.939  -4.683  -19.563 0.0000000000
160628  -32.226  -4.546  -20.452 0.0000000000
160638  -34.093  -6.936  -25.615 0.0000000000
160639  -34.009  -6.846  -24.960 0.0000000000
160640  -33.806  -6.775  -24.211 0.0000000000
160641  -33.359  -6.147  -25.283 0.0000000000
160642  -33.563  -6.467  -24.372 0.0000000000
160643  -33.564  -6.770  -23.287 0.0000000000
160649  -32.402  -5.681  -21.056 0.0000000000
160650  -32.794  -5.409  -22.990 0.0000000000
160651  -32.643  -5.402  -22.089 0.0000000000
160652  -32.401  -5.332  -21.159 0.0000000000
160653  -32.361  -4.998  -21.197 0.0000000000
160654  -32.369  -4.666  -21.262 0.0000000000
160655  -32.484  -4.382  -21.508 0.0000000000
160656  -32.409  -4.004  -22.494 0.0000000000
160657  -32.301  -3.580  -23.434 0.0000000000
160658  -31.995  -2.998  -24.223 0.0000000000
160659  -31.845  -3.341  -24.891 0.0000000000
160660  -31.685  -2.868  -24.871 0.0000000000
160661  -31.642  -2.335  -24.933 0.0000000000
160662  -31.143  -1.560  -25.560 0.0000000000
160663  -30.648  -0.764  -26.050 0.0000000000
160664  -30.213  0.012  -26.615 0.0000000000
160665  -30.334  -2.979  -27.015 0.0000000000
160666  -30.052  -2.386  -26.765 0.0000000000
160667  -29.853  -1.730  -26.626 0.0000000000
160668  -28.670  -0.869  -27.259 0.0000000000
160669  -29.166  -0.929  -26.923 0.0000000000
160670  -29.687  -0.989  -26.628 0.0000000000
160671  -29.659  -0.363  -26.751 0.0000000000
160672  -29.703  0.220  -27.043 0.0000000000
160673  -29.891  0.767  -27.352 0.0000000000
160710  -27.134  -4.190  -30.314 0.0000000000
160711  -26.288  -3.546  -30.280 0.0000000000
160712  -25.502  -2.931  -30.329 0.0000000000
160713  -25.586  -3.788  -30.773 0.0000000000
160714  -25.188  -3.086  -30.588 0.0000000000
160715  -24.806  -2.303  -30.480 0.0000000000
160716  -24.345  -1.810  -30.941 0.0000000000
160717  -24.116  -1.355  -31.558 0.0000000000
160719  -24.329  -4.602  -31.578 0.0000000000
160764  -33.380  -14.081  -25.655 0.0000000000
160765  -32.611  -13.993  -26.146 0.0000000000
160766  -31.777  -13.801  -26.734 0.0000000000
160767  -31.704  -14.543  -26.335 0.0000000000
160768  -31.329  -14.091  -26.820 0.0000000000
160769  -30.857  -13.540  -27.386 0.0000000000
160770  -30.007  -13.265  -27.973 0.0000000000
160771  -28.965  -12.897  -28.623 0.0000000000
160772  -27.912  -12.511  -29.239 0.0000000000
160773  -29.975  -15.675  -26.783 0.0000000000
160774  -29.516  -15.113  -27.284 0.0000000000
160775  -29.099  -14.567  -27.708 0.0000000000
160776  -27.568  -14.417  -28.464 0.0000000000
160777  -28.092  -14.223  -28.411 0.0000000000
160778  -28.603  -14.004  -28.337 0.0000000000
160779  -28.007  -13.369  -28.882 0.0000000000
160780  -27.478  -12.761  -29.325 0.0000000000
160781  -26.994  -12.091  -29.759 0.0000000000
160782  -25.980  -11.548  -30.253 0.0000000000
160783  -24.998  -10.922  -30.533 0.0000000000
160784  -24.074  -10.229  -30.642 0.0000000000
160785  -23.918  -11.131  -30.235 0.0000000000
160786  -23.599  -10.265  -30.474 0.0000000000
160787  -23.457  -9.517  -30.634 0.0000000000
160788  -22.841  -8.824  -30.645 0.0000000000
160789  -22.365  -8.288  -30.682 0.0000000000
160790  -22.030  -7.880  -30.874 0.0000000000
160791  -26.002  -17.370  -26.924 0.0000000000
160792  -25.370  -16.651  -27.266 0.0000000000
160793  -24.816  -15.914  -27.558 0.0000000000
160794  -23.274  -15.406  -27.323 0.0000000000
160795  -23.777  -15.288  -27.619 0.0000000000
160796  -24.299  -15.178  -27.912 0.0000000000
160797  -23.606  -14.313  -28.141 0.0000000000
160798  -23.190  -13.617  -28.356 0.0000000000
160799  -22.707  -12.759  -28.506 0.0000000000
160800  -20.418  -13.095  -27.253 0.0000000000
160801  -20.669  -12.795  -27.459 0.0000000000
160802  -20.882  -12.471  -27.622 0.0000000000
160803  -20.143  -11.159  -27.904 0.0000000000
160804  -20.578  -11.622  -27.786 0.0000000000
160805  -21.194  -12.200  -27.856 0.0000000000
160806  -21.492  -12.059  -28.088 0.0000000000
160807  -21.969  -12.019  -28.392 0.0000000000
160808  -22.354  -11.966  -28.719 0.0000000000
160809  -22.063  -11.238  -28.969 0.0000000000
160810  -21.721  -10.465  -29.288 0.0000000000
160811  -21.569  -9.768  -29.587 0.0000000000
160812  -20.884  -9.457  -29.448 0.0000000000
160813  -21.175  -9.288  -29.708 0.0000000000
160814  -21.566  -9.139  -29.927 0.0000000000
160815  -21.593  -8.552  -30.302 0.0000000000
160816  -21.651  -8.006  -30.694 0.0000000000
160817  -21.817  -7.588  -31.228 0.0000000000
163677  -24.709  -22.860  -21.668 0.0000000000
163678  -23.930  -22.514  -21.779 0.0000000000
163679  -23.115  -22.245  -21.985 0.0000000000
163680  -22.335  -22.033  -22.260 0.0000000000
163710  -22.644  -34.040  -17.594 0.0000000000
163712  -22.799  -33.705  -17.937 0.0000000000
163713  -22.009  -33.165  -17.984 0.0000000000
163714  -21.331  -32.150  -18.173 0.0000000000
163715  -20.903  -31.257  -18.108 0.0000000000
163716  -20.631  -30.391  -18.015 0.0000000000
163719  -22.510  -31.877  -19.306 0.0000000000
163720  -22.092  -30.725  -19.811 0.0000000000
163721  -21.878  -31.001  -19.460 0.0000000000
163722  -21.788  -31.277  -19.122 0.0000000000
163723  -21.138  -30.699  -18.770 0.0000000000
163724  -20.726  -30.137  -18.376 0.0000000000
163725  -20.568  -29.674  -17.820 0.0000000000
163726  -20.746  -29.063  -17.602 0.0000000000
163727  -21.078  -28.508  -17.316 0.0000000000
163728  -21.622  -28.123  -17.096 0.0000000000
163729  -21.100  -27.977  -18.006 0.0000000000
163730  -21.601  -27.877  -17.513 0.0000000000
163738  -22.701  -26.412  -18.346 0.0000000000
163739  -23.360  -26.194  -18.303 0.0000000000
163743  -23.356  -24.860  -19.519 0.0000000000
163744  -21.147  -27.016  -20.658 0.0000000000
163745  -21.115  -26.437  -20.538 0.0000000000
163746  -21.303  -25.882  -20.337 0.0000000000
163747  -21.178  -25.881  -21.365 0.0000000000
163748  -21.205  -25.635  -20.797 0.0000000000
163749  -21.510  -25.428  -20.187 0.0000000000
163750  -21.951  -25.071  -20.040 0.0000000000
163751  -22.513  -24.750  -19.965 0.0000000000
163752  -23.096  -24.554  -19.988 0.0000000000
163753  -22.955  -24.200  -20.352 0.0000000000
163754  -22.686  -23.808  -20.752 0.0000000000
163755  -22.468  -23.445  -21.126 0.0000000000
163756  -21.491  -23.739  -21.652 0.0000000000
163757  -21.783  -23.346  -21.573 0.0000000000
163758  -22.254  -23.070  -21.548 0.0000000000
163759  -22.173  -22.711  -21.861 0.0000000000
163760  -21.823  -22.311  -22.336 0.0000000000
163761  -21.672  -21.890  -22.650 0.0000000000
163762  -21.369  -21.902  -23.036 0.0000000000
163763  -21.178  -21.960  -23.538 0.0000000000
163764  -21.116  -22.022  -24.062 0.0000000000
163765  -21.218  -22.906  -23.864 0.0000000000
163766  -21.271  -22.551  -24.268 0.0000000000
163767  -21.276  -22.128  -24.567 0.0000000000
163768  -21.624  -22.281  -25.106 0.0000000000
163769  -22.129  -22.468  -25.695 0.0000000000
163770  -22.547  -22.629  -26.082 0.0000000000
163771  -22.718  -25.315  -24.245 0.0000000000
163772  -22.784  -24.898  -24.641 0.0000000000
163773  -22.772  -24.476  -24.924 0.0000000000
163776  -23.037  -24.116  -25.397 0.0000000000
163777  -23.076  -23.673  -25.802 0.0000000000
163778  -23.055  -23.195  -26.063 0.0000000000
