#!ascii label  , from subject fsaverage vox2ras=TkReg
1645
35  -4.069  -33.382  30.507 0.0000000000
143  -5.391  -50.547  18.788 0.0000000000
321  -4.994  -42.763  26.862 0.0000000000
584  -9.322  -43.885  30.916 0.0000000000
585  -9.494  -52.721  24.421 0.0000000000
797  -5.801  -28.262  30.487 0.0000000000
798  -8.566  -28.243  29.428 0.0000000000
799  -8.028  -33.892  29.459 0.0000000000
800  -8.707  -38.931  27.427 0.0000000000
801  -4.354  -38.119  28.673 0.0000000000
1298  -8.488  -49.155  29.338 0.0000000000
1299  -11.520  -54.045  26.622 0.0000000000
1301  -6.000  -63.435  20.720 0.0000000000
1322  -7.693  -47.456  20.380 0.0000000000
1730  -8.713  -43.504  24.485 0.0000000000
1731  -4.705  -46.965  23.496 0.0000000000
1956  -4.400  -29.158  33.369 0.0000000000
2380  -5.532  -29.979  38.416 0.0000000000
2381  -5.516  -33.081  35.553 0.0000000000
2390  -5.168  -38.773  32.169 0.0000000000
2391  -4.948  -44.272  30.761 0.0000000000
2392  -4.657  -49.416  27.735 0.0000000000
2393  -6.997  -51.648  22.252 0.0000000000
2394  -6.799  -59.312  23.639 0.0000000000
2395  -6.298  -58.231  20.406 0.0000000000
2717  -4.738  -30.781  30.073 0.0000000000
2718  -7.270  -31.003  30.196 0.0000000000
2719  -5.622  -33.562  29.355 0.0000000000
2720  -6.098  -36.003  28.718 0.0000000000
2721  -4.095  -35.656  29.402 0.0000000000
3218  -11.931  -51.691  28.467 0.0000000000
3242  -5.074  -48.355  19.096 0.0000000000
3842  -6.945  -40.771  26.883 0.0000000000
3843  -8.831  -41.245  26.048 0.0000000000
3844  -7.090  -43.054  25.550 0.0000000000
3845  -6.780  -45.104  23.887 0.0000000000
3846  -5.046  -45.169  25.422 0.0000000000
4295  -4.085  -26.618  32.734 0.0000000000
4296  -4.776  -27.458  35.013 0.0000000000
5308  -4.967  -31.520  37.309 0.0000000000
5309  -4.969  -33.531  38.075 0.0000000000
5328  -11.630  -43.287  31.363 0.0000000000
5330  -9.228  -40.559  32.268 0.0000000000
5331  -7.198  -37.832  32.875 0.0000000000
5332  -7.158  -41.495  32.091 0.0000000000
5333  -5.103  -41.490  31.631 0.0000000000
5334  -7.039  -44.263  30.988 0.0000000000
5335  -8.733  -51.212  27.175 0.0000000000
5336  -6.133  -49.628  29.088 0.0000000000
5337  -6.621  -51.336  26.323 0.0000000000
5338  -5.099  -50.883  24.948 0.0000000000
5339  -8.194  -52.167  23.537 0.0000000000
5342  -4.605  -62.089  23.705 0.0000000000
5343  -6.089  -62.615  19.224 0.0000000000
5344  -4.229  -61.383  20.368 0.0000000000
5345  -4.340  -60.876  18.445 0.0000000000
5346  -6.136  -57.653  18.753 0.0000000000
5347  -4.478  -60.244  16.626 0.0000000000
6043  -6.627  -25.486  30.927 0.0000000000
6044  -8.169  -25.315  30.321 0.0000000000
6045  -8.011  -28.162  30.450 0.0000000000
6046  -8.731  -31.106  29.663 0.0000000000
6047  -8.920  -34.216  28.599 0.0000000000
6048  -8.985  -36.753  27.496 0.0000000000
6049  -8.405  -36.475  28.555 0.0000000000
6050  -6.549  -38.463  27.848 0.0000000000
6051  -4.744  -40.503  27.871 0.0000000000
6943  -11.313  -46.261  30.017 0.0000000000
6944  -9.021  -46.529  30.033 0.0000000000
6945  -10.754  -48.902  29.283 0.0000000000
6946  -10.435  -51.404  27.769 0.0000000000
6947  -10.637  -53.414  25.389 0.0000000000
6949  -5.786  -64.383  22.009 0.0000000000
7876  -8.937  -39.137  26.142 0.0000000000
7877  -8.873  -41.475  24.631 0.0000000000
7878  -8.612  -43.640  22.933 0.0000000000
7879  -8.387  -45.610  22.631 0.0000000000
7880  -6.068  -46.847  21.763 0.0000000000
7881  -4.388  -48.640  21.143 0.0000000000
8464  -4.603  -25.975  31.078 0.0000000000
8465  -4.104  -28.677  31.154 0.0000000000
8466  -4.137  -31.137  31.801 0.0000000000
9698  -5.447  -27.946  37.464 0.0000000000
9699  -5.052  -29.504  36.130 0.0000000000
9700  -5.040  -31.175  34.622 0.0000000000
9701  -4.868  -33.228  32.794 0.0000000000
9725  -6.285  -35.575  37.637 0.0000000000
9726  -6.548  -34.940  35.319 0.0000000000
9727  -5.593  -35.457  33.088 0.0000000000
9728  -4.222  -36.081  31.424 0.0000000000
9729  -4.112  -38.503  30.562 0.0000000000
9730  -4.178  -41.082  29.822 0.0000000000
9731  -4.356  -43.567  28.881 0.0000000000
9732  -6.703  -46.965  30.213 0.0000000000
9733  -4.902  -47.083  29.555 0.0000000000
9734  -4.591  -46.208  27.445 0.0000000000
9735  -4.507  -48.295  25.490 0.0000000000
9736  -4.459  -49.966  23.014 0.0000000000
9737  -6.091  -51.120  20.541 0.0000000000
9738  -10.143  -57.227  26.611 0.0000000000
9739  -9.817  -56.759  25.064 0.0000000000
9740  -9.611  -56.322  23.517 0.0000000000
9741  -4.336  -61.671  22.108 0.0000000000
9742  -6.501  -58.897  21.977 0.0000000000
9743  -9.282  -55.630  22.185 0.0000000000
9744  -8.740  -54.785  20.824 0.0000000000
9745  -8.343  -54.113  19.289 0.0000000000
9746  -7.768  -53.558  17.708 0.0000000000
10397  -4.280  -32.055  30.204 0.0000000000
10398  -5.262  -32.161  29.747 0.0000000000
10399  -4.517  -33.438  29.613 0.0000000000
10400  -4.657  -34.584  29.199 0.0000000000
10401  -4.053  -34.490  29.884 0.0000000000
10922  -4.741  -49.405  18.799 0.0000000000
11515  -8.452  -32.858  27.936 0.0000000000
11522  -5.826  -41.679  26.655 0.0000000000
11523  -7.058  -41.918  26.279 0.0000000000
11524  -5.879  -42.857  26.067 0.0000000000
11525  -5.895  -43.933  25.372 0.0000000000
11526  -5.088  -44.035  26.220 0.0000000000
12988  -4.846  -32.735  39.032 0.0000000000
12989  -4.837  -33.847  39.327 0.0000000000
13008  -10.481  -43.575  31.091 0.0000000000
13009  -10.392  -42.002  31.796 0.0000000000
13010  -9.261  -42.392  31.652 0.0000000000
13011  -8.184  -41.021  32.190 0.0000000000
13012  -8.173  -42.851  31.518 0.0000000000
13013  -7.073  -42.901  31.492 0.0000000000
13014  -8.210  -44.108  30.964 0.0000000000
13015  -9.045  -51.853  25.745 0.0000000000
13016  -7.653  -51.227  26.824 0.0000000000
13017  -8.144  -51.781  25.333 0.0000000000
13018  -7.304  -51.697  24.852 0.0000000000
13019  -8.844  -52.408  24.044 0.0000000000
13022  -4.496  -63.625  23.478 0.0000000000
13024  -4.834  -62.151  18.569 0.0000000000
13025  -4.951  -61.687  17.737 0.0000000000
13026  -4.402  -60.546  17.537 0.0000000000
13912  -6.274  -26.801  30.748 0.0000000000
13913  -7.418  -26.805  30.729 0.0000000000
13914  -7.074  -28.200  30.592 0.0000000000
13915  -7.757  -32.387  29.897 0.0000000000
13916  -8.210  -31.093  30.051 0.0000000000
13917  -8.550  -32.510  29.653 0.0000000000
13918  -8.918  -32.612  29.189 0.0000000000
13919  -8.696  -34.061  29.116 0.0000000000
13920  -8.786  -35.339  28.634 0.0000000000
13921  -8.213  -35.203  29.031 0.0000000000
13922  -4.999  -37.025  28.484 0.0000000000
13923  -6.307  -37.268  28.302 0.0000000000
13924  -5.242  -38.263  28.055 0.0000000000
13925  -5.479  -39.423  27.668 0.0000000000
13926  -4.565  -39.344  28.282 0.0000000000
15412  -12.139  -47.540  29.664 0.0000000000
15413  -11.056  -47.558  29.618 0.0000000000
15414  -11.819  -48.922  29.291 0.0000000000
15415  -11.722  -52.901  27.577 0.0000000000
15416  -11.211  -51.539  28.088 0.0000000000
15417  -11.218  -52.570  27.059 0.0000000000
15418  -10.616  -52.338  26.567 0.0000000000
15419  -11.144  -53.611  26.008 0.0000000000
15487  -8.392  -46.606  20.722 0.0000000000
15489  -8.157  -47.525  19.466 0.0000000000
17287  -8.987  -37.902  27.478 0.0000000000
17288  -8.974  -37.943  26.837 0.0000000000
17289  -9.080  -39.032  26.889 0.0000000000
17290  -8.774  -42.382  25.306 0.0000000000
17291  -9.071  -41.435  25.380 0.0000000000
17292  -9.015  -42.538  24.576 0.0000000000
17293  -8.789  -42.612  23.814 0.0000000000
17294  -8.922  -43.611  23.754 0.0000000000
17295  -8.774  -44.640  22.867 0.0000000000
17296  -8.587  -44.573  23.613 0.0000000000
17297  -5.562  -45.884  23.626 0.0000000000
17298  -6.490  -46.008  22.839 0.0000000000
17299  -5.188  -46.729  22.456 0.0000000000
17300  -4.901  -47.525  21.341 0.0000000000
17301  -4.483  -47.788  22.357 0.0000000000
18647  -4.216  -27.961  33.030 0.0000000000
18648  -4.004  -27.638  31.947 0.0000000000
18649  -4.089  -28.886  32.209 0.0000000000
18650  -4.015  -29.964  31.426 0.0000000000
18651  -4.219  -30.143  32.530 0.0000000000
21681  -5.890  -28.276  38.500 0.0000000000
21682  -5.505  -28.987  37.891 0.0000000000
21683  -5.221  -28.738  36.754 0.0000000000
21684  -5.201  -29.714  37.411 0.0000000000
21685  -5.074  -32.315  36.538 0.0000000000
21686  -5.021  -31.310  36.061 0.0000000000
21687  -5.307  -32.132  35.207 0.0000000000
21688  -5.102  -32.068  33.682 0.0000000000
21689  -5.454  -33.030  34.205 0.0000000000
21746  -9.743  -38.471  33.675 0.0000000000
21750  -7.656  -35.958  35.991 0.0000000000
21751  -6.496  -35.104  36.531 0.0000000000
21752  -7.517  -35.809  34.835 0.0000000000
21753  -6.171  -38.393  32.544 0.0000000000
21754  -6.271  -36.642  33.024 0.0000000000
21755  -5.349  -37.058  32.544 0.0000000000
21756  -4.778  -35.831  32.316 0.0000000000
21757  -4.543  -37.357  31.814 0.0000000000
21758  -4.117  -37.239  30.926 0.0000000000
21759  -4.432  -38.660  31.541 0.0000000000
21760  -5.012  -42.843  31.223 0.0000000000
21761  -4.430  -41.347  30.873 0.0000000000
21762  -4.394  -42.680  30.503 0.0000000000
21763  -4.245  -42.333  29.424 0.0000000000
21764  -4.420  -44.011  29.960 0.0000000000
21765  -8.794  -47.832  29.727 0.0000000000
21766  -7.844  -46.738  30.104 0.0000000000
21767  -7.592  -48.061  29.864 0.0000000000
21768  -5.181  -49.654  28.587 0.0000000000
21769  -5.391  -48.450  29.527 0.0000000000
21770  -4.792  -48.289  28.716 0.0000000000
21771  -4.582  -46.763  28.544 0.0000000000
21772  -4.567  -47.909  27.653 0.0000000000
21773  -4.579  -47.355  26.550 0.0000000000
21774  -4.541  -48.907  26.581 0.0000000000
21775  -5.842  -51.259  23.588 0.0000000000
21776  -4.708  -50.488  23.988 0.0000000000
21777  -5.372  -50.975  22.715 0.0000000000
21778  -5.008  -50.596  21.783 0.0000000000
21779  -6.568  -51.384  21.415 0.0000000000
21783  -6.992  -59.436  24.528 0.0000000000
21784  -8.464  -58.223  25.217 0.0000000000
21785  -8.422  -58.104  24.391 0.0000000000
21786  -9.702  -56.502  24.251 0.0000000000
21787  -8.366  -57.957  23.556 0.0000000000
21788  -5.895  -63.878  21.363 0.0000000000
21789  -4.518  -63.300  21.921 0.0000000000
21790  -4.558  -63.041  21.174 0.0000000000
21791  -4.908  -59.802  20.358 0.0000000000
21792  -5.017  -60.050  21.241 0.0000000000
21793  -6.400  -58.525  21.215 0.0000000000
21794  -8.154  -57.357  22.021 0.0000000000
21795  -7.941  -56.996  21.236 0.0000000000
21796  -8.982  -55.220  21.532 0.0000000000
21797  -7.761  -56.615  20.559 0.0000000000
21798  -5.934  -57.383  17.985 0.0000000000
21799  -7.451  -55.937  18.974 0.0000000000
21800  -7.300  -55.715  18.156 0.0000000000
21801  -8.088  -53.853  18.497 0.0000000000
23323  -5.254  -29.565  30.214 0.0000000000
23324  -6.603  -29.536  30.363 0.0000000000
23325  -5.963  -30.893  30.004 0.0000000000
23326  -6.524  -32.263  29.824 0.0000000000
23327  -6.916  -33.718  29.498 0.0000000000
23328  -7.169  -35.025  29.132 0.0000000000
23329  -5.858  -34.797  29.029 0.0000000000
23330  -4.828  -35.773  28.820 0.0000000000
23331  -4.188  -36.889  29.025 0.0000000000
24224  -12.307  -50.371  29.124 0.0000000000
24226  -12.160  -53.166  28.183 0.0000000000
24268  -6.323  -47.889  19.719 0.0000000000
24269  -7.045  -48.143  18.948 0.0000000000
24270  -5.696  -48.496  18.204 0.0000000000
25335  -8.603  -29.725  28.996 0.0000000000
25348  -8.029  -39.875  27.215 0.0000000000
25349  -8.782  -40.064  26.780 0.0000000000
25350  -8.092  -41.060  26.604 0.0000000000
25351  -8.120  -42.202  25.903 0.0000000000
25352  -8.060  -43.290  25.123 0.0000000000
25353  -7.931  -44.334  24.262 0.0000000000
25354  -6.934  -44.101  24.779 0.0000000000
25355  -5.749  -44.981  24.567 0.0000000000
25356  -4.940  -46.072  24.506 0.0000000000
26165  -4.390  -27.046  33.853 0.0000000000
26166  -4.566  -28.294  34.132 0.0000000000
27986  -5.183  -30.747  37.973 0.0000000000
27987  -5.036  -31.716  38.501 0.0000000000
27988  -4.960  -32.510  37.764 0.0000000000
27989  -5.259  -33.261  36.876 0.0000000000
28025  -10.152  -40.181  32.599 0.0000000000
28026  -9.067  -38.700  33.030 0.0000000000
28027  -7.998  -37.233  33.476 0.0000000000
28028  -8.188  -39.108  32.599 0.0000000000
28029  -7.180  -39.667  32.406 0.0000000000
28030  -6.137  -40.238  32.262 0.0000000000
28031  -5.179  -40.178  31.981 0.0000000000
28032  -6.099  -41.533  31.968 0.0000000000
28033  -5.970  -42.898  31.432 0.0000000000
28034  -5.902  -44.332  30.994 0.0000000000
28035  -8.462  -50.341  28.422 0.0000000000
28036  -7.277  -49.420  29.339 0.0000000000
28037  -7.388  -50.525  28.208 0.0000000000
28038  -6.263  -50.668  27.841 0.0000000000
28039  -5.330  -50.635  27.248 0.0000000000
28040  -4.801  -50.296  26.406 0.0000000000
28041  -5.745  -51.236  25.686 0.0000000000
28042  -6.446  -51.526  24.310 0.0000000000
28043  -7.598  -51.891  22.950 0.0000000000
28047  -5.615  -60.789  24.531 0.0000000000
28048  -5.446  -60.613  23.723 0.0000000000
28049  -5.976  -63.047  20.015 0.0000000000
28050  -4.445  -62.843  20.390 0.0000000000
28051  -4.546  -62.560  19.455 0.0000000000
28052  -4.298  -61.135  19.376 0.0000000000
28053  -4.880  -59.520  19.450 0.0000000000
28054  -6.232  -57.897  19.631 0.0000000000
28055  -4.783  -59.335  18.576 0.0000000000
28056  -4.745  -58.961  17.675 0.0000000000
29463  -7.603  -25.326  30.783 0.0000000000
29464  -8.162  -26.762  30.420 0.0000000000
29465  -8.500  -28.174  30.012 0.0000000000
29466  -7.731  -29.607  30.371 0.0000000000
29467  -8.440  -29.657  30.062 0.0000000000
29468  -8.712  -29.692  29.586 0.0000000000
29469  -8.843  -31.200  29.127 0.0000000000
29470  -8.829  -32.750  28.560 0.0000000000
29471  -8.759  -34.374  27.928 0.0000000000
29473  -8.939  -35.539  28.043 0.0000000000
29474  -8.888  -36.633  28.078 0.0000000000
29475  -8.561  -37.744  28.019 0.0000000000
29476  -7.429  -36.250  28.749 0.0000000000
29477  -7.665  -37.515  28.291 0.0000000000
29478  -7.836  -38.731  27.767 0.0000000000
29479  -6.725  -39.657  27.392 0.0000000000
29480  -5.655  -40.567  27.217 0.0000000000
29481  -4.907  -41.616  27.357 0.0000000000
31561  -10.393  -45.104  30.393 0.0000000000
31562  -9.193  -45.169  30.409 0.0000000000
31563  -10.151  -46.288  30.037 0.0000000000
31564  -9.924  -47.668  29.672 0.0000000000
31565  -9.677  -48.990  29.307 0.0000000000
31566  -11.455  -50.270  28.902 0.0000000000
31567  -10.451  -50.316  28.731 0.0000000000
31568  -9.495  -50.276  28.530 0.0000000000
31569  -9.600  -51.291  27.467 0.0000000000
31570  -9.859  -52.072  26.124 0.0000000000
31571  -10.048  -53.080  24.889 0.0000000000
31573  -5.557  -64.796  22.610 0.0000000000
33997  -9.067  -40.246  26.144 0.0000000000
33998  -8.913  -40.332  25.372 0.0000000000
34000  -8.294  -41.492  23.895 0.0000000000
34003  -8.454  -44.637  21.992 0.0000000000
34004  -8.565  -45.675  21.830 0.0000000000
34005  -8.111  -46.579  21.601 0.0000000000
34006  -7.703  -45.369  23.307 0.0000000000
34007  -7.416  -46.314  22.283 0.0000000000
34008  -6.962  -47.184  21.085 0.0000000000
34009  -5.516  -47.588  20.474 0.0000000000
34010  -4.656  -48.414  20.071 0.0000000000
34011  -4.577  -49.711  19.902 0.0000000000
35669  -5.541  -25.705  30.889 0.0000000000
35670  -5.177  -27.065  30.709 0.0000000000
35671  -4.095  -26.281  31.716 0.0000000000
35672  -4.302  -27.341  31.074 0.0000000000
35673  -4.709  -28.486  30.534 0.0000000000
35674  -4.342  -29.782  30.522 0.0000000000
35675  -4.136  -30.936  30.761 0.0000000000
35676  -4.134  -32.193  31.086 0.0000000000
39334  -4.941  -28.499  35.496 0.0000000000
39335  -4.788  -29.313  34.744 0.0000000000
39336  -5.018  -30.515  36.792 0.0000000000
39337  -4.965  -30.316  35.367 0.0000000000
39338  -4.684  -30.180  33.928 0.0000000000
39339  -4.618  -31.125  33.103 0.0000000000
39340  -4.501  -32.148  32.320 0.0000000000
39341  -4.309  -33.298  31.681 0.0000000000
39414  -5.350  -34.621  38.031 0.0000000000
39415  -5.671  -34.295  36.777 0.0000000000
39416  -5.797  -34.102  35.554 0.0000000000
39417  -7.056  -36.054  33.794 0.0000000000
39418  -6.266  -35.108  34.128 0.0000000000
39419  -5.734  -34.100  34.225 0.0000000000
39420  -5.130  -34.355  33.035 0.0000000000
39421  -4.466  -34.567  32.029 0.0000000000
39422  -4.051  -34.707  30.917 0.0000000000
39423  -3.988  -35.886  30.323 0.0000000000
39424  -3.967  -37.022  29.895 0.0000000000
39425  -4.044  -38.316  29.533 0.0000000000
39426  -4.478  -39.961  31.225 0.0000000000
39427  -4.128  -39.701  30.181 0.0000000000
39428  -4.157  -39.501  29.159 0.0000000000
39429  -4.291  -40.712  28.764 0.0000000000
39430  -4.402  -41.918  28.277 0.0000000000
39431  -4.508  -43.137  27.769 0.0000000000
39432  -8.056  -45.410  30.502 0.0000000000
39433  -6.889  -45.593  30.609 0.0000000000
39434  -5.843  -45.745  30.569 0.0000000000
39435  -6.362  -48.375  29.911 0.0000000000
39436  -5.629  -47.103  30.171 0.0000000000
39437  -4.935  -45.676  30.208 0.0000000000
39438  -4.515  -45.393  29.311 0.0000000000
39439  -4.448  -44.915  28.291 0.0000000000
39440  -4.635  -44.449  27.213 0.0000000000
39441  -4.739  -45.668  26.406 0.0000000000
39442  -4.688  -46.678  25.422 0.0000000000
39443  -4.530  -47.562  24.397 0.0000000000
39444  -4.519  -49.795  25.367 0.0000000000
39445  -4.375  -49.086  24.259 0.0000000000
39446  -4.359  -48.499  23.261 0.0000000000
39447  -4.338  -49.333  22.080 0.0000000000
39448  -4.702  -50.160  20.807 0.0000000000
39449  -5.690  -50.808  19.639 0.0000000000
39454  -10.015  -56.976  25.807 0.0000000000
39455  -10.955  -55.357  25.770 0.0000000000
39456  -10.647  -55.084  25.012 0.0000000000
39457  -10.366  -54.776  24.357 0.0000000000
39458  -10.098  -54.409  23.749 0.0000000000
39459  -4.515  -63.463  22.654 0.0000000000
39460  -4.470  -61.923  22.853 0.0000000000
39461  -5.312  -60.424  22.932 0.0000000000
39462  -4.205  -61.539  21.292 0.0000000000
39463  -5.151  -60.281  22.051 0.0000000000
39464  -6.660  -59.090  22.742 0.0000000000
39465  -8.276  -57.725  22.769 0.0000000000
39466  -9.476  -56.057  22.830 0.0000000000
39467  -9.765  -54.032  23.193 0.0000000000
39468  -9.359  -53.668  22.740 0.0000000000
39469  -8.940  -53.244  22.156 0.0000000000
39470  -8.536  -52.902  21.444 0.0000000000
39471  -7.606  -56.234  19.785 0.0000000000
39472  -8.500  -54.437  20.061 0.0000000000
39473  -8.171  -52.546  20.733 0.0000000000
39474  -7.732  -52.216  19.979 0.0000000000
39475  -7.344  -51.949  19.167 0.0000000000
39476  -6.909  -51.745  18.367 0.0000000000
41117  -4.150  -32.711  30.358 0.0000000000
41118  -4.440  -32.734  29.931 0.0000000000
41119  -4.217  -33.381  29.989 0.0000000000
41120  -4.238  -33.944  29.708 0.0000000000
41121  -4.046  -33.937  30.165 0.0000000000
42242  -5.365  -42.154  26.740 0.0000000000
42243  -5.886  -42.238  26.403 0.0000000000
42244  -5.397  -42.764  26.447 0.0000000000
42245  -5.432  -43.441  26.097 0.0000000000
42246  -5.003  -43.399  26.546 0.0000000000
43728  -9.911  -43.745  31.001 0.0000000000
43729  -9.873  -42.985  31.351 0.0000000000
43730  -9.351  -43.169  31.249 0.0000000000
43731  -8.713  -42.638  31.591 0.0000000000
43732  -8.745  -43.344  31.201 0.0000000000
43733  -8.205  -43.452  31.240 0.0000000000
43734  -8.768  -44.017  30.930 0.0000000000
43735  -9.243  -52.212  25.048 0.0000000000
43736  -8.547  -51.824  25.533 0.0000000000
43737  -8.890  -52.160  24.847 0.0000000000
43738  -8.494  -52.087  24.664 0.0000000000
43739  -9.216  -52.564  24.203 0.0000000000
43744  -5.546  -62.001  18.001 0.0000000000
44632  -6.052  -27.550  30.624 0.0000000000
44633  -6.695  -27.527  30.675 0.0000000000
44634  -6.481  -28.181  30.564 0.0000000000
44635  -7.932  -33.168  29.703 0.0000000000
44636  -8.232  -32.483  29.814 0.0000000000
44637  -8.367  -33.247  29.572 0.0000000000
44638  -8.636  -33.280  29.386 0.0000000000
44639  -8.419  -33.994  29.312 0.0000000000
44640  -8.491  -34.661  29.098 0.0000000000
44641  -8.110  -34.525  29.257 0.0000000000
44642  -4.578  -37.566  28.533 0.0000000000
44643  -5.121  -37.668  28.290 0.0000000000
44644  -4.712  -38.189  28.332 0.0000000000
44645  -4.842  -38.785  28.131 0.0000000000
44646  -4.457  -38.722  28.463 0.0000000000
46130  -12.977  -48.212  29.719 0.0000000000
46131  -12.685  -47.468  29.803 0.0000000000
46132  -12.470  -48.271  29.568 0.0000000000
46133  -11.969  -48.247  29.480 0.0000000000
46135  -11.639  -53.460  27.100 0.0000000000
46136  -11.480  -52.730  27.303 0.0000000000
46137  -11.458  -53.294  26.819 0.0000000000
46138  -11.201  -53.107  26.538 0.0000000000
46139  -11.334  -53.861  26.332 0.0000000000
46207  -8.187  -47.103  20.577 0.0000000000
46208  -8.288  -47.102  20.098 0.0000000000
46209  -7.935  -47.531  19.942 0.0000000000
47985  -8.508  -27.390  29.652 0.0000000000
47987  -8.433  -27.474  29.320 0.0000000000
48007  -8.909  -38.436  27.463 0.0000000000
48008  -9.026  -38.477  27.176 0.0000000000
48009  -8.942  -38.995  27.164 0.0000000000
48010  -8.748  -42.941  24.902 0.0000000000
48011  -8.964  -42.468  24.971 0.0000000000
48012  -8.929  -43.042  24.525 0.0000000000
48013  -8.956  -43.101  24.138 0.0000000000
48014  -8.865  -43.608  24.099 0.0000000000
48015  -8.828  -44.101  23.700 0.0000000000
48016  -8.674  -44.075  24.069 0.0000000000
48017  -5.031  -46.399  23.503 0.0000000000
48018  -5.413  -46.327  23.064 0.0000000000
48019  -4.883  -46.813  22.961 0.0000000000
48020  -4.753  -47.228  22.400 0.0000000000
48021  -4.540  -47.364  22.938 0.0000000000
49367  -4.300  -28.575  33.165 0.0000000000
49368  -4.152  -28.417  32.619 0.0000000000
49369  -4.232  -28.991  32.764 0.0000000000
49370  -4.130  -29.511  32.349 0.0000000000
49371  -4.283  -29.626  32.931 0.0000000000
52401  -5.765  -29.151  38.385 0.0000000000
52402  -5.538  -29.471  38.136 0.0000000000
52403  -5.328  -29.339  37.644 0.0000000000
52404  -5.338  -29.822  37.916 0.0000000000
52405  -5.299  -32.719  36.036 0.0000000000
52406  -5.227  -32.219  35.863 0.0000000000
52407  -5.416  -32.630  35.380 0.0000000000
52408  -5.451  -32.554  34.707 0.0000000000
52409  -5.603  -33.021  34.912 0.0000000000
52469  -8.266  -36.450  35.659 0.0000000000
52470  -8.173  -36.374  35.084 0.0000000000
52471  -7.604  -35.838  35.422 0.0000000000
52472  -8.040  -36.327  34.586 0.0000000000
52473  -5.669  -38.609  32.357 0.0000000000
52474  -5.734  -37.693  32.536 0.0000000000
52475  -5.252  -37.894  32.310 0.0000000000
52476  -4.909  -37.237  32.226 0.0000000000
52477  -4.799  -38.025  32.027 0.0000000000
52478  -4.462  -38.002  31.674 0.0000000000
52479  -4.784  -38.726  31.898 0.0000000000
52480  -4.983  -43.538  30.974 0.0000000000
52481  -4.647  -42.780  30.937 0.0000000000
52482  -4.610  -43.424  30.714 0.0000000000
52483  -4.398  -43.313  30.258 0.0000000000
52484  -4.636  -44.152  30.416 0.0000000000
52485  -8.648  -48.484  29.564 0.0000000000
52486  -8.200  -47.936  29.785 0.0000000000
52487  -8.046  -48.633  29.632 0.0000000000
52488  -4.869  -49.597  28.188 0.0000000000
52489  -4.934  -49.013  28.706 0.0000000000
52490  -4.702  -48.914  28.269 0.0000000000
52491  -4.604  -48.124  28.243 0.0000000000
52492  -4.599  -48.678  27.725 0.0000000000
52493  -4.553  -48.440  27.145 0.0000000000
52494  -4.575  -49.178  27.179 0.0000000000
52495  -6.384  -51.433  22.940 0.0000000000
52496  -5.562  -51.139  23.170 0.0000000000
52497  -6.133  -51.307  22.517 0.0000000000
52498  -5.910  -51.147  22.072 0.0000000000
52499  -6.785  -51.495  21.850 0.0000000000
52503  -6.892  -59.393  24.080 0.0000000000
52505  -7.654  -58.770  24.039 0.0000000000
52506  -8.379  -58.111  23.983 0.0000000000
52507  -7.578  -58.665  23.597 0.0000000000
52508  -5.921  -63.671  20.962 0.0000000000
52509  -5.114  -63.547  21.189 0.0000000000
52510  -5.054  -63.442  20.850 0.0000000000
52511  -5.539  -59.030  20.381 0.0000000000
52512  -5.535  -59.204  20.825 0.0000000000
52513  -6.354  -58.412  20.809 0.0000000000
52514  -7.179  -57.780  21.211 0.0000000000
52515  -7.084  -57.628  20.828 0.0000000000
52516  -7.806  -56.818  20.901 0.0000000000
52517  -7.026  -57.444  20.460 0.0000000000
52519  -6.661  -56.544  18.080 0.0000000000
52520  -6.576  -56.440  17.667 0.0000000000
52521  -7.224  -55.650  17.725 0.0000000000
54232  -4.988  -30.178  30.106 0.0000000000
54233  -5.630  -30.246  30.105 0.0000000000
54234  -5.333  -30.838  29.965 0.0000000000
54235  -5.450  -32.894  29.562 0.0000000000
54236  -5.883  -32.230  29.746 0.0000000000
54237  -6.100  -32.914  29.589 0.0000000000
54238  -6.760  -32.960  29.690 0.0000000000
54239  -6.267  -33.636  29.416 0.0000000000
54240  -6.387  -34.261  29.261 0.0000000000
54241  -5.748  -34.154  29.206 0.0000000000
54242  -4.324  -35.115  29.258 0.0000000000
54243  -4.685  -35.190  28.995 0.0000000000
54244  -4.379  -35.723  29.062 0.0000000000
54245  -4.466  -36.313  28.862 0.0000000000
54246  -4.136  -36.260  29.230 0.0000000000
55807  -5.591  -48.072  19.372 0.0000000000
55808  -5.995  -48.192  18.972 0.0000000000
55809  -5.397  -48.451  18.636 0.0000000000
57585  -8.590  -30.483  28.747 0.0000000000
57587  -8.365  -30.573  28.433 0.0000000000
57607  -7.561  -40.325  27.067 0.0000000000
57608  -8.077  -40.480  26.911 0.0000000000
57609  -7.574  -40.927  26.757 0.0000000000
57610  -7.076  -42.524  25.902 0.0000000000
57611  -7.678  -42.093  26.120 0.0000000000
57612  -7.651  -42.642  25.738 0.0000000000
57613  -8.108  -42.770  25.518 0.0000000000
57614  -7.649  -43.159  25.373 0.0000000000
57615  -7.566  -43.691  24.994 0.0000000000
57616  -7.039  -43.560  25.176 0.0000000000
57617  -5.420  -44.486  25.367 0.0000000000
57618  -5.785  -44.489  24.973 0.0000000000
57619  -5.351  -45.015  24.947 0.0000000000
57620  -5.266  -45.469  24.508 0.0000000000
57621  -5.024  -45.623  24.986 0.0000000000
58970  -4.469  -27.688  34.015 0.0000000000
58971  -4.668  -27.881  34.586 0.0000000000
62005  -4.864  -33.148  38.549 0.0000000000
62006  -4.896  -32.634  38.378 0.0000000000
62007  -4.972  -33.026  37.925 0.0000000000
62008  -5.072  -32.900  37.315 0.0000000000
62009  -5.117  -33.399  37.459 0.0000000000
62063  -12.121  -43.163  31.565 0.0000000000
62065  -11.525  -42.503  31.745 0.0000000000
62066  -9.794  -41.287  32.041 0.0000000000
62067  -10.281  -41.104  32.177 0.0000000000
62068  -9.716  -40.338  32.409 0.0000000000
62069  -9.613  -39.440  32.815 0.0000000000
62070  -9.167  -39.635  32.614 0.0000000000
62071  -8.638  -38.890  32.793 0.0000000000
62072  -8.692  -39.853  32.457 0.0000000000
62073  -7.658  -41.260  32.153 0.0000000000
62074  -7.729  -40.312  32.300 0.0000000000
62075  -7.194  -40.542  32.267 0.0000000000
62076  -6.652  -39.936  32.342 0.0000000000
62077  -6.652  -40.870  32.202 0.0000000000
62078  -6.123  -40.866  32.153 0.0000000000
62079  -6.638  -41.539  32.039 0.0000000000
62080  -7.057  -43.555  31.236 0.0000000000
62081  -6.520  -42.886  31.484 0.0000000000
62082  -6.478  -43.596  31.246 0.0000000000
62083  -5.931  -43.635  31.198 0.0000000000
62084  -6.444  -44.327  31.013 0.0000000000
62085  -8.573  -50.845  27.832 0.0000000000
62086  -7.934  -50.437  28.334 0.0000000000
62087  -8.048  -50.900  27.727 0.0000000000
62088  -7.096  -51.303  26.555 0.0000000000
62089  -6.965  -50.979  27.346 0.0000000000
62090  -6.396  -51.041  27.105 0.0000000000
62091  -5.680  -50.742  27.608 0.0000000000
62092  -5.930  -51.057  26.805 0.0000000000
62093  -5.507  -51.010  26.483 0.0000000000
62094  -6.148  -51.351  26.024 0.0000000000
62095  -7.706  -51.901  24.215 0.0000000000
62096  -6.866  -51.620  24.577 0.0000000000
62097  -7.291  -51.735  23.982 0.0000000000
62098  -7.006  -51.671  23.652 0.0000000000
62099  -7.858  -52.056  23.265 0.0000000000
62103  -4.585  -62.197  24.145 0.0000000000
62105  -5.015  -61.426  24.133 0.0000000000
62106  -5.525  -60.698  24.108 0.0000000000
62107  -4.952  -61.328  23.733 0.0000000000
62108  -6.028  -62.822  19.654 0.0000000000
62109  -5.139  -62.902  19.723 0.0000000000
62110  -5.253  -62.698  19.286 0.0000000000
62111  -4.487  -61.561  18.469 0.0000000000
62112  -4.423  -61.737  18.910 0.0000000000
62113  -4.313  -60.998  18.904 0.0000000000
62114  -4.489  -60.330  19.404 0.0000000000
62115  -4.459  -60.220  18.942 0.0000000000
62116  -4.843  -59.419  19.003 0.0000000000
62117  -4.439  -60.140  18.483 0.0000000000
62118  -4.445  -60.364  17.078 0.0000000000
62119  -4.467  -59.771  17.580 0.0000000000
62120  -4.509  -59.621  17.131 0.0000000000
64779  -7.152  -25.382  30.908 0.0000000000
64780  -7.748  -27.513  30.607 0.0000000000
64781  -7.856  -26.774  30.615 0.0000000000
64782  -8.114  -27.465  30.445 0.0000000000
64783  -8.341  -27.463  30.223 0.0000000000
64784  -8.307  -28.168  30.247 0.0000000000
64785  -6.911  -30.281  30.250 0.0000000000
64786  -7.190  -29.607  30.394 0.0000000000
64787  -7.538  -30.303  30.286 0.0000000000
64788  -8.525  -31.089  29.894 0.0000000000
64789  -8.351  -30.391  30.067 0.0000000000
64790  -8.619  -30.404  29.854 0.0000000000
64791  -8.627  -29.663  29.843 0.0000000000
64792  -8.727  -30.376  29.636 0.0000000000
64793  -8.777  -30.439  29.364 0.0000000000
64794  -8.827  -31.125  29.418 0.0000000000
64795  -8.927  -33.410  28.921 0.0000000000
64796  -8.936  -32.707  28.887 0.0000000000
64797  -8.902  -33.492  28.592 0.0000000000
64798  -8.794  -33.542  28.253 0.0000000000
64799  -8.895  -34.318  28.271 0.0000000000
64800  -8.873  -34.983  27.990 0.0000000000
64801  -8.917  -34.888  28.319 0.0000000000
64802  -8.633  -35.907  28.611 0.0000000000
64803  -8.851  -35.982  28.366 0.0000000000
64804  -8.727  -36.542  28.336 0.0000000000
64805  -8.768  -37.176  28.061 0.0000000000
64806  -8.476  -37.102  28.288 0.0000000000
64807  -6.672  -35.517  28.931 0.0000000000
64808  -7.323  -35.630  28.956 0.0000000000
64809  -6.795  -36.120  28.749 0.0000000000
64810  -6.435  -37.863  28.069 0.0000000000
64811  -7.041  -37.376  28.319 0.0000000000
64812  -7.137  -37.993  28.078 0.0000000000
64813  -7.766  -38.142  28.029 0.0000000000
64814  -7.220  -38.589  27.830 0.0000000000
64815  -7.324  -39.194  27.597 0.0000000000
64816  -6.651  -39.079  27.625 0.0000000000
64817  -5.057  -39.937  27.749 0.0000000000
64818  -5.495  -39.992  27.425 0.0000000000
64819  -5.120  -40.517  27.524 0.0000000000
64820  -5.238  -41.074  27.272 0.0000000000
64821  -4.830  -41.061  27.638 0.0000000000
69277  -10.851  -45.662  30.223 0.0000000000
69278  -10.261  -45.689  30.222 0.0000000000
69279  -10.731  -46.256  30.031 0.0000000000
69280  -10.897  -48.227  29.468 0.0000000000
69281  -10.477  -47.610  29.665 0.0000000000
69282  -10.347  -48.295  29.483 0.0000000000
69283  -9.828  -48.365  29.483 0.0000000000
69284  -10.215  -48.963  29.286 0.0000000000
69285  -12.128  -51.021  28.839 0.0000000000
69286  -11.921  -50.291  28.999 0.0000000000
69287  -11.724  -50.963  28.676 0.0000000000
69288  -10.829  -51.480  27.967 0.0000000000
69289  -10.852  -50.928  28.450 0.0000000000
69290  -10.388  -50.922  28.304 0.0000000000
69291  -9.952  -50.314  28.646 0.0000000000
69292  -9.966  -50.885  28.143 0.0000000000
69293  -9.522  -50.827  28.024 0.0000000000
69294  -10.036  -51.346  27.597 0.0000000000
69295  -10.662  -52.850  25.942 0.0000000000
69296  -10.282  -52.169  26.307 0.0000000000
69297  -10.323  -52.694  25.696 0.0000000000
69298  -9.979  -52.552  25.469 0.0000000000
69299  -10.346  -53.256  25.130 0.0000000000
69511  -7.399  -48.232  18.532 0.0000000000
74904  -8.857  -36.811  27.147 0.0000000000
74905  -8.970  -38.552  26.507 0.0000000000
74907  -8.799  -38.606  26.138 0.0000000000
74909  -8.752  -39.169  25.768 0.0000000000
74910  -8.802  -40.659  26.421 0.0000000000
74911  -8.993  -40.148  26.478 0.0000000000
74912  -8.998  -40.759  26.102 0.0000000000
74913  -9.038  -41.452  24.999 0.0000000000
74914  -9.045  -40.894  25.384 0.0000000000
74915  -8.890  -40.919  24.990 0.0000000000
74916  -8.680  -40.355  25.020 0.0000000000
74917  -8.661  -40.888  24.664 0.0000000000
74919  -8.623  -41.486  24.269 0.0000000000
74927  -8.643  -45.137  22.765 0.0000000000
74928  -8.676  -45.183  22.364 0.0000000000
74929  -8.543  -45.654  22.238 0.0000000000
74930  -8.415  -46.138  21.713 0.0000000000
74931  -8.244  -46.105  22.110 0.0000000000
74932  -7.309  -44.710  24.092 0.0000000000
74933  -7.786  -44.856  23.784 0.0000000000
74934  -7.230  -45.218  23.594 0.0000000000
74935  -6.293  -46.429  22.316 0.0000000000
74936  -6.966  -46.157  22.573 0.0000000000
74937  -6.766  -46.577  22.037 0.0000000000
74938  -7.228  -46.748  21.756 0.0000000000
74939  -6.563  -46.995  21.460 0.0000000000
74940  -6.247  -47.388  20.774 0.0000000000
74941  -5.836  -47.239  21.149 0.0000000000
74942  -4.566  -48.026  21.218 0.0000000000
74943  -4.723  -47.916  20.708 0.0000000000
74944  -4.499  -48.515  20.599 0.0000000000
74945  -4.505  -49.019  19.977 0.0000000000
74946  -4.456  -49.163  20.539 0.0000000000
78977  -4.722  -25.288  31.133 0.0000000000
78980  -5.364  -26.379  30.804 0.0000000000
78981  -4.863  -26.508  30.868 0.0000000000
78982  -4.058  -25.954  32.594 0.0000000000
78983  -4.036  -25.773  32.082 0.0000000000
78984  -4.044  -26.459  32.174 0.0000000000
78985  -3.993  -28.166  31.514 0.0000000000
78986  -4.036  -27.487  31.438 0.0000000000
78987  -4.182  -28.004  31.095 0.0000000000
78988  -4.485  -27.882  30.780 0.0000000000
78989  -4.335  -28.547  30.783 0.0000000000
78990  -4.521  -29.133  30.506 0.0000000000
78991  -4.203  -29.219  30.840 0.0000000000
78992  -4.049  -30.566  31.584 0.0000000000
78993  -4.047  -30.476  31.065 0.0000000000
78994  -4.063  -31.055  31.248 0.0000000000
78995  -4.099  -31.533  30.919 0.0000000000
78996  -4.130  -31.668  31.427 0.0000000000
88088  -5.216  -27.291  36.603 0.0000000000
88089  -5.290  -27.810  36.819 0.0000000000
88090  -5.122  -29.121  36.478 0.0000000000
88091  -5.118  -28.616  36.149 0.0000000000
88092  -5.007  -29.004  35.797 0.0000000000
88093  -4.830  -28.889  35.099 0.0000000000
88094  -4.944  -29.400  35.419 0.0000000000
88095  -5.047  -31.129  37.679 0.0000000000
88096  -5.102  -30.617  37.416 0.0000000000
88097  -4.994  -31.009  37.091 0.0000000000
88098  -5.058  -31.197  35.396 0.0000000000
88099  -4.999  -30.809  35.732 0.0000000000
88100  -4.979  -30.722  35.002 0.0000000000
88101  -4.867  -30.253  34.664 0.0000000000
88102  -4.875  -30.677  34.300 0.0000000000
88103  -4.650  -30.662  33.529 0.0000000000
88104  -4.872  -31.141  33.869 0.0000000000
88105  -5.006  -32.628  33.232 0.0000000000
88106  -4.795  -32.100  32.967 0.0000000000
88107  -4.691  -32.678  32.570 0.0000000000
88108  -4.425  -32.719  32.009 0.0000000000
88109  -4.552  -33.280  32.247 0.0000000000
88290  -5.650  -35.368  38.415 0.0000000000
88291  -5.256  -34.851  38.611 0.0000000000
88292  -5.737  -35.114  37.879 0.0000000000
88293  -6.553  -34.990  35.937 0.0000000000
88294  -6.019  -34.715  36.674 0.0000000000
88295  -6.088  -34.611  36.062 0.0000000000
88296  -5.741  -34.164  36.183 0.0000000000
88297  -6.098  -34.545  35.465 0.0000000000
88298  -7.606  -37.482  33.148 0.0000000000
88299  -7.523  -36.598  33.636 0.0000000000
88300  -7.150  -36.887  33.267 0.0000000000
88301  -5.905  -36.013  33.085 0.0000000000
88302  -6.298  -35.807  33.490 0.0000000000
88303  -5.973  -35.263  33.577 0.0000000000
88304  -5.962  -34.590  34.206 0.0000000000
88305  -5.691  -34.723  33.623 0.0000000000
88306  -5.456  -34.221  33.626 0.0000000000
88307  -5.326  -34.912  33.087 0.0000000000
88308  -4.458  -35.973  31.899 0.0000000000
88309  -4.588  -35.207  32.194 0.0000000000
88310  -4.315  -35.318  31.694 0.0000000000
88311  -4.221  -34.665  31.490 0.0000000000
88312  -4.122  -35.474  31.156 0.0000000000
88313  -4.025  -35.310  30.606 0.0000000000
88314  -4.085  -35.996  30.870 0.0000000000
88315  -4.093  -37.897  30.725 0.0000000000
88316  -4.007  -37.079  30.384 0.0000000000
88317  -4.012  -37.759  30.209 0.0000000000
88318  -3.953  -37.716  29.684 0.0000000000
88319  -4.023  -38.391  30.057 0.0000000000
88320  -5.136  -40.818  31.844 0.0000000000
88321  -4.779  -40.077  31.643 0.0000000000
88322  -4.761  -40.731  31.490 0.0000000000
88323  -4.246  -41.223  30.372 0.0000000000
88324  -4.259  -40.508  30.552 0.0000000000
88325  -4.156  -40.378  30.009 0.0000000000
88326  -4.109  -39.601  29.665 0.0000000000
88327  -4.155  -40.238  29.481 0.0000000000
88328  -4.244  -40.122  28.971 0.0000000000
88329  -4.206  -40.894  29.289 0.0000000000
88330  -4.298  -42.903  29.174 0.0000000000
88331  -4.284  -42.098  28.842 0.0000000000
88332  -4.345  -42.689  28.585 0.0000000000
88333  -4.436  -42.479  28.006 0.0000000000
88334  -4.386  -43.352  28.317 0.0000000000
88335  -9.120  -45.868  30.211 0.0000000000
88336  -8.631  -45.315  30.434 0.0000000000
88337  -8.534  -45.976  30.247 0.0000000000
88338  -7.256  -46.826  30.159 0.0000000000
88339  -7.365  -46.151  30.359 0.0000000000
88340  -6.798  -46.236  30.391 0.0000000000
88341  -6.340  -45.692  30.639 0.0000000000
88342  -6.277  -46.366  30.404 0.0000000000
88343  -6.697  -49.543  29.213 0.0000000000
88344  -6.786  -48.924  29.644 0.0000000000
88345  -6.238  -48.997  29.536 0.0000000000
88346  -5.135  -47.786  29.559 0.0000000000
88347  -5.510  -47.793  29.864 0.0000000000
88348  -5.224  -47.118  29.909 0.0000000000
88349  -5.287  -46.413  30.218 0.0000000000
88350  -4.930  -46.404  29.907 0.0000000000
88351  -4.686  -45.580  29.804 0.0000000000
88352  -4.690  -46.299  29.480 0.0000000000
88353  -4.573  -46.490  27.991 0.0000000000
88354  -4.501  -45.843  28.430 0.0000000000
88355  -4.537  -45.590  27.906 0.0000000000
88356  -4.523  -44.693  27.765 0.0000000000
88357  -4.574  -45.320  27.400 0.0000000000
88358  -4.695  -45.061  26.845 0.0000000000
88359  -4.634  -45.941  26.935 0.0000000000
88360  -4.525  -47.820  26.046 0.0000000000
88361  -4.629  -47.044  25.977 0.0000000000
88362  -4.568  -47.483  25.448 0.0000000000
88363  -4.607  -47.137  24.928 0.0000000000
88364  -4.495  -47.895  24.906 0.0000000000
88365  -4.924  -50.607  25.664 0.0000000000
88366  -4.668  -50.035  25.873 0.0000000000
88367  -4.726  -50.339  25.166 0.0000000000
88368  -4.565  -50.214  23.516 0.0000000000
88369  -4.455  -49.851  24.142 0.0000000000
88370  -4.395  -49.551  23.653 0.0000000000
88371  -4.361  -48.820  23.755 0.0000000000
88372  -4.343  -49.270  23.172 0.0000000000
88373  -4.344  -48.920  22.679 0.0000000000
88374  -4.421  -49.674  22.533 0.0000000000
88375  -5.478  -50.877  21.175 0.0000000000
88376  -4.836  -50.387  21.319 0.0000000000
88377  -5.307  -50.702  20.680 0.0000000000
88378  -5.111  -50.535  20.205 0.0000000000
88379  -5.855  -50.976  20.092 0.0000000000
88387  -10.696  -56.478  26.551 0.0000000000
88391  -9.186  -57.513  25.137 0.0000000000
88392  -9.259  -57.607  25.519 0.0000000000
88393  -9.916  -56.878  25.446 0.0000000000
88394  -10.530  -56.206  25.756 0.0000000000
88395  -10.438  -56.084  25.394 0.0000000000
88396  -10.796  -55.234  25.393 0.0000000000
88397  -10.312  -55.945  25.005 0.0000000000
88398  -9.676  -56.414  23.878 0.0000000000
88399  -10.148  -55.648  24.262 0.0000000000
88400  -10.047  -55.539  23.924 0.0000000000
88401  -10.214  -54.607  24.064 0.0000000000
88402  -9.972  -55.360  23.607 0.0000000000
88403  -5.712  -64.565  22.315 0.0000000000
88404  -4.904  -64.208  22.538 0.0000000000
88405  -4.979  -64.061  22.217 0.0000000000
88406  -4.320  -62.458  22.051 0.0000000000
88407  -4.336  -62.605  22.382 0.0000000000
88408  -4.443  -61.791  22.507 0.0000000000
88409  -4.809  -61.126  22.982 0.0000000000
88410  -4.748  -61.037  22.547 0.0000000000
88411  -4.163  -62.170  20.352 0.0000000000
88412  -4.203  -62.301  20.820 0.0000000000
88413  -4.208  -61.504  20.850 0.0000000000
88414  -5.707  -59.450  21.612 0.0000000000
88415  -5.060  -60.194  21.667 0.0000000000
88416  -5.766  -59.613  22.008 0.0000000000
88417  -5.866  -59.672  22.396 0.0000000000
88418  -6.556  -59.022  22.343 0.0000000000
88419  -7.477  -58.434  22.746 0.0000000000
88420  -7.415  -58.313  22.367 0.0000000000
88421  -8.801  -56.582  22.092 0.0000000000
88422  -8.852  -56.749  22.420 0.0000000000
88423  -9.356  -55.857  22.515 0.0000000000
88424  -9.798  -55.067  22.958 0.0000000000
88425  -9.643  -54.854  22.670 0.0000000000
88426  -9.595  -53.859  22.923 0.0000000000
88427  -9.481  -54.681  22.392 0.0000000000
88428  -8.876  -54.988  21.164 0.0000000000
88429  -9.137  -54.206  21.801 0.0000000000
88430  -9.038  -53.990  21.428 0.0000000000
88431  -8.726  -53.073  21.792 0.0000000000
88432  -8.817  -53.817  21.092 0.0000000000
88433  -6.156  -57.766  19.211 0.0000000000
88434  -6.901  -57.074  19.721 0.0000000000
88435  -6.848  -56.927  19.290 0.0000000000
88436  -8.040  -55.041  19.097 0.0000000000
88437  -8.121  -55.211  19.470 0.0000000000
88438  -8.426  -54.266  19.668 0.0000000000
88439  -8.523  -53.460  20.349 0.0000000000
88440  -8.363  -53.291  19.993 0.0000000000
88441  -7.924  -52.402  20.375 0.0000000000
88442  -8.289  -53.125  19.603 0.0000000000
88443  -7.843  -53.714  18.126 0.0000000000
88444  -7.917  -52.802  18.877 0.0000000000
88445  -7.663  -52.699  18.440 0.0000000000
88446  -7.116  -51.830  18.760 0.0000000000
88447  -7.480  -52.527  18.050 0.0000000000
88448  -7.276  -52.347  17.703 0.0000000000
88449  -7.563  -53.371  17.380 0.0000000000
92443  -4.497  -31.396  30.124 0.0000000000
92444  -5.025  -31.446  29.904 0.0000000000
92445  -4.713  -32.086  29.903 0.0000000000
92446  -4.882  -32.804  29.670 0.0000000000
92447  -4.990  -33.522  29.415 0.0000000000
92448  -5.114  -34.052  29.222 0.0000000000
92449  -4.558  -34.015  29.372 0.0000000000
92450  -4.267  -34.485  29.438 0.0000000000
92451  -4.071  -35.061  29.621 0.0000000000
93390  -4.871  -49.398  18.245 0.0000000000
94468  -6.351  -41.223  26.727 0.0000000000
94469  -6.994  -41.349  26.581 0.0000000000
94470  -6.429  -41.776  26.448 0.0000000000
94471  -6.476  -42.338  26.148 0.0000000000
94472  -6.485  -42.950  25.789 0.0000000000
94473  -6.458  -43.463  25.425 0.0000000000
94474  -5.918  -43.413  25.740 0.0000000000
94475  -5.435  -43.951  25.744 0.0000000000
94476  -5.101  -44.595  25.855 0.0000000000
97106  -4.992  -32.332  39.333 0.0000000000
97108  -4.796  -33.290  39.179 0.0000000000
97109  -4.872  -33.673  38.688 0.0000000000
97142  -11.052  -43.428  31.217 0.0000000000
97143  -11.033  -42.657  31.560 0.0000000000
97144  -10.430  -42.794  31.436 0.0000000000
97145  -9.767  -42.178  31.738 0.0000000000
97146  -9.212  -41.513  31.999 0.0000000000
97147  -8.740  -40.774  32.187 0.0000000000
97148  -8.690  -41.750  31.947 0.0000000000
97149  -8.147  -41.991  31.928 0.0000000000
97150  -7.656  -42.263  31.903 0.0000000000
97151  -7.124  -42.231  31.812 0.0000000000
97152  -7.643  -42.878  31.532 0.0000000000
97153  -7.659  -43.504  31.247 0.0000000000
97154  -7.632  -44.201  30.949 0.0000000000
97155  -8.856  -51.526  26.449 0.0000000000
97156  -8.196  -51.192  27.009 0.0000000000
97157  -8.356  -51.495  26.238 0.0000000000
97158  -7.816  -51.547  26.031 0.0000000000
97159  -7.365  -51.529  25.830 0.0000000000
97160  -6.914  -51.534  25.579 0.0000000000
97161  -7.711  -51.756  25.125 0.0000000000
97162  -8.082  -51.983  24.484 0.0000000000
97163  -8.499  -52.307  23.821 0.0000000000
97168  -4.442  -62.861  23.616 0.0000000000
97170  -5.297  -62.543  18.837 0.0000000000
97172  -4.916  -61.893  18.152 0.0000000000
97173  -4.493  -61.375  18.033 0.0000000000
97174  -4.348  -60.732  17.989 0.0000000000
97175  -4.558  -61.199  17.592 0.0000000000
98770  -6.461  -26.075  30.854 0.0000000000
98771  -7.027  -26.093  30.848 0.0000000000
98772  -6.879  -26.797  30.766 0.0000000000
98773  -7.257  -27.519  30.672 0.0000000000
98774  -7.592  -28.206  30.573 0.0000000000
98775  -7.510  -31.687  30.050 0.0000000000
98776  -7.787  -31.045  30.151 0.0000000000
98777  -8.030  -31.757  29.994 0.0000000000
98778  -8.429  -31.794  29.874 0.0000000000
98779  -8.682  -31.836  29.670 0.0000000000
98780  -8.872  -31.880  29.443 0.0000000000
98781  -8.778  -32.556  29.431 0.0000000000
98782  -8.843  -33.316  29.160 0.0000000000
98783  -8.864  -34.109  28.887 0.0000000000
98784  -8.880  -34.780  28.621 0.0000000000
98785  -8.739  -34.688  28.883 0.0000000000
98786  -8.563  -35.275  28.866 0.0000000000
98787  -8.311  -35.831  28.798 0.0000000000
98788  -5.543  -36.502  28.562 0.0000000000
98789  -6.165  -36.636  28.504 0.0000000000
98790  -5.622  -37.160  28.342 0.0000000000
98791  -5.737  -37.778  28.117 0.0000000000
98792  -5.886  -38.331  27.895 0.0000000000
98793  -5.997  -38.952  27.672 0.0000000000
98794  -5.390  -38.810  27.848 0.0000000000
98795  -4.959  -39.345  27.948 0.0000000000
98796  -4.684  -39.925  28.098 0.0000000000
101470  -11.748  -46.881  29.819 0.0000000000
101471  -11.209  -46.892  29.800 0.0000000000
101472  -11.595  -47.547  29.617 0.0000000000
101473  -11.436  -48.224  29.438 0.0000000000
101474  -11.269  -48.891  29.279 0.0000000000
101475  -11.773  -52.368  28.041 0.0000000000
101476  -11.557  -51.616  28.235 0.0000000000
101477  -11.510  -52.195  27.760 0.0000000000
101478  -11.216  -52.063  27.538 0.0000000000
101479  -10.867  -51.950  27.391 0.0000000000
101480  -10.538  -51.840  27.179 0.0000000000
101481  -10.934  -52.439  26.806 0.0000000000
101482  -10.947  -52.977  26.224 0.0000000000
101483  -10.883  -53.550  25.700 0.0000000000
101605  -8.450  -46.105  20.843 0.0000000000
101607  -8.434  -46.594  20.242 0.0000000000
101608  -8.329  -47.038  19.643 0.0000000000
101609  -8.257  -47.502  19.005 0.0000000000
104805  -8.303  -26.005  30.101 0.0000000000
104806  -8.225  -25.278  30.032 0.0000000000
104845  -9.017  -37.341  27.488 0.0000000000
104846  -8.976  -37.347  27.166 0.0000000000
104847  -9.037  -37.924  27.169 0.0000000000
104848  -9.055  -38.487  26.861 0.0000000000
104849  -9.046  -39.099  26.517 0.0000000000
104850  -8.788  -41.824  25.687 0.0000000000
104851  -9.012  -41.381  25.721 0.0000000000
104852  -8.985  -41.940  25.353 0.0000000000
104853  -9.073  -41.970  25.016 0.0000000000
104854  -8.993  -42.019  24.606 0.0000000000
104855  -8.847  -42.064  24.232 0.0000000000
104856  -8.959  -42.577  24.190 0.0000000000
104857  -8.897  -43.116  23.776 0.0000000000
104858  -8.820  -43.617  23.352 0.0000000000
104859  -8.773  -44.121  22.911 0.0000000000
104860  -8.842  -44.115  23.316 0.0000000000
104861  -8.764  -44.613  23.258 0.0000000000
104862  -8.532  -45.101  23.160 0.0000000000
104863  -6.187  -45.479  23.739 0.0000000000
104864  -6.665  -45.576  23.376 0.0000000000
104865  -6.045  -45.914  23.210 0.0000000000
104866  -5.863  -46.340  22.612 0.0000000000
104867  -5.621  -46.765  22.085 0.0000000000
104868  -5.395  -47.162  21.511 0.0000000000
104869  -5.036  -47.151  21.915 0.0000000000
104870  -4.606  -47.611  21.823 0.0000000000
104871  -4.419  -48.173  21.748 0.0000000000
107292  -4.325  -25.426  31.323 0.0000000000
107293  -4.142  -27.276  32.906 0.0000000000
107294  -4.029  -27.120  32.342 0.0000000000
107295  -4.074  -27.799  32.484 0.0000000000
107296  -4.035  -28.314  32.049 0.0000000000
107297  -3.983  -28.802  31.638 0.0000000000
107298  -4.036  -29.327  31.298 0.0000000000
107299  -3.990  -29.412  31.819 0.0000000000
107300  -4.035  -30.060  31.927 0.0000000000
107301  -4.151  -30.623  32.176 0.0000000000
112754  -5.961  -28.817  38.674 0.0000000000
112755  -5.725  -28.630  38.189 0.0000000000
112756  -5.482  -28.473  37.691 0.0000000000
112757  -5.339  -28.343  37.077 0.0000000000
112758  -5.327  -28.857  37.377 0.0000000000
112759  -5.189  -29.270  37.138 0.0000000000
112760  -5.112  -29.622  36.796 0.0000000000
112761  -4.988  -31.913  36.940 0.0000000000
112762  -4.984  -31.413  36.698 0.0000000000
112763  -5.040  -31.813  36.309 0.0000000000
112764  -5.149  -31.706  35.665 0.0000000000
112765  -5.178  -31.652  34.934 0.0000000000
112766  -5.088  -31.623  34.167 0.0000000000
112767  -5.280  -32.094  34.453 0.0000000000
112768  -5.304  -32.568  33.967 0.0000000000
112769  -5.196  -33.107  33.475 0.0000000000
112879  -6.395  -35.319  37.108 0.0000000000
112880  -7.079  -35.507  36.308 0.0000000000
112881  -7.063  -35.384  35.701 0.0000000000
112882  -7.024  -35.352  35.094 0.0000000000
112883  -6.665  -38.126  32.711 0.0000000000
112884  -6.723  -37.249  32.966 0.0000000000
112885  -6.238  -37.487  32.753 0.0000000000
112886  -5.830  -36.854  32.783 0.0000000000
112887  -5.471  -36.238  32.765 0.0000000000
112888  -5.166  -35.630  32.689 0.0000000000
112889  -5.035  -36.446  32.430 0.0000000000
112890  -4.641  -36.626  32.043 0.0000000000
112891  -4.358  -36.714  31.614 0.0000000000
112892  -4.172  -36.637  31.159 0.0000000000
112893  -4.277  -37.332  31.391 0.0000000000
112894  -4.233  -37.964  31.232 0.0000000000
112895  -4.247  -38.590  31.062 0.0000000000
112896  -5.018  -42.148  31.470 0.0000000000
112897  -4.722  -41.448  31.316 0.0000000000
112898  -4.680  -42.119  31.120 0.0000000000
112899  -4.375  -42.063  30.717 0.0000000000
112900  -4.257  -41.913  30.188 0.0000000000
112901  -4.209  -41.729  29.625 0.0000000000
112902  -4.273  -42.538  29.996 0.0000000000
112903  -4.298  -43.154  29.730 0.0000000000
112904  -4.363  -43.829  29.423 0.0000000000
112905  -8.911  -47.196  29.878 0.0000000000
112906  -8.425  -46.642  30.080 0.0000000000
112907  -8.323  -47.294  29.924 0.0000000000
112908  -7.729  -47.393  29.967 0.0000000000
112909  -7.092  -47.532  30.054 0.0000000000
112910  -5.638  -49.674  28.882 0.0000000000
112911  -5.706  -49.040  29.402 0.0000000000
112912  -5.278  -49.055  29.084 0.0000000000
112913  -5.035  -48.390  29.155 0.0000000000
112914  -4.871  -47.708  29.146 0.0000000000
112915  -4.690  -47.008  29.067 0.0000000000
112916  -4.681  -47.565  28.651 0.0000000000
112917  -4.585  -47.369  28.120 0.0000000000
112918  -4.570  -47.089  27.546 0.0000000000
112919  -4.605  -46.813  26.992 0.0000000000
112920  -4.533  -47.647  27.105 0.0000000000
112921  -4.526  -48.129  26.591 0.0000000000
112922  -4.514  -48.599  26.039 0.0000000000
112923  -5.367  -51.119  24.262 0.0000000000
112924  -4.882  -50.690  24.473 0.0000000000
112925  -5.168  -50.933  23.800 0.0000000000
112926  -4.937  -50.788  23.358 0.0000000000
112927  -4.789  -50.545  22.880 0.0000000000
112928  -4.666  -50.329  22.359 0.0000000000
112929  -5.108  -50.799  22.263 0.0000000000
112930  -5.715  -51.012  21.621 0.0000000000
112931  -6.350  -51.238  20.991 0.0000000000
112940  -8.462  -58.120  24.799 0.0000000000
112941  -9.156  -57.440  24.726 0.0000000000
112942  -9.756  -56.618  24.637 0.0000000000
112943  -9.104  -57.345  24.312 0.0000000000
112944  -9.131  -57.245  23.912 0.0000000000
112945  -9.065  -57.183  23.519 0.0000000000
112946  -5.854  -64.108  21.714 0.0000000000
112947  -4.997  -63.964  21.885 0.0000000000
112948  -5.019  -63.784  21.508 0.0000000000
112949  -4.567  -63.130  21.554 0.0000000000
112950  -4.312  -62.422  21.621 0.0000000000
112951  -4.471  -60.576  20.348 0.0000000000
112952  -4.481  -60.695  20.833 0.0000000000
112953  -4.888  -59.917  20.800 0.0000000000
112954  -5.658  -59.283  21.214 0.0000000000
112955  -6.464  -58.681  21.593 0.0000000000
112956  -7.337  -58.134  21.976 0.0000000000
112957  -7.268  -57.933  21.605 0.0000000000
112958  -8.020  -57.172  21.632 0.0000000000
112959  -8.661  -56.341  21.720 0.0000000000
112960  -9.113  -55.437  21.869 0.0000000000
112961  -8.568  -56.148  21.382 0.0000000000
112962  -8.474  -55.938  21.024 0.0000000000
112963  -8.355  -55.727  20.659 0.0000000000
112964  -6.017  -57.511  18.360 0.0000000000
112965  -6.770  -56.803  18.867 0.0000000000
112966  -6.691  -56.671  18.494 0.0000000000
112967  -7.437  -55.802  18.566 0.0000000000
112968  -7.929  -54.942  18.689 0.0000000000
112969  -8.175  -53.979  18.905 0.0000000000
112970  -7.778  -54.854  18.283 0.0000000000
112971  -7.670  -54.727  17.885 0.0000000000
112972  -7.564  -54.617  17.481 0.0000000000
115861  -5.544  -28.974  30.333 0.0000000000
115862  -6.234  -28.849  30.436 0.0000000000
115863  -5.943  -29.553  30.277 0.0000000000
115864  -6.280  -30.274  30.168 0.0000000000
115865  -6.596  -30.934  30.089 0.0000000000
115866  -5.624  -31.521  29.860 0.0000000000
115867  -6.257  -31.567  29.925 0.0000000000
115868  -6.897  -31.635  30.029 0.0000000000
115869  -7.166  -32.312  29.898 0.0000000000
115870  -7.375  -33.046  29.732 0.0000000000
115871  -7.545  -33.855  29.530 0.0000000000
115872  -7.626  -34.463  29.319 0.0000000000
115873  -7.024  -34.390  29.310 0.0000000000
115874  -6.512  -34.903  29.094 0.0000000000
115875  -5.981  -35.403  28.888 0.0000000000
115876  -5.218  -34.663  29.057 0.0000000000
115877  -5.299  -35.271  28.874 0.0000000000
115878  -5.430  -35.869  28.712 0.0000000000
115879  -4.936  -36.388  28.659 0.0000000000
115880  -4.538  -36.949  28.698 0.0000000000
115881  -4.250  -37.534  28.827 0.0000000000
117965  -12.276  -51.775  28.726 0.0000000000
117968  -12.085  -52.437  28.327 0.0000000000
117969  -11.923  -53.071  27.883 0.0000000000
118066  -7.046  -47.693  20.077 0.0000000000
118067  -7.395  -47.855  19.708 0.0000000000
118068  -6.685  -48.027  19.334 0.0000000000
118069  -6.343  -48.315  18.573 0.0000000000
120556  -8.461  -28.277  29.102 0.0000000000
120586  -8.416  -39.414  27.340 0.0000000000
120587  -8.775  -39.492  27.133 0.0000000000
120588  -8.500  -40.000  27.042 0.0000000000
120589  -8.492  -40.572  26.706 0.0000000000
120590  -8.494  -41.147  26.370 0.0000000000
120591  -7.604  -41.498  26.444 0.0000000000
120592  -8.120  -41.626  26.277 0.0000000000
120593  -8.521  -41.700  26.024 0.0000000000
120594  -8.486  -42.280  25.624 0.0000000000
120595  -8.460  -42.847  25.222 0.0000000000
120596  -8.442  -43.392  24.823 0.0000000000
120597  -8.377  -43.931  24.392 0.0000000000
120598  -8.017  -43.813  24.714 0.0000000000
120599  -7.446  -44.215  24.546 0.0000000000
120600  -6.845  -44.611  24.370 0.0000000000
120601  -6.380  -43.999  25.019 0.0000000000
120602  -6.317  -44.523  24.656 0.0000000000
120603  -6.260  -45.000  24.226 0.0000000000
120604  -5.656  -45.424  24.137 0.0000000000
120605  -5.169  -45.956  24.042 0.0000000000
120606  -4.819  -46.538  24.006 0.0000000000
122493  -4.228  -26.819  33.306 0.0000000000
122494  -4.300  -27.487  33.450 0.0000000000
122495  -4.384  -28.129  33.585 0.0000000000
122496  -4.480  -28.732  33.755 0.0000000000
126739  -5.481  -30.487  38.713 0.0000000000
126740  -5.328  -30.377  38.222 0.0000000000
126741  -5.267  -30.854  38.502 0.0000000000
126742  -5.104  -31.231  38.238 0.0000000000
126743  -4.983  -31.623  37.937 0.0000000000
126744  -4.948  -32.216  38.775 0.0000000000
126745  -4.926  -32.107  38.181 0.0000000000
126746  -4.952  -32.009  37.572 0.0000000000
126747  -5.004  -32.406  37.184 0.0000000000
126748  -5.156  -32.796  36.735 0.0000000000
126749  -5.400  -33.149  36.247 0.0000000000
126829  -10.896  -41.822  31.963 0.0000000000
126831  -10.530  -40.053  32.850 0.0000000000
126832  -10.007  -39.323  33.059 0.0000000000
126833  -9.445  -38.513  33.312 0.0000000000
126834  -8.890  -37.800  33.559 0.0000000000
126835  -8.376  -37.078  33.825 0.0000000000
126836  -8.527  -37.960  33.237 0.0000000000
126837  -8.116  -38.159  32.973 0.0000000000
126838  -7.680  -38.428  32.748 0.0000000000
126839  -8.248  -40.084  32.330 0.0000000000
126840  -7.718  -39.436  32.459 0.0000000000
126841  -7.159  -38.785  32.599 0.0000000000
126842  -6.653  -39.043  32.495 0.0000000000
126843  -6.139  -39.328  32.391 0.0000000000
126844  -5.628  -39.530  32.265 0.0000000000
126845  -5.187  -39.486  32.070 0.0000000000
126846  -5.630  -40.223  32.172 0.0000000000
126847  -5.617  -40.856  32.035 0.0000000000
126848  -5.562  -41.552  31.850 0.0000000000
126849  -6.601  -42.241  31.791 0.0000000000
126850  -6.028  -42.218  31.690 0.0000000000
126851  -5.506  -42.213  31.608 0.0000000000
126852  -5.446  -42.892  31.366 0.0000000000
126853  -5.414  -43.587  31.135 0.0000000000
126854  -5.399  -44.302  30.910 0.0000000000
126855  -8.416  -49.756  28.932 0.0000000000
126856  -7.899  -49.292  29.365 0.0000000000
126857  -7.845  -49.879  28.922 0.0000000000
126858  -7.288  -49.998  28.810 0.0000000000
126859  -6.727  -50.105  28.671 0.0000000000
126860  -7.518  -50.902  27.590 0.0000000000
126861  -6.836  -50.623  28.053 0.0000000000
126862  -6.137  -50.213  28.525 0.0000000000
126863  -5.630  -50.237  28.270 0.0000000000
126864  -5.171  -50.194  27.974 0.0000000000
126865  -4.893  -50.080  27.581 0.0000000000
126866  -4.712  -49.879  27.106 0.0000000000
126867  -5.020  -50.508  26.877 0.0000000000
126868  -5.198  -50.839  26.103 0.0000000000
126869  -5.367  -51.127  25.386 0.0000000000
126870  -6.446  -51.500  25.234 0.0000000000
126871  -6.031  -51.401  24.951 0.0000000000
126872  -5.678  -51.283  24.665 0.0000000000
126873  -6.144  -51.402  23.994 0.0000000000
126874  -6.688  -51.559  23.337 0.0000000000
126875  -7.293  -51.809  22.598 0.0000000000
126884  -6.232  -60.090  24.533 0.0000000000
126885  -6.152  -60.034  24.096 0.0000000000
126886  -6.081  -59.946  23.694 0.0000000000
126887  -5.994  -63.277  20.349 0.0000000000
126888  -5.103  -63.254  20.497 0.0000000000
126889  -5.065  -63.089  20.106 0.0000000000
126890  -4.476  -62.662  19.939 0.0000000000
126891  -4.225  -62.030  19.871 0.0000000000
126892  -4.705  -62.343  19.026 0.0000000000
126893  -4.318  -61.904  19.382 0.0000000000
126894  -4.227  -61.264  19.887 0.0000000000
126895  -4.440  -60.446  19.866 0.0000000000
126896  -4.872  -59.643  19.904 0.0000000000
126897  -5.501  -58.850  19.955 0.0000000000
126898  -6.256  -58.045  20.029 0.0000000000
126899  -5.456  -58.727  19.513 0.0000000000
126900  -5.455  -58.601  19.104 0.0000000000
126901  -5.380  -58.501  18.684 0.0000000000
126902  -4.467  -59.957  18.042 0.0000000000
126903  -4.816  -59.141  18.127 0.0000000000
126904  -5.365  -58.323  18.240 0.0000000000
126905  -5.268  -58.180  17.832 0.0000000000
130439  -7.956  -25.316  30.583 0.0000000000
130440  -7.521  -26.047  30.777 0.0000000000
130441  -7.919  -26.027  30.605 0.0000000000
130442  -8.187  -26.042  30.370 0.0000000000
130443  -8.334  -26.753  30.179 0.0000000000
130444  -8.468  -27.447  29.967 0.0000000000
130445  -8.571  -28.156  29.737 0.0000000000
130446  -6.860  -28.868  30.490 0.0000000000
130447  -7.420  -28.921  30.501 0.0000000000
130448  -7.885  -28.885  30.428 0.0000000000
130449  -7.996  -30.364  30.213 0.0000000000
130450  -8.148  -29.636  30.256 0.0000000000
130451  -8.234  -28.897  30.260 0.0000000000
130452  -8.476  -28.915  30.046 0.0000000000
130453  -8.608  -28.921  29.801 0.0000000000
130454  -8.651  -28.984  29.523 0.0000000000
130455  -8.700  -29.730  29.298 0.0000000000
130456  -8.739  -30.498  29.072 0.0000000000
130457  -8.736  -31.216  28.799 0.0000000000
130458  -8.914  -31.912  29.177 0.0000000000
130459  -8.856  -31.974  28.842 0.0000000000
130460  -8.714  -32.005  28.529 0.0000000000
130461  -8.668  -32.798  28.244 0.0000000000
130462  -8.614  -33.611  27.916 0.0000000000
130466  -8.859  -35.603  27.723 0.0000000000
130467  -8.951  -36.166  27.765 0.0000000000
130468  -8.901  -35.443  28.355 0.0000000000
130469  -8.947  -36.098  28.068 0.0000000000
130470  -8.988  -36.728  27.788 0.0000000000
130471  -8.933  -37.260  27.801 0.0000000000
130472  -8.836  -37.825  27.764 0.0000000000
130473  -8.651  -38.355  27.714 0.0000000000
130474  -7.757  -35.114  29.126 0.0000000000
130475  -7.861  -35.732  28.913 0.0000000000
130476  -7.957  -36.366  28.681 0.0000000000
130477  -6.887  -36.758  28.527 0.0000000000
130478  -7.530  -36.887  28.519 0.0000000000
130479  -8.090  -37.000  28.464 0.0000000000
130480  -8.157  -37.631  28.189 0.0000000000
130481  -8.248  -38.253  27.910 0.0000000000
130482  -8.358  -38.853  27.637 0.0000000000
130483  -7.934  -39.302  27.496 0.0000000000
130484  -7.435  -39.752  27.332 0.0000000000
130485  -6.854  -40.209  27.154 0.0000000000
130486  -6.077  -39.561  27.473 0.0000000000
130487  -6.163  -40.102  27.257 0.0000000000
130488  -6.255  -40.657  26.991 0.0000000000
130489  -5.769  -41.126  26.958 0.0000000000
130490  -5.322  -41.637  26.999 0.0000000000
130491  -4.937  -42.198  27.099 0.0000000000
136132  -11.607  -44.033  31.058 0.0000000000
136133  -11.053  -44.208  30.878 0.0000000000
136134  -10.463  -44.350  30.751 0.0000000000
136135  -9.871  -44.497  30.647 0.0000000000
136136  -9.273  -44.539  30.648 0.0000000000
136137  -9.777  -45.119  30.417 0.0000000000
136138  -9.683  -45.751  30.219 0.0000000000
136139  -9.589  -46.405  30.019 0.0000000000
136140  -10.626  -46.907  29.825 0.0000000000
136141  -10.036  -46.959  29.842 0.0000000000
136142  -9.482  -47.064  29.853 0.0000000000
136143  -9.399  -47.731  29.697 0.0000000000
136144  -9.254  -48.388  29.532 0.0000000000
136145  -9.120  -49.006  29.344 0.0000000000
136147  -11.611  -49.585  29.124 0.0000000000
136148  -11.105  -49.594  29.076 0.0000000000
136149  -11.281  -50.938  28.602 0.0000000000
136150  -10.955  -50.291  28.851 0.0000000000
136151  -10.594  -49.618  29.075 0.0000000000
136152  -10.054  -49.661  29.019 0.0000000000
136153  -9.536  -49.666  28.999 0.0000000000
136154  -8.965  -49.676  28.967 0.0000000000
136155  -8.982  -50.289  28.469 0.0000000000
136156  -9.039  -50.860  27.939 0.0000000000
136157  -9.170  -51.241  27.317 0.0000000000
136158  -10.157  -51.766  26.993 0.0000000000
136159  -9.726  -51.664  26.802 0.0000000000
136160  -9.304  -51.583  26.638 0.0000000000
136161  -9.464  -51.956  25.954 0.0000000000
136162  -9.607  -52.398  25.284 0.0000000000
136163  -9.773  -52.843  24.639 0.0000000000
136171  -6.829  -64.335  21.951 0.0000000000
136174  -6.992  -63.502  21.054 0.0000000000
136183  -7.072  -63.260  20.779 0.0000000000
136185  -6.933  -62.805  20.069 0.0000000000
136431  -7.707  -47.921  19.266 0.0000000000
136432  -7.929  -47.913  18.796 0.0000000000
136433  -8.139  -47.940  18.336 0.0000000000
143071  -8.853  -37.415  26.814 0.0000000000
143077  -8.983  -39.549  26.833 0.0000000000
143078  -9.058  -39.636  26.511 0.0000000000
143079  -9.049  -39.687  26.157 0.0000000000
143080  -9.096  -40.879  25.762 0.0000000000
143081  -9.042  -40.272  25.786 0.0000000000
143082  -8.918  -39.694  25.779 0.0000000000
143083  -8.711  -39.775  25.408 0.0000000000
143084  -8.431  -39.777  25.081 0.0000000000
143089  -8.594  -42.080  23.859 0.0000000000
143098  -8.671  -44.674  22.435 0.0000000000
143099  -8.578  -45.186  21.928 0.0000000000
143101  -8.488  -46.125  21.304 0.0000000000
143102  -8.291  -46.615  21.162 0.0000000000
143103  -7.915  -47.024  20.992 0.0000000000
143104  -8.284  -44.477  23.937 0.0000000000
143105  -8.203  -45.003  23.476 0.0000000000
143106  -8.112  -45.514  22.988 0.0000000000
143107  -7.108  -45.692  23.083 0.0000000000
143108  -7.580  -45.858  22.787 0.0000000000
143109  -7.995  -46.044  22.471 0.0000000000
143110  -7.802  -46.484  21.946 0.0000000000
143111  -7.617  -46.931  21.382 0.0000000000
143112  -7.373  -47.353  20.750 0.0000000000
143113  -6.654  -47.551  20.411 0.0000000000
143114  -5.908  -47.739  20.077 0.0000000000
143115  -5.277  -47.980  19.791 0.0000000000
143116  -5.205  -47.542  20.890 0.0000000000
143117  -4.994  -47.928  20.236 0.0000000000
143118  -4.808  -48.321  19.557 0.0000000000
143119  -4.599  -48.870  19.405 0.0000000000
143120  -4.671  -49.527  19.369 0.0000000000
143121  -4.930  -50.140  19.348 0.0000000000
148005  -6.071  -25.559  30.910 0.0000000000
148006  -5.905  -26.236  30.811 0.0000000000
148007  -5.711  -26.943  30.713 0.0000000000
148008  -5.499  -27.654  30.583 0.0000000000
148011  -4.250  -26.135  31.299 0.0000000000
148012  -4.046  -26.962  31.820 0.0000000000
148013  -4.137  -26.781  31.350 0.0000000000
148014  -4.454  -26.662  31.063 0.0000000000
148015  -4.664  -27.214  30.826 0.0000000000
148016  -4.964  -27.776  30.610 0.0000000000
148017  -5.238  -28.373  30.465 0.0000000000
148018  -4.980  -29.047  30.370 0.0000000000
148019  -4.746  -29.671  30.304 0.0000000000
148020  -4.531  -30.297  30.267 0.0000000000
148021  -4.086  -29.880  30.943 0.0000000000
148022  -4.212  -30.375  30.614 0.0000000000
148023  -4.366  -30.855  30.373 0.0000000000
148024  -4.232  -31.463  30.490 0.0000000000
148025  -4.152  -32.106  30.631 0.0000000000
148026  -4.120  -32.774  30.808 0.0000000000
158949  -6.020  -27.928  38.822 0.0000000000
158957  -4.977  -27.552  35.613 0.0000000000
158958  -5.195  -28.211  36.453 0.0000000000
158960  -4.873  -27.989  35.228 0.0000000000
158961  -4.769  -28.399  34.831 0.0000000000
158962  -4.678  -28.797  34.437 0.0000000000
158963  -4.606  -29.211  34.070 0.0000000000
158964  -5.208  -30.226  37.692 0.0000000000
158965  -5.106  -30.109  37.107 0.0000000000
158966  -5.038  -30.015  36.452 0.0000000000
158967  -4.989  -30.914  36.444 0.0000000000
158968  -4.998  -30.407  36.074 0.0000000000
158969  -4.996  -29.902  35.741 0.0000000000
158970  -4.902  -29.844  35.043 0.0000000000
158971  -4.735  -29.755  34.343 0.0000000000
158972  -4.538  -29.661  33.659 0.0000000000
158973  -4.449  -30.160  33.216 0.0000000000
158974  -4.389  -30.648  32.829 0.0000000000
158975  -4.341  -31.101  32.442 0.0000000000
158976  -4.865  -31.589  33.389 0.0000000000
158977  -4.561  -31.594  32.691 0.0000000000
158978  -4.302  -31.637  32.049 0.0000000000
158979  -4.246  -32.208  31.689 0.0000000000
158980  -4.208  -32.744  31.385 0.0000000000
158981  -4.131  -33.330  31.083 0.0000000000
159198  -4.966  -34.462  39.281 0.0000000000
159199  -4.985  -34.279  38.723 0.0000000000
159200  -5.112  -34.093  38.082 0.0000000000
159201  -5.778  -34.858  37.321 0.0000000000
159202  -5.511  -34.434  37.408 0.0000000000
159203  -5.263  -33.935  37.470 0.0000000000
159204  -5.374  -33.786  36.898 0.0000000000
159205  -5.530  -33.673  36.252 0.0000000000
159206  -5.651  -33.589  35.603 0.0000000000
159207  -7.885  -36.392  34.078 0.0000000000
159208  -7.394  -35.850  34.264 0.0000000000
159209  -6.895  -35.391  34.508 0.0000000000
159210  -6.684  -36.351  33.377 0.0000000000
159211  -6.625  -35.582  33.964 0.0000000000
159212  -6.507  -34.963  34.728 0.0000000000
159213  -6.147  -34.527  34.838 0.0000000000
159214  -5.864  -34.063  34.862 0.0000000000
159215  -5.710  -33.557  34.879 0.0000000000
159216  -5.580  -33.584  34.236 0.0000000000
159217  -5.333  -33.666  33.583 0.0000000000
159218  -4.997  -33.777  32.917 0.0000000000
159219  -4.906  -35.077  32.647 0.0000000000
159220  -4.783  -34.471  32.535 0.0000000000
159221  -4.666  -33.893  32.401 0.0000000000
159222  -4.379  -33.970  31.866 0.0000000000
159223  -4.166  -34.003  31.293 0.0000000000
159224  -4.035  -34.040  30.691 0.0000000000
159225  -4.008  -34.598  30.380 0.0000000000
159226  -3.983  -35.177  30.089 0.0000000000
159227  -3.984  -35.760  29.848 0.0000000000
159228  -4.044  -36.526  30.628 0.0000000000
159229  -3.974  -36.430  30.115 0.0000000000
159230  -3.989  -36.345  29.656 0.0000000000
159231  -3.989  -36.954  29.440 0.0000000000
159232  -4.069  -37.617  29.240 0.0000000000
159233  -4.136  -38.231  29.041 0.0000000000
159234  -4.788  -39.417  31.796 0.0000000000
159235  -4.480  -39.323  31.372 0.0000000000
159236  -4.256  -39.203  30.896 0.0000000000
159237  -4.466  -40.608  31.060 0.0000000000
159238  -4.258  -39.827  30.731 0.0000000000
159239  -4.113  -39.100  30.389 0.0000000000
159240  -4.074  -38.996  29.867 0.0000000000
159241  -4.104  -38.904  29.349 0.0000000000
159242  -4.230  -38.802  28.875 0.0000000000
159243  -4.323  -39.415  28.687 0.0000000000
159244  -4.420  -40.048  28.480 0.0000000000
159245  -4.490  -40.625  28.272 0.0000000000
159246  -4.244  -41.517  29.078 0.0000000000
159247  -4.354  -41.340  28.521 0.0000000000
159248  -4.544  -41.209  28.003 0.0000000000
159249  -4.617  -41.741  27.755 0.0000000000
159250  -4.661  -42.324  27.520 0.0000000000
159251  -4.680  -42.903  27.261 0.0000000000
159252  -8.719  -44.665  30.669 0.0000000000
159253  -8.144  -44.755  30.695 0.0000000000
159254  -7.565  -44.854  30.744 0.0000000000
159255  -7.951  -46.076  30.321 0.0000000000
159256  -7.484  -45.526  30.586 0.0000000000
159257  -6.992  -44.960  30.803 0.0000000000
159258  -6.399  -45.004  30.824 0.0000000000
159259  -5.875  -45.042  30.791 0.0000000000
159260  -5.403  -45.068  30.685 0.0000000000
159261  -7.428  -48.762  29.642 0.0000000000
159262  -6.954  -48.222  29.883 0.0000000000
159263  -6.524  -47.658  30.070 0.0000000000
159264  -5.847  -48.411  29.752 0.0000000000
159265  -5.950  -47.744  30.066 0.0000000000
159266  -6.145  -47.060  30.214 0.0000000000
159267  -5.766  -46.423  30.362 0.0000000000
159268  -5.367  -45.749  30.440 0.0000000000
159269  -4.971  -44.989  30.473 0.0000000000
159270  -4.644  -44.911  30.150 0.0000000000
159271  -4.494  -44.730  29.634 0.0000000000
159272  -4.407  -44.547  29.116 0.0000000000
159273  -4.537  -46.097  28.972 0.0000000000
159274  -4.439  -45.176  28.804 0.0000000000
159275  -4.391  -44.261  28.585 0.0000000000
159276  -4.447  -44.031  28.051 0.0000000000
159277  -4.565  -43.802  27.526 0.0000000000
159278  -4.752  -43.583  27.006 0.0000000000
159279  -4.815  -44.215  26.700 0.0000000000
159280  -4.864  -44.796  26.332 0.0000000000
159281  -4.881  -45.384  25.905 0.0000000000
159282  -4.668  -46.546  26.477 0.0000000000
159283  -4.740  -46.215  25.943 0.0000000000
159284  -4.848  -45.909  25.452 0.0000000000
159285  -4.785  -46.365  24.960 0.0000000000
159286  -4.696  -46.827  24.458 0.0000000000
159287  -4.570  -47.254  23.948 0.0000000000
159288  -4.608  -49.662  26.573 0.0000000000
159289  -4.549  -49.357  25.989 0.0000000000
159290  -4.512  -49.046  25.473 0.0000000000
159291  -4.592  -50.130  24.659 0.0000000000
159292  -4.461  -49.431  24.799 0.0000000000
159293  -4.443  -48.663  24.878 0.0000000000
159294  -4.423  -48.304  24.315 0.0000000000
159295  -4.419  -48.041  23.835 0.0000000000
159296  -4.475  -47.705  23.377 0.0000000000
159297  -4.397  -48.136  22.785 0.0000000000
159298  -4.353  -48.516  22.194 0.0000000000
159299  -4.356  -48.951  21.596 0.0000000000
159300  -4.556  -50.057  21.916 0.0000000000
159301  -4.481  -49.732  21.462 0.0000000000
159302  -4.407  -49.445  20.980 0.0000000000
159303  -4.651  -49.913  20.355 0.0000000000
159304  -5.027  -50.344  19.774 0.0000000000
159305  -5.510  -50.724  19.212 0.0000000000
159314  -11.438  -54.851  26.515 0.0000000000
159318  -8.554  -58.282  25.625 0.0000000000
159319  -9.405  -57.676  25.899 0.0000000000
159321  -10.629  -56.355  26.152 0.0000000000
159322  -11.072  -55.524  26.108 0.0000000000
159323  -11.299  -54.690  26.179 0.0000000000
159324  -11.202  -54.498  25.857 0.0000000000
159325  -10.942  -54.358  25.512 0.0000000000
159326  -10.769  -54.215  25.179 0.0000000000
159327  -10.219  -55.765  24.620 0.0000000000
159328  -10.471  -54.911  24.694 0.0000000000
159329  -10.514  -54.062  24.867 0.0000000000
159330  -10.333  -53.882  24.574 0.0000000000
159331  -10.134  -53.659  24.300 0.0000000000
159332  -9.919  -53.494  24.040 0.0000000000
159334  -4.509  -63.544  23.063 0.0000000000
159335  -4.380  -62.779  23.205 0.0000000000
159336  -4.490  -63.409  22.276 0.0000000000
159337  -4.371  -62.700  22.758 0.0000000000
159338  -4.520  -61.989  23.286 0.0000000000
159339  -4.881  -61.234  23.341 0.0000000000
159340  -5.392  -60.528  23.326 0.0000000000
159341  -6.005  -59.863  23.264 0.0000000000
159342  -4.492  -62.984  20.798 0.0000000000
159343  -4.231  -62.383  21.219 0.0000000000
159344  -4.307  -61.634  21.690 0.0000000000
159345  -4.510  -60.818  21.290 0.0000000000
159346  -4.568  -60.883  21.708 0.0000000000
159347  -4.580  -60.954  22.138 0.0000000000
159348  -5.237  -60.341  22.491 0.0000000000
159349  -5.942  -59.738  22.827 0.0000000000
159350  -6.718  -59.207  23.195 0.0000000000
159351  -7.528  -58.561  23.157 0.0000000000
159352  -8.349  -57.883  23.155 0.0000000000
159353  -9.008  -57.075  23.132 0.0000000000
159354  -8.204  -57.542  22.375 0.0000000000
159355  -8.940  -56.920  22.754 0.0000000000
159356  -9.516  -56.153  23.186 0.0000000000
159357  -9.850  -55.199  23.284 0.0000000000
159358  -9.958  -54.234  23.455 0.0000000000
159359  -9.737  -53.280  23.781 0.0000000000
159360  -9.432  -53.105  23.576 0.0000000000
159361  -9.196  -52.891  23.385 0.0000000000
159362  -8.921  -52.771  23.144 0.0000000000
159363  -9.331  -54.476  22.074 0.0000000000
159364  -9.194  -53.404  22.473 0.0000000000
159365  -8.633  -52.635  22.839 0.0000000000
159366  -8.375  -52.475  22.527 0.0000000000
159367  -8.121  -52.342  22.195 0.0000000000
159368  -7.918  -52.158  21.839 0.0000000000
159369  -6.986  -57.240  20.115 0.0000000000
159370  -7.664  -56.415  20.202 0.0000000000
159371  -8.315  -55.541  20.282 0.0000000000
159372  -7.527  -56.084  19.374 0.0000000000
159373  -8.172  -55.363  19.884 0.0000000000
159374  -8.681  -54.631  20.435 0.0000000000
159375  -8.692  -53.601  20.741 0.0000000000
159376  -8.330  -52.715  21.086 0.0000000000
159377  -7.653  -52.010  21.478 0.0000000000
159378  -7.422  -51.836  21.135 0.0000000000
159379  -7.206  -51.706  20.724 0.0000000000
159380  -6.955  -51.568  20.309 0.0000000000
159381  -8.027  -52.988  19.233 0.0000000000
159382  -7.508  -52.102  19.589 0.0000000000
159383  -6.743  -51.430  19.884 0.0000000000
159384  -6.516  -51.290  19.434 0.0000000000
159385  -6.321  -51.197  19.034 0.0000000000
159386  -6.140  -51.121  18.609 0.0000000000
159387  -6.729  -51.564  18.044 0.0000000000
159388  -7.093  -52.203  17.376 0.0000000000
