#!ascii label  , from subject fsaverage vox2ras=TkReg
676
121  -48.826  30.095  -1.170 0.0000000000
267  -42.946  37.002  -3.284 0.0000000000
268  -46.671  34.003  -7.398 0.0000000000
748  -42.008  39.846  -8.152 0.0000000000
1165  -46.976  34.307  -11.784 0.0000000000
1166  -41.587  33.418  -6.513 0.0000000000
1633  -49.155  34.788  -2.689 0.0000000000
1634  -47.340  32.623  -3.797 0.0000000000
1635  -47.397  36.030  -6.062 0.0000000000
1636  -46.164  37.497  -10.946 0.0000000000
2229  -41.812  32.229  -2.215 0.0000000000
3078  -50.545  31.264  -0.510 0.0000000000
3084  -45.591  29.898  -0.398 0.0000000000
3681  -47.013  36.539  -0.815 0.0000000000
3682  -46.372  36.238  -2.790 0.0000000000
3683  -48.250  35.294  -4.263 0.0000000000
3684  -45.387  36.438  -4.743 0.0000000000
3685  -42.952  42.511  -10.111 0.0000000000
3686  -44.129  38.641  -9.750 0.0000000000
3687  -44.444  40.761  -11.746 0.0000000000
4935  -46.833  33.510  -5.356 0.0000000000
4936  -44.436  32.223  -2.992 0.0000000000
4937  -44.241  33.269  -4.795 0.0000000000
4938  -38.828  33.030  -5.246 0.0000000000
5954  -42.221  38.182  -5.627 0.0000000000
5955  -40.215  41.344  -6.344 0.0000000000
5956  -41.201  43.586  -8.316 0.0000000000
6705  -47.092  34.318  -9.724 0.0000000000
6706  -44.155  33.761  -7.189 0.0000000000
6707  -44.506  33.726  -9.634 0.0000000000
6708  -41.825  32.440  -8.611 0.0000000000
7649  -47.058  35.086  0.863 0.0000000000
7650  -49.449  33.931  -0.986 0.0000000000
7651  -49.876  32.326  -2.363 0.0000000000
7652  -47.945  31.286  -2.493 0.0000000000
7653  -49.291  33.463  -3.744 0.0000000000
7654  -48.570  34.340  -5.304 0.0000000000
7655  -48.010  34.909  -7.115 0.0000000000
7656  -44.515  37.345  -7.031 0.0000000000
7657  -46.808  36.587  -8.276 0.0000000000
7658  -47.934  35.357  -9.400 0.0000000000
7659  -47.517  36.065  -11.619 0.0000000000
9249  -44.737  30.841  -1.665 0.0000000000
9252  -41.670  33.406  -4.153 0.0000000000
10758  -50.094  30.594  -1.012 0.0000000000
10762  -47.931  29.361  -0.175 0.0000000000
10763  -46.209  29.382  0.264 0.0000000000
10764  -47.294  29.887  -0.926 0.0000000000
11361  -45.009  36.624  -2.003 0.0000000000
11362  -44.665  36.474  -2.973 0.0000000000
11363  -45.855  36.172  -3.771 0.0000000000
11364  -44.203  36.688  -4.005 0.0000000000
11366  -43.756  41.763  -10.968 0.0000000000
12615  -46.680  33.767  -6.290 0.0000000000
12616  -45.521  33.374  -5.015 0.0000000000
12617  -45.476  33.643  -6.073 0.0000000000
13766  -40.482  44.348  -7.186 0.0000000000
13767  -41.324  45.530  -7.887 0.0000000000
13768  -41.949  44.881  -8.981 0.0000000000
15015  -47.178  34.414  -10.776 0.0000000000
15016  -45.970  34.001  -9.775 0.0000000000
15017  -46.130  33.876  -10.728 0.0000000000
15019  -43.371  32.695  -10.094 0.0000000000
15020  -42.121  31.899  -9.386 0.0000000000
15021  -40.562  31.819  -7.711 0.0000000000
16803  -48.187  35.707  -1.799 0.0000000000
16804  -48.372  35.525  -0.911 0.0000000000
16805  -49.349  34.501  -1.925 0.0000000000
16806  -50.031  33.134  -1.827 0.0000000000
16807  -49.808  33.555  -2.618 0.0000000000
16808  -49.557  32.874  -3.056 0.0000000000
16809  -49.476  34.036  -3.273 0.0000000000
16810  -47.782  35.676  -5.155 0.0000000000
16811  -48.653  34.894  -4.852 0.0000000000
16812  -48.232  35.217  -5.812 0.0000000000
16813  -48.263  34.726  -6.258 0.0000000000
16814  -47.916  35.632  -6.677 0.0000000000
16815  -41.913  38.881  -6.914 0.0000000000
16816  -43.364  37.755  -6.395 0.0000000000
16817  -43.063  38.230  -7.739 0.0000000000
16818  -45.170  38.033  -10.424 0.0000000000
16819  -45.427  37.394  -9.022 0.0000000000
16820  -46.498  36.930  -9.540 0.0000000000
16821  -47.614  36.000  -8.864 0.0000000000
16822  -47.284  36.342  -10.048 0.0000000000
16823  -47.783  35.716  -10.499 0.0000000000
16824  -46.910  36.804  -11.326 0.0000000000
20565  -47.593  31.984  -3.096 0.0000000000
20566  -46.338  31.034  -2.158 0.0000000000
20567  -45.985  31.710  -2.693 0.0000000000
20568  -43.110  32.233  -2.671 0.0000000000
20569  -43.136  31.396  -1.908 0.0000000000
20570  -41.896  31.395  -1.434 0.0000000000
20573  -42.791  33.662  -6.893 0.0000000000
20574  -42.818  33.628  -5.669 0.0000000000
20575  -41.627  33.593  -5.301 0.0000000000
23984  -43.979  29.841  0.181 0.0000000000
25059  -46.692  36.390  -1.788 0.0000000000
25060  -47.870  35.731  -2.643 0.0000000000
25061  -48.684  35.028  -3.461 0.0000000000
25062  -47.401  35.692  -3.564 0.0000000000
25063  -46.972  35.865  -4.482 0.0000000000
25064  -46.524  36.274  -5.386 0.0000000000
25065  -42.331  41.084  -9.169 0.0000000000
25066  -43.004  39.252  -8.914 0.0000000000
25067  -43.343  40.574  -10.027 0.0000000000
25068  -44.197  39.775  -10.885 0.0000000000
25069  -45.100  39.057  -11.662 0.0000000000
25070  -45.880  38.253  -12.133 0.0000000000
27315  -47.131  33.116  -4.509 0.0000000000
27316  -45.888  32.321  -3.377 0.0000000000
27317  -45.659  32.959  -4.111 0.0000000000
27318  -44.347  32.852  -3.804 0.0000000000
27319  -43.049  32.827  -3.510 0.0000000000
27320  -40.279  33.222  -6.008 0.0000000000
27321  -40.272  33.501  -4.858 0.0000000000
29252  -42.558  37.478  -4.411 0.0000000000
29253  -41.210  38.835  -4.854 0.0000000000
29254  -40.945  39.590  -6.069 0.0000000000
29255  -41.016  40.479  -7.284 0.0000000000
29256  -39.812  43.303  -6.390 0.0000000000
29257  -40.470  42.402  -7.400 0.0000000000
29258  -41.394  41.616  -8.290 0.0000000000
29259  -41.968  43.083  -9.283 0.0000000000
29260  -42.645  44.273  -10.103 0.0000000000
31005  -46.905  34.170  -8.656 0.0000000000
31006  -45.428  33.832  -7.281 0.0000000000
31007  -45.707  33.871  -8.616 0.0000000000
31008  -44.292  33.737  -8.460 0.0000000000
31009  -42.942  33.424  -8.152 0.0000000000
31011  -43.121  33.119  -9.205 0.0000000000
31012  -41.611  32.937  -7.633 0.0000000000
31013  -40.332  32.612  -6.943 0.0000000000
33380  -47.176  36.135  0.122 0.0000000000
33381  -48.450  34.720  -0.044 0.0000000000
33383  -50.147  32.468  -0.868 0.0000000000
33384  -50.294  31.706  -1.609 0.0000000000
33385  -49.488  31.020  -1.977 0.0000000000
33386  -48.343  30.707  -1.913 0.0000000000
33387  -49.195  31.706  -2.589 0.0000000000
33388  -48.861  32.376  -3.214 0.0000000000
33389  -48.548  32.992  -3.872 0.0000000000
33390  -49.109  34.456  -4.045 0.0000000000
33391  -48.992  33.898  -4.465 0.0000000000
33392  -48.286  33.474  -4.630 0.0000000000
33393  -47.914  33.872  -5.511 0.0000000000
33394  -47.669  34.072  -6.424 0.0000000000
33395  -47.585  34.338  -7.415 0.0000000000
33396  -43.773  37.146  -5.101 0.0000000000
33397  -44.920  36.907  -5.770 0.0000000000
33398  -46.059  36.666  -6.411 0.0000000000
33399  -44.290  37.779  -8.355 0.0000000000
33400  -45.694  37.038  -7.632 0.0000000000
33401  -46.954  36.394  -7.021 0.0000000000
33402  -47.714  35.800  -7.684 0.0000000000
33403  -47.974  35.134  -8.251 0.0000000000
33404  -47.696  34.575  -8.583 0.0000000000
33405  -47.752  34.833  -9.650 0.0000000000
33406  -47.708  35.103  -10.705 0.0000000000
33407  -47.486  35.198  -11.763 0.0000000000
37989  -46.759  30.469  -1.599 0.0000000000
37990  -45.129  30.392  -1.076 0.0000000000
37991  -43.550  30.214  -0.516 0.0000000000
37992  -44.512  31.451  -2.316 0.0000000000
37993  -43.272  30.634  -1.184 0.0000000000
37998  -44.153  33.607  -5.887 0.0000000000
37999  -42.965  33.301  -4.550 0.0000000000
38000  -41.768  32.934  -3.201 0.0000000000
38001  -40.346  33.398  -3.709 0.0000000000
41478  -49.547  30.324  -1.132 0.0000000000
41480  -49.205  29.792  -0.716 0.0000000000
41481  -48.800  29.427  -0.218 0.0000000000
41482  -48.404  29.690  -0.696 0.0000000000
41483  -47.600  29.607  -0.543 0.0000000000
41484  -48.097  29.955  -1.099 0.0000000000
42080  -43.111  36.945  -2.718 0.0000000000
42081  -44.020  36.697  -2.556 0.0000000000
42082  -43.810  36.677  -3.113 0.0000000000
42083  -44.434  36.554  -3.473 0.0000000000
42084  -43.589  36.810  -3.646 0.0000000000
43335  -46.656  33.876  -6.793 0.0000000000
43336  -46.105  33.671  -6.136 0.0000000000
43337  -46.077  33.840  -6.731 0.0000000000
44486  -41.003  45.918  -7.267 0.0000000000
44487  -41.402  46.422  -7.627 0.0000000000
44488  -41.630  46.090  -8.235 0.0000000000
45735  -47.107  34.410  -11.261 0.0000000000
45736  -46.708  34.136  -10.749 0.0000000000
45737  -46.672  34.061  -11.248 0.0000000000
45740  -42.348  31.483  -9.696 0.0000000000
45741  -41.506  31.470  -8.916 0.0000000000
47523  -48.697  35.313  -2.258 0.0000000000
47524  -48.793  35.218  -1.842 0.0000000000
47525  -49.233  34.685  -2.305 0.0000000000
47526  -49.647  34.028  -2.309 0.0000000000
47527  -49.591  34.157  -2.685 0.0000000000
47528  -49.613  33.809  -2.949 0.0000000000
47529  -49.334  34.370  -3.003 0.0000000000
47530  -47.606  35.859  -5.582 0.0000000000
47531  -48.052  35.498  -5.487 0.0000000000
47532  -47.871  35.633  -5.952 0.0000000000
47533  -48.094  35.411  -6.260 0.0000000000
47534  -47.685  35.839  -6.382 0.0000000000
47535  -41.893  39.284  -7.558 0.0000000000
47536  -42.482  38.581  -7.348 0.0000000000
47537  -42.454  38.978  -7.962 0.0000000000
47538  -45.687  37.679  -10.703 0.0000000000
47539  -45.825  37.410  -9.979 0.0000000000
47540  -46.314  37.142  -10.226 0.0000000000
47541  -46.932  36.643  -9.814 0.0000000000
47542  -46.745  36.897  -10.487 0.0000000000
47543  -47.103  36.585  -10.701 0.0000000000
47544  -46.584  37.185  -11.150 0.0000000000
51285  -47.421  32.301  -3.413 0.0000000000
51286  -46.772  31.844  -2.910 0.0000000000
51287  -46.710  32.199  -3.238 0.0000000000
51288  -42.479  32.218  -2.445 0.0000000000
51289  -42.486  31.817  -2.054 0.0000000000
51290  -41.825  31.780  -1.804 0.0000000000
51292  -41.204  31.877  -1.557 0.0000000000
51293  -42.188  33.531  -6.728 0.0000000000
51294  -42.185  33.623  -6.121 0.0000000000
51295  -41.597  33.549  -5.932 0.0000000000
55330  -45.885  29.622  -0.071 0.0000000000
55332  -45.059  29.627  0.209 0.0000000000
55333  -44.322  29.654  0.477 0.0000000000
55334  -44.782  29.894  -0.105 0.0000000000
57123  -45.659  36.409  -2.359 0.0000000000
57124  -45.783  36.520  -1.829 0.0000000000
57125  -46.474  36.274  -2.271 0.0000000000
57126  -47.309  36.109  -2.236 0.0000000000
57127  -47.106  36.062  -2.688 0.0000000000
57128  -47.624  35.719  -3.100 0.0000000000
57129  -46.880  35.970  -3.191 0.0000000000
57130  -45.604  36.274  -4.291 0.0000000000
57131  -46.434  35.995  -4.156 0.0000000000
57132  -46.227  36.156  -4.619 0.0000000000
57133  -46.770  36.061  -4.918 0.0000000000
57134  -46.053  36.346  -5.036 0.0000000000
57135  -42.625  41.817  -9.650 0.0000000000
57136  -42.830  40.856  -9.581 0.0000000000
57137  -43.119  41.547  -10.066 0.0000000000
57138  -44.124  41.272  -11.400 0.0000000000
57139  -43.969  40.777  -10.959 0.0000000000
57140  -44.361  40.323  -11.359 0.0000000000
57141  -44.682  39.429  -11.284 0.0000000000
57142  -44.725  39.839  -11.746 0.0000000000
57143  -45.114  39.452  -12.087 0.0000000000
60885  -47.011  33.346  -4.916 0.0000000000
60886  -46.384  33.020  -4.320 0.0000000000
60887  -46.280  33.256  -4.736 0.0000000000
60888  -44.871  33.319  -4.868 0.0000000000
60889  -44.917  33.138  -4.381 0.0000000000
60890  -44.321  33.072  -4.245 0.0000000000
60891  -43.738  32.834  -3.667 0.0000000000
60892  -43.641  33.059  -4.140 0.0000000000
60893  -39.569  33.124  -5.649 0.0000000000
60894  -39.583  33.329  -5.140 0.0000000000
64329  -40.653  39.166  -4.507 0.0000000000
64330  -40.154  40.872  -5.784 0.0000000000
64332  -40.514  40.415  -6.241 0.0000000000
64333  -40.918  39.979  -6.725 0.0000000000
64334  -40.580  40.891  -6.839 0.0000000000
64338  -40.818  43.934  -7.789 0.0000000000
64339  -40.438  43.352  -7.387 0.0000000000
64340  -40.802  42.959  -7.881 0.0000000000
64341  -40.927  41.966  -7.877 0.0000000000
64342  -41.192  42.615  -8.350 0.0000000000
64343  -41.659  42.323  -8.791 0.0000000000
64344  -41.585  43.294  -8.777 0.0000000000
64345  -42.118  45.366  -9.383 0.0000000000
64346  -42.266  44.545  -9.546 0.0000000000
68085  -46.990  34.250  -9.204 0.0000000000
68086  -46.320  34.012  -8.613 0.0000000000
68087  -46.458  34.046  -9.181 0.0000000000
68088  -45.214  33.855  -9.689 0.0000000000
68089  -45.129  33.866  -9.153 0.0000000000
68090  -44.388  33.744  -9.074 0.0000000000
68091  -43.615  33.603  -8.337 0.0000000000
68092  -43.711  33.547  -8.930 0.0000000000
68096  -42.549  32.581  -9.390 0.0000000000
68097  -43.228  32.945  -9.664 0.0000000000
68098  -42.450  32.756  -8.926 0.0000000000
68099  -42.353  32.944  -8.433 0.0000000000
68100  -41.713  32.598  -8.119 0.0000000000
68101  -40.966  32.776  -7.320 0.0000000000
68102  -41.107  32.432  -7.782 0.0000000000
68103  -39.831  31.618  -7.275 0.0000000000
73446  -47.577  33.840  1.358 0.0000000000
73447  -47.704  34.354  0.804 0.0000000000
73448  -46.379  36.877  -0.388 0.0000000000
73450  -47.129  36.473  -0.323 0.0000000000
73451  -49.006  34.722  -0.955 0.0000000000
73452  -48.432  35.153  -0.440 0.0000000000
73453  -48.993  34.367  -0.500 0.0000000000
73454  -48.921  33.941  -0.086 0.0000000000
73455  -49.410  33.563  -0.547 0.0000000000
73456  -49.842  32.855  -0.434 0.0000000000
73457  -49.823  33.177  -0.956 0.0000000000
73458  -50.097  32.711  -2.179 0.0000000000
73459  -50.220  32.410  -1.749 0.0000000000
73460  -50.122  32.043  -2.008 0.0000000000
73461  -50.002  31.358  -1.807 0.0000000000
73462  -49.765  31.723  -2.182 0.0000000000
73463  -49.340  31.418  -2.269 0.0000000000
73464  -49.597  31.997  -2.511 0.0000000000
73465  -49.412  33.173  -3.408 0.0000000000
73466  -49.293  32.604  -3.158 0.0000000000
73467  -49.135  32.940  -3.506 0.0000000000
73468  -48.765  32.732  -3.599 0.0000000000
73469  -49.061  33.278  -3.845 0.0000000000
73470  -48.500  35.156  -3.842 0.0000000000
73471  -48.942  34.730  -3.771 0.0000000000
73472  -48.739  34.913  -4.153 0.0000000000
73473  -48.682  34.600  -5.084 0.0000000000
73474  -48.930  34.378  -4.645 0.0000000000
73475  -48.772  34.128  -4.840 0.0000000000
73476  -48.690  33.681  -4.564 0.0000000000
73477  -48.534  33.910  -4.990 0.0000000000
73478  -48.117  33.689  -5.047 0.0000000000
73479  -48.300  34.103  -5.434 0.0000000000
73480  -48.114  34.808  -6.680 0.0000000000
73481  -47.994  34.370  -6.355 0.0000000000
73482  -47.907  34.456  -6.816 0.0000000000
73483  -47.600  34.202  -6.895 0.0000000000
73484  -47.871  34.578  -7.329 0.0000000000
73485  -42.435  37.839  -5.004 0.0000000000
73486  -43.193  37.290  -4.772 0.0000000000
73487  -43.019  37.608  -5.380 0.0000000000
73488  -43.935  37.555  -6.721 0.0000000000
73489  -44.139  37.302  -6.059 0.0000000000
73490  -44.696  37.141  -6.374 0.0000000000
73491  -45.463  36.801  -6.077 0.0000000000
73492  -45.265  37.006  -6.688 0.0000000000
73493  -43.611  38.982  -9.340 0.0000000000
73494  -43.560  38.398  -8.728 0.0000000000
73495  -44.173  38.167  -9.069 0.0000000000
73496  -46.160  36.990  -8.624 0.0000000000
73497  -45.589  37.194  -8.311 0.0000000000
73498  -46.279  36.833  -7.968 0.0000000000
73499  -46.367  36.733  -7.314 0.0000000000
73500  -46.869  36.492  -7.661 0.0000000000
73501  -47.376  36.119  -7.389 0.0000000000
73502  -47.318  36.247  -7.984 0.0000000000
73503  -47.868  35.634  -9.175 0.0000000000
73504  -47.884  35.581  -8.572 0.0000000000
73505  -48.027  35.235  -8.873 0.0000000000
73506  -47.942  34.799  -8.484 0.0000000000
73507  -47.917  34.945  -9.035 0.0000000000
73508  -47.764  34.680  -9.156 0.0000000000
73509  -47.916  35.072  -9.572 0.0000000000
73510  -47.628  35.912  -11.071 0.0000000000
73511  -47.809  35.416  -10.635 0.0000000000
73512  -47.716  35.594  -11.207 0.0000000000
73513  -47.649  35.178  -11.246 0.0000000000
73514  -47.522  35.648  -11.704 0.0000000000
84735  -48.136  30.997  -2.195 0.0000000000
84736  -47.557  30.532  -1.766 0.0000000000
84737  -47.350  30.831  -2.066 0.0000000000
84738  -45.529  30.929  -1.913 0.0000000000
84739  -45.749  30.687  -1.641 0.0000000000
84740  -44.931  30.601  -1.361 0.0000000000
84741  -44.306  30.306  -0.806 0.0000000000
84742  -44.130  30.497  -1.108 0.0000000000
84743  -45.130  32.273  -3.173 0.0000000000
84744  -45.190  31.910  -2.860 0.0000000000
84745  -44.475  31.847  -2.646 0.0000000000
84746  -42.529  30.984  -1.303 0.0000000000
84747  -43.173  30.979  -1.555 0.0000000000
84748  -42.606  30.625  -0.927 0.0000000000
84758  -44.763  33.780  -7.220 0.0000000000
84759  -44.754  33.723  -6.571 0.0000000000
84760  -44.130  33.709  -6.522 0.0000000000
84761  -42.263  33.523  -4.942 0.0000000000
84762  -42.910  33.486  -5.103 0.0000000000
84763  -42.322  33.353  -4.389 0.0000000000
84764  -42.377  33.146  -3.877 0.0000000000
84765  -41.720  33.193  -3.667 0.0000000000
84766  -39.596  33.460  -4.015 0.0000000000
84767  -40.272  33.518  -4.257 0.0000000000
84768  -39.623  33.401  -3.426 0.0000000000
93092  -50.440  30.917  -0.815 0.0000000000
93100  -47.388  29.080  0.387 0.0000000000
93102  -47.071  29.354  0.027 0.0000000000
93103  -46.762  29.592  -0.334 0.0000000000
93104  -46.438  29.884  -0.668 0.0000000000
94178  -44.157  36.769  -2.077 0.0000000000
94179  -44.861  36.558  -2.476 0.0000000000
94180  -45.499  36.364  -2.862 0.0000000000
94181  -46.087  36.170  -3.284 0.0000000000
94182  -45.264  36.350  -3.365 0.0000000000
94183  -45.024  36.432  -3.865 0.0000000000
94184  -44.778  36.550  -4.388 0.0000000000
94185  -43.211  43.149  -10.551 0.0000000000
94186  -43.406  42.188  -10.519 0.0000000000
94187  -43.542  42.715  -10.959 0.0000000000
94188  -43.825  42.274  -11.406 0.0000000000
96435  -46.719  33.645  -5.814 0.0000000000
96436  -46.198  33.456  -5.186 0.0000000000
96437  -46.118  33.569  -5.657 0.0000000000
96438  -45.486  33.483  -5.511 0.0000000000
96439  -44.860  33.453  -5.436 0.0000000000
98504  -39.838  41.827  -5.865 0.0000000000
98506  -40.137  44.761  -6.593 0.0000000000
98508  -40.891  44.941  -7.514 0.0000000000
98509  -41.243  44.573  -8.132 0.0000000000
98510  -41.596  44.247  -8.663 0.0000000000
98511  -41.610  45.203  -8.466 0.0000000000
98512  -41.872  45.769  -8.804 0.0000000000
100755  -47.170  34.366  -10.263 0.0000000000
100756  -46.571  34.133  -9.766 0.0000000000
100757  -46.680  34.135  -10.283 0.0000000000
100758  -46.031  33.962  -10.234 0.0000000000
100759  -45.333  33.795  -10.185 0.0000000000
100762  -43.597  32.322  -10.444 0.0000000000
100763  -42.728  32.287  -9.768 0.0000000000
100764  -41.941  32.211  -9.020 0.0000000000
100765  -41.235  32.066  -8.162 0.0000000000
100766  -41.361  31.814  -8.559 0.0000000000
103973  -47.653  36.091  -1.336 0.0000000000
103974  -47.734  36.132  -0.844 0.0000000000
103975  -48.289  35.629  -1.357 0.0000000000
103976  -48.891  34.999  -1.426 0.0000000000
103977  -49.415  34.267  -1.454 0.0000000000
103978  -49.817  33.520  -1.393 0.0000000000
103979  -49.737  33.837  -1.877 0.0000000000
103980  -49.925  33.406  -2.259 0.0000000000
103981  -49.887  32.923  -2.509 0.0000000000
103982  -49.723  32.573  -2.708 0.0000000000
103983  -49.732  33.214  -2.881 0.0000000000
103984  -49.572  33.478  -3.223 0.0000000000
103985  -49.442  33.714  -3.567 0.0000000000
103986  -48.037  35.496  -4.722 0.0000000000
103987  -48.533  35.135  -4.576 0.0000000000
103988  -48.261  35.325  -5.026 0.0000000000
103989  -48.429  35.111  -5.328 0.0000000000
103990  -48.469  34.791  -5.599 0.0000000000
103991  -48.367  34.527  -5.777 0.0000000000
103992  -48.324  34.972  -6.072 0.0000000000
103993  -48.181  35.195  -6.502 0.0000000000
103994  -48.065  35.289  -6.910 0.0000000000
103995  -42.015  38.531  -6.267 0.0000000000
103996  -42.792  37.949  -6.021 0.0000000000
103997  -42.582  38.239  -6.707 0.0000000000
103998  -43.182  38.015  -7.063 0.0000000000
103999  -43.819  37.732  -7.388 0.0000000000
104000  -44.641  38.340  -10.131 0.0000000000
104001  -44.714  37.899  -9.422 0.0000000000
104002  -45.248  37.638  -9.725 0.0000000000
104003  -46.018  37.183  -9.263 0.0000000000
104004  -46.675  36.750  -8.878 0.0000000000
104005  -47.231  36.337  -8.561 0.0000000000
104006  -47.111  36.467  -9.162 0.0000000000
104007  -47.482  36.117  -9.469 0.0000000000
104008  -47.749  35.798  -9.703 0.0000000000
104009  -47.864  35.511  -9.913 0.0000000000
104010  -47.562  36.021  -10.286 0.0000000000
104011  -47.446  36.250  -10.915 0.0000000000
104012  -47.218  36.443  -11.493 0.0000000000
110745  -47.785  31.628  -2.793 0.0000000000
110746  -47.162  31.124  -2.365 0.0000000000
110747  -46.924  31.488  -2.609 0.0000000000
110748  -46.122  31.377  -2.403 0.0000000000
110749  -45.352  31.243  -2.193 0.0000000000
110750  -43.777  32.230  -2.864 0.0000000000
110751  -43.771  31.825  -2.460 0.0000000000
110752  -43.101  31.846  -2.280 0.0000000000
110753  -42.525  31.405  -1.688 0.0000000000
110754  -41.929  30.974  -1.064 0.0000000000
110759  -43.434  33.734  -7.043 0.0000000000
110760  -43.485  33.701  -6.446 0.0000000000
110761  -42.788  33.682  -6.286 0.0000000000
110762  -42.233  33.616  -5.511 0.0000000000
110763  -41.623  33.531  -4.717 0.0000000000
117406  -46.686  33.891  -11.757 0.0000000000
119910  -46.016  36.677  -1.344 0.0000000000
119911  -46.891  36.466  -1.295 0.0000000000
119912  -47.493  36.102  -1.781 0.0000000000
119913  -48.062  35.759  -2.207 0.0000000000
119914  -48.576  35.298  -2.654 0.0000000000
119915  -48.905  34.897  -3.059 0.0000000000
119916  -48.360  35.394  -3.082 0.0000000000
119917  -48.102  35.409  -3.509 0.0000000000
119918  -47.885  35.473  -3.930 0.0000000000
119919  -46.649  35.952  -3.680 0.0000000000
119920  -47.201  35.731  -4.026 0.0000000000
119921  -47.657  35.605  -4.381 0.0000000000
119922  -47.404  35.782  -4.827 0.0000000000
119923  -47.227  35.982  -5.252 0.0000000000
119924  -46.981  36.170  -5.725 0.0000000000
119925  -42.144  40.464  -8.698 0.0000000000
119926  -42.503  39.532  -8.533 0.0000000000
119927  -42.625  40.157  -9.059 0.0000000000
119928  -43.164  39.908  -9.500 0.0000000000
119929  -43.681  39.608  -9.954 0.0000000000
119930  -43.565  41.214  -10.533 0.0000000000
119931  -43.784  40.202  -10.470 0.0000000000
119932  -44.146  39.219  -10.363 0.0000000000
119933  -44.622  38.859  -10.771 0.0000000000
119934  -45.127  38.558  -11.092 0.0000000000
119935  -45.593  38.223  -11.363 0.0000000000
119936  -46.007  37.883  -11.618 0.0000000000
119937  -45.513  38.692  -11.951 0.0000000000
125175  -47.231  32.882  -4.160 0.0000000000
125176  -46.616  32.481  -3.592 0.0000000000
125177  -46.500  32.732  -3.951 0.0000000000
125178  -45.760  32.668  -3.722 0.0000000000
125179  -45.036  32.629  -3.520 0.0000000000
125180  -45.568  33.207  -4.534 0.0000000000
125181  -44.963  32.907  -3.941 0.0000000000
125182  -44.392  32.578  -3.401 0.0000000000
125183  -43.774  32.570  -3.270 0.0000000000
125184  -43.115  32.570  -3.081 0.0000000000
125185  -42.456  32.578  -2.881 0.0000000000
125186  -40.961  33.332  -6.285 0.0000000000
125187  -40.967  33.479  -5.710 0.0000000000
125188  -40.285  33.395  -5.458 0.0000000000
129866  -42.756  37.209  -3.850 0.0000000000
129867  -42.002  37.728  -4.064 0.0000000000
129868  -41.890  38.085  -4.624 0.0000000000
129869  -41.715  38.485  -5.231 0.0000000000
129870  -40.585  39.609  -5.085 0.0000000000
129871  -41.035  39.208  -5.471 0.0000000000
129872  -41.524  38.856  -5.853 0.0000000000
129873  -41.371  39.232  -6.469 0.0000000000
129874  -41.398  39.638  -7.121 0.0000000000
129875  -41.466  40.128  -7.732 0.0000000000
129877  -39.594  42.811  -5.903 0.0000000000
129878  -39.903  42.323  -6.383 0.0000000000
129879  -40.083  43.772  -6.847 0.0000000000
129880  -40.108  42.839  -6.880 0.0000000000
129881  -40.286  41.869  -6.873 0.0000000000
129882  -40.729  41.384  -7.374 0.0000000000
129883  -41.180  40.989  -7.824 0.0000000000
129884  -41.665  40.724  -8.253 0.0000000000
129885  -41.858  41.346  -8.735 0.0000000000
129886  -42.109  42.056  -9.253 0.0000000000
129887  -42.468  42.780  -9.716 0.0000000000
129888  -41.976  43.964  -9.146 0.0000000000
129889  -42.366  43.689  -9.675 0.0000000000
129890  -42.798  43.422  -10.164 0.0000000000
134625  -46.781  34.112  -8.019 0.0000000000
134626  -46.091  33.930  -7.346 0.0000000000
134627  -46.205  33.958  -7.982 0.0000000000
134628  -45.556  33.861  -7.945 0.0000000000
134629  -44.862  33.816  -7.885 0.0000000000
134630  -45.825  33.959  -9.192 0.0000000000
134631  -45.002  33.828  -8.539 0.0000000000
134632  -44.167  33.753  -7.812 0.0000000000
134633  -43.495  33.688  -7.681 0.0000000000
134634  -42.871  33.561  -7.530 0.0000000000
134635  -42.230  33.388  -7.332 0.0000000000
134638  -44.634  33.644  -10.124 0.0000000000
134639  -44.089  33.038  -10.323 0.0000000000
134640  -43.928  33.320  -9.924 0.0000000000
134641  -43.833  33.517  -9.489 0.0000000000
134642  -43.024  33.303  -8.741 0.0000000000
134643  -42.244  33.172  -7.940 0.0000000000
134644  -41.604  33.242  -7.094 0.0000000000
134645  -40.930  33.095  -6.833 0.0000000000
134646  -40.263  32.964  -6.493 0.0000000000
134647  -39.536  32.862  -6.098 0.0000000000
134648  -40.435  32.208  -7.343 0.0000000000
134649  -39.610  32.454  -6.531 0.0000000000
141293  -47.786  35.874  -0.375 0.0000000000
141294  -47.794  35.459  0.052 0.0000000000
141295  -47.747  34.925  0.392 0.0000000000
141296  -48.369  34.201  0.313 0.0000000000
141301  -50.408  31.811  -0.724 0.0000000000
141302  -50.114  32.803  -1.360 0.0000000000
141303  -50.321  32.067  -1.306 0.0000000000
141304  -50.427  31.457  -1.107 0.0000000000
141305  -50.239  31.075  -1.364 0.0000000000
141306  -49.801  30.780  -1.515 0.0000000000
141307  -49.194  30.556  -1.596 0.0000000000
141308  -48.561  30.404  -1.568 0.0000000000
141309  -48.982  30.880  -1.956 0.0000000000
141310  -48.845  31.203  -2.282 0.0000000000
141311  -48.626  31.486  -2.565 0.0000000000
141312  -49.431  32.270  -2.834 0.0000000000
141313  -49.013  32.010  -2.883 0.0000000000
141314  -48.470  31.811  -2.870 0.0000000000
141315  -48.336  32.181  -3.202 0.0000000000
141316  -48.113  32.485  -3.516 0.0000000000
141317  -47.967  32.763  -3.852 0.0000000000
141318  -49.126  34.534  -3.383 0.0000000000
141319  -49.281  34.238  -3.682 0.0000000000
141320  -49.329  33.934  -3.939 0.0000000000
141321  -48.919  34.666  -4.417 0.0000000000
141322  -49.140  34.152  -4.278 0.0000000000
141323  -49.186  33.686  -4.101 0.0000000000
141324  -48.856  33.468  -4.181 0.0000000000
141325  -48.433  33.229  -4.223 0.0000000000
141326  -47.870  33.041  -4.243 0.0000000000
141327  -47.788  33.280  -4.620 0.0000000000
141328  -47.610  33.487  -5.028 0.0000000000
141329  -47.413  33.639  -5.472 0.0000000000
141330  -48.143  34.260  -5.916 0.0000000000
141331  -47.747  33.978  -5.949 0.0000000000
141332  -47.274  33.752  -5.928 0.0000000000
141333  -47.205  33.890  -6.383 0.0000000000
141334  -47.182  33.997  -6.885 0.0000000000
141335  -47.159  34.153  -7.403 0.0000000000
141336  -43.375  37.005  -4.197 0.0000000000
141337  -43.973  36.864  -4.541 0.0000000000
141338  -44.564  36.759  -4.893 0.0000000000
141339  -43.596  37.464  -5.724 0.0000000000
141340  -44.344  37.022  -5.417 0.0000000000
141341  -45.181  36.639  -5.214 0.0000000000
141342  -45.713  36.572  -5.549 0.0000000000
141343  -46.239  36.475  -5.892 0.0000000000
141344  -46.802  36.299  -6.249 0.0000000000
141345  -43.023  38.692  -8.335 0.0000000000
141346  -43.690  38.011  -8.057 0.0000000000
141347  -44.421  37.516  -7.690 0.0000000000
141348  -44.845  37.556  -8.707 0.0000000000
141349  -44.998  37.358  -7.981 0.0000000000
141350  -45.090  37.180  -7.326 0.0000000000
141351  -45.855  36.873  -6.997 0.0000000000
141352  -46.563  36.516  -6.754 0.0000000000
141353  -47.174  36.180  -6.549 0.0000000000
141354  -47.500  36.022  -6.841 0.0000000000
141355  -47.797  35.700  -7.136 0.0000000000
141356  -47.950  35.362  -7.398 0.0000000000
141357  -47.650  35.921  -8.270 0.0000000000
141358  -47.912  35.480  -7.965 0.0000000000
141359  -48.015  35.010  -7.670 0.0000000000
141360  -47.870  34.708  -7.869 0.0000000000
141361  -47.609  34.482  -7.969 0.0000000000
141362  -47.273  34.273  -8.028 0.0000000000
141363  -47.372  34.366  -8.642 0.0000000000
141364  -47.438  34.463  -9.187 0.0000000000
141365  -47.499  34.557  -9.700 0.0000000000
141366  -47.862  35.253  -10.083 0.0000000000
141367  -47.764  34.953  -10.156 0.0000000000
141368  -47.500  34.667  -10.211 0.0000000000
141369  -47.549  34.725  -10.743 0.0000000000
141370  -47.448  34.776  -11.270 0.0000000000
141371  -47.292  34.717  -11.804 0.0000000000
141372  -46.373  37.481  -11.764 0.0000000000
141373  -46.668  37.051  -11.905 0.0000000000
141374  -46.952  36.633  -12.052 0.0000000000
141377  -47.165  36.153  -12.128 0.0000000000
154929  -47.822  30.263  -1.466 0.0000000000
154930  -46.984  30.164  -1.300 0.0000000000
154931  -46.174  30.173  -1.039 0.0000000000
154932  -46.567  30.755  -1.919 0.0000000000
154933  -45.987  30.463  -1.404 0.0000000000
154934  -45.336  30.185  -0.765 0.0000000000
154935  -44.518  30.112  -0.472 0.0000000000
154936  -43.741  30.047  -0.177 0.0000000000
154938  -45.935  32.039  -3.036 0.0000000000
154939  -45.249  31.578  -2.509 0.0000000000
154940  -44.598  31.128  -1.980 0.0000000000
154941  -43.807  31.411  -2.106 0.0000000000
154942  -43.854  31.011  -1.755 0.0000000000
154943  -43.971  30.721  -1.433 0.0000000000
154944  -43.401  30.395  -0.848 0.0000000000
154945  -42.873  30.170  -0.232 0.0000000000
154956  -45.431  33.795  -6.662 0.0000000000
154957  -44.837  33.600  -5.991 0.0000000000
154958  -44.210  33.437  -5.358 0.0000000000
154959  -43.488  33.616  -5.792 0.0000000000
154960  -43.558  33.468  -5.224 0.0000000000
154961  -43.584  33.270  -4.687 0.0000000000
154962  -42.987  33.071  -4.008 0.0000000000
154963  -42.400  32.857  -3.341 0.0000000000
154964  -41.809  32.624  -2.690 0.0000000000
154965  -40.957  33.563  -5.104 0.0000000000
154966  -40.942  33.537  -4.494 0.0000000000
154967  -41.002  33.407  -3.940 0.0000000000
154969  -40.395  33.237  -3.170 0.0000000000
154970  -41.036  33.235  -3.394 0.0000000000
154971  -41.094  32.982  -2.942 0.0000000000
154972  -41.156  32.673  -2.479 0.0000000000
154973  -41.157  32.292  -1.976 0.0000000000
