#!ascii label  , from subject fsaverage vox2ras=TkReg
202
129  7.844  -50.300  8.912 0.0000000000
549  10.265  -47.668  5.132 0.0000000000
2289  11.068  -45.895  3.537 0.0000000000
3152  9.335  -52.975  9.223 0.0000000000
3154  10.475  -52.307  8.161 0.0000000000
3155  11.409  -51.808  7.155 0.0000000000
3156  8.455  -49.761  7.913 0.0000000000
3754  6.573  -55.649  11.763 0.0000000000
5147  13.077  -50.171  5.472 0.0000000000
5151  10.718  -46.873  4.335 0.0000000000
6833  12.317  -51.059  6.340 0.0000000000
6834  9.716  -48.407  5.963 0.0000000000
7755  7.264  -50.938  9.913 0.0000000000
9429  11.560  -44.555  2.831 0.0000000000
10832  8.313  -52.070  8.530 0.0000000000
10834  8.789  -51.662  8.110 0.0000000000
10835  9.234  -51.260  7.685 0.0000000000
11432  5.536  -55.119  12.854 0.0000000000
11434  5.779  -54.783  12.071 0.0000000000
11435  6.095  -54.424  11.483 0.0000000000
12827  11.416  -49.052  5.036 0.0000000000
12828  13.269  -49.657  4.953 0.0000000000
12829  11.657  -48.635  4.576 0.0000000000
12830  11.885  -48.240  4.070 0.0000000000
12831  10.540  -47.324  4.761 0.0000000000
15227  10.090  -50.662  6.678 0.0000000000
15228  11.851  -51.445  6.720 0.0000000000
15229  10.485  -50.263  6.278 0.0000000000
15230  10.878  -49.875  5.855 0.0000000000
15231  9.471  -48.845  6.366 0.0000000000
17027  6.723  -53.481  10.335 0.0000000000
17029  7.163  -53.057  9.906 0.0000000000
17030  7.568  -52.712  9.422 0.0000000000
17031  6.985  -51.283  10.451 0.0000000000
21212  11.990  -47.068  3.107 0.0000000000
21216  11.298  -45.261  3.127 0.0000000000
24112  11.017  -52.102  7.658 0.0000000000
24113  9.651  -50.938  7.152 0.0000000000
25193  6.377  -53.935  10.904 0.0000000000
27704  12.034  -47.706  3.581 0.0000000000
27705  10.883  -46.389  3.924 0.0000000000
31306  12.652  -50.624  5.911 0.0000000000
31307  11.144  -49.481  5.444 0.0000000000
31308  9.955  -48.036  5.573 0.0000000000
33667  8.898  -53.321  9.571 0.0000000000
33668  7.917  -52.340  9.015 0.0000000000
38523  11.001  -45.069  4.607 0.0000000000
38528  12.322  -43.548  3.741 0.0000000000
38529  11.932  -43.935  2.619 0.0000000000
38773  12.099  -44.925  1.823 0.0000000000
41552  8.001  -51.235  8.628 0.0000000000
41553  8.558  -51.853  8.338 0.0000000000
41554  8.188  -51.087  8.389 0.0000000000
41555  8.389  -50.889  8.175 0.0000000000
41556  7.999  -50.189  8.664 0.0000000000
42153  5.672  -54.945  12.461 0.0000000000
43547  10.734  -48.349  5.001 0.0000000000
43548  11.522  -48.838  4.792 0.0000000000
43549  10.872  -48.161  4.792 0.0000000000
43550  10.979  -47.984  4.562 0.0000000000
43551  10.414  -47.503  4.961 0.0000000000
45947  9.470  -49.886  6.681 0.0000000000
45948  10.277  -50.439  6.490 0.0000000000
45949  9.709  -49.725  6.477 0.0000000000
45950  9.898  -49.562  6.234 0.0000000000
47747  6.644  -52.622  10.598 0.0000000000
47748  6.944  -53.252  10.118 0.0000000000
47749  6.783  -52.428  10.299 0.0000000000
47750  6.999  -52.224  10.084 0.0000000000
47751  6.835  -51.449  10.739 0.0000000000
51932  11.396  -46.482  3.245 0.0000000000
51933  12.056  -46.780  2.871 0.0000000000
51934  11.438  -46.182  2.990 0.0000000000
51935  11.545  -45.850  2.820 0.0000000000
51936  11.164  -45.581  3.304 0.0000000000
55544  11.382  -52.585  8.332 0.0000000000
55545  11.641  -52.525  8.045 0.0000000000
55546  10.754  -52.196  7.930 0.0000000000
55547  8.756  -50.534  7.712 0.0000000000
55548  9.454  -51.123  7.412 0.0000000000
55549  8.919  -50.373  7.444 0.0000000000
55550  9.091  -50.210  7.161 0.0000000000
57340  6.424  -55.929  12.067 0.0000000000
57347  6.057  -53.572  11.710 0.0000000000
57348  6.230  -54.209  11.183 0.0000000000
57349  6.219  -53.346  11.429 0.0000000000
57350  6.339  -53.103  11.147 0.0000000000
61525  13.393  -49.398  4.706 0.0000000000
61532  11.196  -47.573  4.075 0.0000000000
61533  11.982  -47.970  3.837 0.0000000000
61534  11.297  -47.307  3.899 0.0000000000
61535  11.286  -47.012  3.675 0.0000000000
61536  10.761  -46.613  4.125 0.0000000000
68722  12.110  -52.290  7.544 0.0000000000
68724  12.335  -52.141  7.299 0.0000000000
68725  12.089  -51.242  6.508 0.0000000000
68726  12.791  -51.713  6.859 0.0000000000
68731  12.492  -50.853  6.120 0.0000000000
68732  10.221  -49.140  5.831 0.0000000000
68733  10.998  -49.669  5.637 0.0000000000
68734  10.281  -48.988  5.551 0.0000000000
68735  10.475  -48.773  5.424 0.0000000000
68736  9.835  -48.260  5.775 0.0000000000
74132  7.324  -51.925  9.546 0.0000000000
74133  7.740  -52.528  9.215 0.0000000000
74134  7.508  -51.695  9.351 0.0000000000
74135  7.633  -51.548  9.077 0.0000000000
86083  12.575  -43.289  3.622 0.0000000000
86689  11.683  -44.728  2.283 0.0000000000
86690  11.864  -44.406  2.164 0.0000000000
86691  11.755  -44.245  2.684 0.0000000000
93226  8.751  -52.616  8.798 0.0000000000
93227  9.566  -52.817  8.976 0.0000000000
93228  9.031  -52.427  8.546 0.0000000000
93229  9.322  -52.253  8.291 0.0000000000
93230  9.589  -52.038  8.072 0.0000000000
93231  9.823  -51.879  7.825 0.0000000000
93232  9.004  -51.468  7.883 0.0000000000
93233  8.488  -50.685  7.897 0.0000000000
94306  5.590  -56.081  12.818 0.0000000000
94308  5.762  -55.756  12.452 0.0000000000
94309  5.892  -55.554  12.011 0.0000000000
94310  6.094  -55.360  11.765 0.0000000000
94311  6.264  -55.134  11.499 0.0000000000
94312  5.928  -54.635  11.732 0.0000000000
96817  12.226  -49.680  5.205 0.0000000000
96818  13.176  -49.919  5.200 0.0000000000
96819  12.333  -49.441  4.952 0.0000000000
96820  12.448  -49.195  4.715 0.0000000000
96821  12.607  -48.978  4.442 0.0000000000
96822  12.693  -48.766  4.201 0.0000000000
96823  11.783  -48.438  4.324 0.0000000000
96824  11.128  -47.789  4.355 0.0000000000
96825  10.648  -47.114  4.537 0.0000000000
101137  10.733  -51.270  6.853 0.0000000000
101138  11.630  -51.679  6.939 0.0000000000
101139  10.928  -51.120  6.624 0.0000000000
101140  11.159  -50.894  6.444 0.0000000000
101141  11.387  -50.721  6.254 0.0000000000
101142  11.597  -50.555  6.050 0.0000000000
101143  10.723  -50.090  6.076 0.0000000000
101144  10.105  -49.368  6.021 0.0000000000
101145  9.590  -48.593  6.176 0.0000000000
104377  6.988  -54.088  10.438 0.0000000000
104379  7.232  -53.866  10.217 0.0000000000
104380  7.476  -53.728  9.968 0.0000000000
104381  7.737  -53.471  9.785 0.0000000000
104382  7.953  -53.301  9.543 0.0000000000
104383  7.362  -52.886  9.649 0.0000000000
104384  7.164  -52.061  9.807 0.0000000000
104385  7.139  -51.111  10.196 0.0000000000
111918  11.441  -44.910  2.974 0.0000000000
117701  11.881  -52.420  7.763 0.0000000000
117702  11.196  -51.924  7.385 0.0000000000
117703  10.106  -51.725  7.612 0.0000000000
117704  10.318  -51.570  7.335 0.0000000000
117705  10.514  -51.404  7.056 0.0000000000
117706  9.878  -50.808  6.902 0.0000000000
117707  9.324  -50.062  6.954 0.0000000000
117708  8.928  -49.303  7.137 0.0000000000
120225  6.739  -54.308  10.662 0.0000000000
120226  6.520  -53.668  10.637 0.0000000000
120227  6.464  -52.864  10.850 0.0000000000
126085  12.009  -47.384  3.361 0.0000000000
126086  11.309  -46.739  3.465 0.0000000000
126087  10.930  -46.156  3.712 0.0000000000
130146  5.473  -56.185  13.249 0.0000000000
135436  12.558  -51.938  7.066 0.0000000000
135444  12.855  -50.396  5.703 0.0000000000
135445  11.746  -50.309  5.841 0.0000000000
135446  11.907  -50.119  5.605 0.0000000000
135447  12.096  -49.888  5.431 0.0000000000
135448  11.283  -49.277  5.234 0.0000000000
135449  10.591  -48.526  5.199 0.0000000000
135450  10.144  -47.842  5.349 0.0000000000
142125  9.133  -53.143  9.414 0.0000000000
142126  8.157  -53.166  9.313 0.0000000000
142127  8.362  -52.944  9.184 0.0000000000
142128  8.511  -52.831  8.977 0.0000000000
142129  8.103  -52.210  8.804 0.0000000000
142130  7.824  -51.397  8.867 0.0000000000
142131  7.682  -50.475  9.135 0.0000000000
155091  12.625  -43.189  3.012 0.0000000000
155092  12.837  -42.966  2.731 0.0000000000
155093  13.063  -42.877  3.260 0.0000000000
156523  10.233  -46.827  5.206 0.0000000000
156525  10.429  -46.371  4.813 0.0000000000
156528  10.570  -46.175  4.620 0.0000000000
156529  10.672  -45.943  4.416 0.0000000000
156530  10.806  -45.696  4.211 0.0000000000
156531  10.932  -45.462  4.047 0.0000000000
156538  11.405  -44.535  5.095 0.0000000000
156539  11.212  -44.859  4.470 0.0000000000
156540  11.106  -45.216  3.878 0.0000000000
156541  11.295  -44.934  3.693 0.0000000000
156542  11.487  -44.616  3.548 0.0000000000
156543  11.687  -44.313  3.433 0.0000000000
156546  11.885  -44.007  3.280 0.0000000000
156547  12.127  -43.730  3.147 0.0000000000
156548  12.345  -43.424  3.079 0.0000000000
156549  12.172  -43.615  2.556 0.0000000000
157279  11.989  -44.024  2.094 0.0000000000
