#!ascii label  , from subject fsaverage vox2ras=TkReg
2136
21  37.501  6.228  23.710 0.0000000000
53  49.514  20.152  18.503 0.0000000000
109  37.994  15.694  38.372 0.0000000000
249  45.153  17.164  8.744 0.0000000000
250  41.264  13.929  20.957 0.0000000000
251  48.456  9.719  13.111 0.0000000000
386  35.184  17.030  24.713 0.0000000000
495  32.720  10.573  31.089 0.0000000000
507  53.861  14.114  9.613 0.0000000000
730  38.862  10.410  22.072 0.0000000000
731  43.609  8.631  19.347 0.0000000000
883  37.466  20.998  22.673 0.0000000000
1085  37.216  18.277  34.918 0.0000000000
1086  34.773  16.026  31.600 0.0000000000
1087  35.218  13.413  34.649 0.0000000000
1112  54.121  16.919  17.309 0.0000000000
1113  51.534  4.836  8.869 0.0000000000
1114  51.376  7.647  5.877 0.0000000000
1602  45.123  16.823  19.669 0.0000000000
1603  49.677  14.451  19.418 0.0000000000
1604  46.204  11.552  19.436 0.0000000000
1605  47.185  6.626  14.645 0.0000000000
1859  45.140  21.825  19.120 0.0000000000
1860  40.424  18.891  19.886 0.0000000000
1861  37.032  15.798  21.876 0.0000000000
1862  34.753  11.452  24.198 0.0000000000
2131  36.846  18.285  28.257 0.0000000000
2132  32.961  13.677  27.681 0.0000000000
2133  33.220  7.646  26.891 0.0000000000
2139  36.679  10.204  37.960 0.0000000000
2140  34.466  6.977  34.752 0.0000000000
2164  49.393  14.827  9.399 0.0000000000
2165  49.829  12.295  3.403 0.0000000000
2166  51.179  12.474  11.776 0.0000000000
2167  52.295  10.819  3.776 0.0000000000
2650  37.807  8.333  22.704 0.0000000000
2651  40.470  7.550  21.282 0.0000000000
2652  40.108  5.724  22.367 0.0000000000
3005  37.185  17.062  36.831 0.0000000000
3006  35.879  15.808  34.980 0.0000000000
3007  36.427  14.464  36.384 0.0000000000
3031  54.583  19.713  18.130 0.0000000000
3032  52.119  18.646  18.625 0.0000000000
3034  54.488  4.720  5.658 0.0000000000
3629  44.705  15.060  6.970 0.0000000000
3630  43.077  15.428  20.421 0.0000000000
3631  45.678  14.388  20.983 0.0000000000
3632  43.856  12.732  20.937 0.0000000000
3633  45.132  6.037  18.104 0.0000000000
3634  45.309  7.668  17.039 0.0000000000
4088  42.688  20.295  19.217 0.0000000000
4089  40.515  21.257  19.989 0.0000000000
4090  36.292  19.141  23.812 0.0000000000
4091  36.859  18.434  21.905 0.0000000000
4092  35.798  16.567  23.132 0.0000000000
4093  35.904  13.799  23.011 0.0000000000
4094  34.526  14.362  24.283 0.0000000000
4698  33.402  13.574  31.351 0.0000000000
4699  33.559  14.921  29.651 0.0000000000
4700  32.475  12.059  29.346 0.0000000000
4701  32.566  10.701  27.263 0.0000000000
4702  32.401  8.960  28.983 0.0000000000
4718  36.205  7.124  37.979 0.0000000000
4719  35.497  8.716  36.228 0.0000000000
4720  35.720  5.411  36.220 0.0000000000
4773  54.149  16.286  12.891 0.0000000000
4774  51.717  16.979  12.791 0.0000000000
4775  52.121  14.777  9.280 0.0000000000
4776  49.804  13.629  6.127 0.0000000000
4777  52.352  13.500  5.807 0.0000000000
4778  48.839  12.468  16.389 0.0000000000
4779  50.591  13.883  15.691 0.0000000000
4780  49.577  11.283  12.728 0.0000000000
4782  51.794  9.380  4.926 0.0000000000
5922  39.917  12.345  21.571 0.0000000000
5923  42.383  11.141  20.896 0.0000000000
5924  41.372  9.491  21.083 0.0000000000
5925  43.001  6.735  19.924 0.0000000000
6199  37.874  21.348  24.770 0.0000000000
6200  36.702  19.426  25.680 0.0000000000
6561  38.251  19.072  33.275 0.0000000000
6562  36.910  17.893  31.530 0.0000000000
6563  36.139  17.095  33.293 0.0000000000
6564  34.656  14.843  33.233 0.0000000000
6565  33.908  12.205  32.944 0.0000000000
6609  55.346  17.849  15.905 0.0000000000
6610  54.702  15.379  13.711 0.0000000000
6611  49.047  6.918  10.507 0.0000000000
6612  49.733  8.552  9.513 0.0000000000
6613  51.452  5.959  6.958 0.0000000000
7578  47.159  18.482  18.792 0.0000000000
7579  49.554  17.312  19.414 0.0000000000
7580  47.619  15.755  20.468 0.0000000000
7581  47.990  13.079  19.644 0.0000000000
7582  47.354  10.894  16.479 0.0000000000
7583  44.636  10.157  19.235 0.0000000000
7584  46.211  9.260  16.546 0.0000000000
7585  47.522  8.106  13.668 0.0000000000
7586  49.013  5.583  11.842 0.0000000000
8202  44.872  19.361  18.765 0.0000000000
8203  42.764  17.849  19.491 0.0000000000
8204  40.732  16.336  20.361 0.0000000000
8205  38.367  20.020  20.743 0.0000000000
8206  38.530  17.366  20.763 0.0000000000
8207  38.992  14.857  21.292 0.0000000000
8208  37.810  13.097  22.287 0.0000000000
8209  36.606  10.875  22.995 0.0000000000
8210  35.758  8.589  23.899 0.0000000000
8961  35.656  17.858  26.465 0.0000000000
8962  35.576  17.074  29.855 0.0000000000
8963  34.406  16.264  27.971 0.0000000000
8964  34.033  15.301  26.055 0.0000000000
8965  33.405  12.602  25.730 0.0000000000
8966  33.750  9.567  25.403 0.0000000000
8967  35.089  6.756  25.152 0.0000000000
8985  37.546  12.932  37.811 0.0000000000
8986  36.053  11.821  35.914 0.0000000000
8987  34.678  10.397  34.575 0.0000000000
8988  33.536  8.640  32.955 0.0000000000
8990  34.251  5.148  33.014 0.0000000000
8991  32.942  6.849  30.916 0.0000000000
8992  33.666  5.535  28.744 0.0000000000
8993  35.363  4.718  26.657 0.0000000000
9056  46.715  15.703  9.420 0.0000000000
9057  46.847  13.982  6.726 0.0000000000
9058  46.787  12.597  4.405 0.0000000000
9060  51.904  15.875  18.583 0.0000000000
9061  52.841  14.742  14.769 0.0000000000
9062  53.199  13.112  10.691 0.0000000000
9063  50.267  10.207  8.810 0.0000000000
9064  51.732  11.501  7.810 0.0000000000
9065  53.078  12.535  6.581 0.0000000000
9066  51.784  11.789  3.137 0.0000000000
10330  37.600  7.289  23.191 0.0000000000
10331  38.908  6.931  22.516 0.0000000000
10332  38.829  6.000  23.014 0.0000000000
10333  39.963  5.084  22.937 0.0000000000
10334  38.602  5.250  23.591 0.0000000000
10685  37.494  16.368  37.678 0.0000000000
10686  36.703  15.757  36.603 0.0000000000
10687  37.176  15.122  37.326 0.0000000000
10710  50.952  20.900  18.621 0.0000000000
10711  52.295  20.172  18.821 0.0000000000
10712  50.852  19.482  18.636 0.0000000000
11307  44.185  16.838  7.882 0.0000000000
11309  44.856  16.051  7.870 0.0000000000
11310  42.125  14.720  20.723 0.0000000000
11311  43.424  14.143  20.878 0.0000000000
11312  42.565  13.375  20.940 0.0000000000
11768  41.780  21.782  19.699 0.0000000000
11769  40.759  22.298  20.233 0.0000000000
11770  35.858  18.092  24.264 0.0000000000
11771  35.965  17.824  23.419 0.0000000000
11772  35.428  16.810  23.923 0.0000000000
11773  35.200  15.504  23.665 0.0000000000
11774  34.734  15.692  24.461 0.0000000000
12378  33.021  12.157  31.186 0.0000000000
12379  32.873  12.853  30.361 0.0000000000
12380  32.546  11.290  30.162 0.0000000000
12381  32.349  10.486  29.133 0.0000000000
12382  32.439  9.706  30.048 0.0000000000
12399  35.880  6.262  37.110 0.0000000000
12453  54.055  15.078  11.315 0.0000000000
12454  53.152  15.430  11.147 0.0000000000
12455  53.292  14.600  9.354 0.0000000000
12456  52.349  14.150  7.332 0.0000000000
12457  53.303  13.854  7.620 0.0000000000
12458  48.572  11.101  14.703 0.0000000000
12459  49.215  11.935  14.635 0.0000000000
12460  49.028  10.545  12.960 0.0000000000
13710  39.379  11.442  21.858 0.0000000000
13711  40.611  10.885  21.401 0.0000000000
13712  40.092  9.978  21.618 0.0000000000
13713  41.553  6.233  21.132 0.0000000000
13714  41.793  7.141  20.623 0.0000000000
13715  42.807  5.830  20.481 0.0000000000
13716  43.976  5.465  19.634 0.0000000000
14173  37.303  20.411  25.323 0.0000000000
14174  37.737  20.442  26.190 0.0000000000
14775  37.679  18.766  34.059 0.0000000000
14776  37.092  18.119  33.243 0.0000000000
14777  36.655  17.642  34.116 0.0000000000
14778  35.538  14.571  34.905 0.0000000000
14779  35.309  15.288  34.159 0.0000000000
14780  34.877  14.080  33.998 0.0000000000
14781  34.202  13.622  33.105 0.0000000000
14782  34.593  12.891  33.833 0.0000000000
14853  54.502  18.185  17.904 0.0000000000
14854  55.193  18.691  17.117 0.0000000000
14855  54.979  17.344  16.656 0.0000000000
14856  55.017  16.577  15.010 0.0000000000
14857  54.585  16.145  15.612 0.0000000000
14858  50.099  5.634  9.503 0.0000000000
14859  50.170  6.321  8.819 0.0000000000
14860  51.451  5.350  7.843 0.0000000000
16650  46.139  17.627  19.191 0.0000000000
16651  47.362  17.050  19.526 0.0000000000
16652  46.304  16.303  19.952 0.0000000000
16653  46.111  12.772  20.705 0.0000000000
16654  47.034  13.648  20.757 0.0000000000
16655  47.079  12.327  19.532 0.0000000000
16656  47.615  12.042  18.056 0.0000000000
16657  46.822  11.288  17.926 0.0000000000
16658  43.090  9.854  20.304 0.0000000000
16659  43.658  10.587  20.362 0.0000000000
16660  44.042  9.424  19.221 0.0000000000
16661  46.290  7.145  15.910 0.0000000000
16662  45.705  8.483  16.778 0.0000000000
16663  46.551  7.930  15.493 0.0000000000
16664  46.917  8.705  15.206 0.0000000000
16665  47.291  7.400  14.095 0.0000000000
16666  48.035  6.783  12.535 0.0000000000
16667  48.012  6.074  13.258 0.0000000000
18022  46.243  21.429  18.826 0.0000000000
18023  46.042  20.234  18.526 0.0000000000
18024  44.994  20.624  18.829 0.0000000000
18025  41.542  19.551  19.497 0.0000000000
18026  42.659  19.035  19.274 0.0000000000
18027  41.536  18.346  19.681 0.0000000000
18028  41.733  17.075  19.896 0.0000000000
18029  40.570  17.580  20.029 0.0000000000
18030  38.131  21.855  22.102 0.0000000000
18031  38.577  21.225  21.045 0.0000000000
18032  37.722  20.584  21.607 0.0000000000
18033  36.897  17.031  21.802 0.0000000000
18034  37.584  17.876  21.240 0.0000000000
18035  37.708  16.581  21.249 0.0000000000
18036  38.705  16.099  20.970 0.0000000000
18037  37.970  15.332  21.520 0.0000000000
18038  38.375  14.035  21.799 0.0000000000
18039  37.349  14.453  22.079 0.0000000000
18040  35.320  12.667  23.602 0.0000000000
18041  36.194  12.361  23.100 0.0000000000
18042  35.618  11.170  23.580 0.0000000000
18043  36.120  9.750  23.418 0.0000000000
18044  35.180  9.967  24.001 0.0000000000
19850  37.434  18.904  27.633 0.0000000000
19851  36.734  18.836  26.872 0.0000000000
19852  36.192  18.077  27.369 0.0000000000
19853  35.771  17.001  31.524 0.0000000000
19854  36.193  17.394  30.741 0.0000000000
19855  35.076  16.489  30.724 0.0000000000
19856  33.110  14.325  28.678 0.0000000000
19857  33.892  15.597  28.826 0.0000000000
19858  33.483  14.971  27.828 0.0000000000
19859  34.077  15.734  27.002 0.0000000000
19860  33.433  14.502  26.807 0.0000000000
19861  33.583  14.007  25.853 0.0000000000
19862  33.076  13.144  26.578 0.0000000000
19863  32.731  9.114  27.075 0.0000000000
19864  33.026  10.121  26.281 0.0000000000
19865  33.358  8.619  26.101 0.0000000000
19866  34.257  8.147  25.238 0.0000000000
19867  34.023  7.174  25.956 0.0000000000
19913  37.135  11.602  37.803 0.0000000000
19914  36.820  12.360  36.783 0.0000000000
19915  36.431  10.924  36.831 0.0000000000
19916  34.917  7.893  35.492 0.0000000000
19917  35.115  9.509  35.326 0.0000000000
19918  34.531  8.682  34.634 0.0000000000
19919  34.062  9.511  33.826 0.0000000000
19920  34.039  7.825  33.881 0.0000000000
19926  34.442  4.411  31.884 0.0000000000
19927  33.543  5.975  31.978 0.0000000000
19928  33.672  5.227  30.856 0.0000000000
19929  33.158  6.090  29.830 0.0000000000
19930  34.137  4.612  29.752 0.0000000000
19934  36.441  4.510  25.765 0.0000000000
20081  50.442  15.793  11.274 0.0000000000
20083  49.096  16.104  11.225 0.0000000000
20084  47.780  16.593  11.055 0.0000000000
20085  47.954  15.154  9.478 0.0000000000
20086  46.798  14.698  8.015 0.0000000000
20087  48.131  14.292  7.890 0.0000000000
20088  49.940  13.055  4.691 0.0000000000
20089  48.359  13.080  5.106 0.0000000000
20090  48.319  12.437  3.860 0.0000000000
20093  49.719  15.863  20.000 0.0000000000
20094  50.806  16.548  19.365 0.0000000000
20095  50.759  15.208  19.026 0.0000000000
20096  50.921  13.175  13.796 0.0000000000
20097  51.631  14.406  15.241 0.0000000000
20098  51.935  13.549  13.232 0.0000000000
20099  53.116  13.854  12.760 0.0000000000
20100  52.188  12.802  11.293 0.0000000000
20101  50.463  8.012  7.730 0.0000000000
20102  49.936  9.427  9.177 0.0000000000
20103  50.623  8.887  7.332 0.0000000000
20104  52.090  10.215  4.333 0.0000000000
20105  51.517  10.512  6.350 0.0000000000
20106  52.053  11.141  5.688 0.0000000000
20107  52.546  11.964  7.128 0.0000000000
20108  52.501  11.697  5.173 0.0000000000
20109  52.599  12.290  4.644 0.0000000000
20110  52.206  11.386  3.266 0.0000000000
23202  38.228  9.353  22.273 0.0000000000
23203  39.539  8.938  21.747 0.0000000000
23204  39.087  7.911  22.041 0.0000000000
23205  40.199  6.630  21.800 0.0000000000
23206  41.570  5.394  21.717 0.0000000000
23841  37.090  17.765  35.888 0.0000000000
23842  36.473  17.072  35.057 0.0000000000
23843  36.490  16.416  35.873 0.0000000000
23844  36.114  15.133  35.702 0.0000000000
23845  35.860  13.907  35.516 0.0000000000
23888  53.613  20.661  18.672 0.0000000000
23889  53.503  19.145  18.469 0.0000000000
23890  53.287  17.722  18.385 0.0000000000
23891  53.276  4.486  8.543 0.0000000000
23892  53.071  4.711  7.259 0.0000000000
23893  54.783  4.539  7.047 0.0000000000
24966  44.097  16.137  20.144 0.0000000000
24967  45.309  15.602  20.450 0.0000000000
24968  44.344  14.915  20.751 0.0000000000
24969  44.731  13.576  20.999 0.0000000000
24970  45.176  11.964  20.560 0.0000000000
24971  44.253  7.311  18.526 0.0000000000
24972  44.445  8.149  18.150 0.0000000000
24973  45.132  6.818  17.475 0.0000000000
24974  46.144  6.370  16.449 0.0000000000
24975  47.158  5.939  15.317 0.0000000000
24976  48.158  5.505  14.061 0.0000000000
25790  43.914  21.066  19.097 0.0000000000
25791  42.875  21.449  19.287 0.0000000000
25792  41.610  20.756  19.518 0.0000000000
25793  40.434  20.104  19.808 0.0000000000
25794  36.846  20.136  23.293 0.0000000000
25795  37.001  19.766  22.228 0.0000000000
25796  36.416  18.855  22.835 0.0000000000
25797  36.307  17.427  22.517 0.0000000000
25798  36.279  16.140  22.400 0.0000000000
25799  36.470  14.865  22.495 0.0000000000
25800  35.807  15.218  23.037 0.0000000000
25801  35.134  14.081  23.605 0.0000000000
25802  34.558  12.950  24.241 0.0000000000
26887  37.494  18.451  29.137 0.0000000000
26888  33.973  14.899  31.541 0.0000000000
26889  34.110  15.413  30.660 0.0000000000
26890  33.365  14.206  30.519 0.0000000000
26891  32.872  13.575  29.473 0.0000000000
26892  32.634  12.916  28.488 0.0000000000
26893  32.687  12.228  27.440 0.0000000000
26894  32.394  11.369  28.294 0.0000000000
26895  32.372  9.799  28.096 0.0000000000
26896  32.660  8.226  27.915 0.0000000000
26924  36.330  8.694  37.982 0.0000000000
26925  36.062  9.471  37.016 0.0000000000
26926  35.785  7.986  37.100 0.0000000000
26927  35.351  7.093  36.344 0.0000000000
26928  34.991  6.207  35.505 0.0000000000
27023  54.176  17.581  14.104 0.0000000000
27025  53.018  16.648  12.832 0.0000000000
27026  51.834  15.626  11.151 0.0000000000
27027  50.757  14.812  9.342 0.0000000000
27028  49.586  14.143  7.664 0.0000000000
27029  51.036  14.185  7.463 0.0000000000
27030  51.195  13.646  5.833 0.0000000000
27031  51.223  12.943  4.431 0.0000000000
27032  49.201  13.466  17.917 0.0000000000
27033  50.142  14.217  17.610 0.0000000000
27034  49.621  13.204  16.095 0.0000000000
27035  50.039  12.561  14.277 0.0000000000
27036  50.319  12.014  12.350 0.0000000000
27037  52.398  7.505  4.006 0.0000000000
27038  51.526  8.528  5.423 0.0000000000
27039  52.373  8.338  3.612 0.0000000000
27040  52.387  9.078  3.156 0.0000000000
27041  52.229  9.855  2.632 0.0000000000
27042  51.969  10.419  2.238 0.0000000000
29178  40.525  13.157  21.284 0.0000000000
29179  41.802  12.527  21.055 0.0000000000
29180  41.127  11.761  21.269 0.0000000000
29181  41.893  10.366  20.956 0.0000000000
29182  42.632  9.091  20.272 0.0000000000
29183  40.870  8.536  21.118 0.0000000000
29184  42.153  8.209  20.427 0.0000000000
29185  43.300  7.732  19.598 0.0000000000
29186  44.070  6.376  19.017 0.0000000000
29187  45.167  5.183  18.766 0.0000000000
29822  38.142  22.202  23.246 0.0000000000
29825  37.587  21.286  23.774 0.0000000000
29826  36.968  20.329  24.322 0.0000000000
29827  36.425  19.348  24.735 0.0000000000
29828  35.862  18.316  25.133 0.0000000000
30670  38.254  18.545  31.670 0.0000000000
30671  37.733  18.456  32.441 0.0000000000
30672  36.499  17.524  32.344 0.0000000000
30673  35.459  16.561  32.402 0.0000000000
30674  35.936  16.527  34.168 0.0000000000
30675  35.334  15.997  33.325 0.0000000000
30676  34.626  15.483  32.422 0.0000000000
30677  33.959  14.303  32.348 0.0000000000
30678  33.545  12.859  32.164 0.0000000000
30679  33.245  11.420  32.040 0.0000000000
30781  55.170  18.435  15.166 0.0000000000
30782  54.931  17.101  14.447 0.0000000000
30783  54.729  15.879  13.205 0.0000000000
30784  54.381  14.658  11.753 0.0000000000
30785  48.560  8.341  11.701 0.0000000000
30786  49.006  9.188  11.362 0.0000000000
30787  49.336  7.686  9.981 0.0000000000
30788  50.361  7.130  8.245 0.0000000000
30789  51.451  6.783  6.344 0.0000000000
30790  52.848  5.174  6.085 0.0000000000
30791  52.721  5.901  5.071 0.0000000000
30792  52.598  6.730  4.467 0.0000000000
33186  48.272  19.376  18.544 0.0000000000
33187  49.502  18.704  18.787 0.0000000000
33188  48.408  17.901  19.112 0.0000000000
33189  48.604  16.493  19.999 0.0000000000
33190  48.844  15.142  20.493 0.0000000000
33191  46.563  15.164  20.719 0.0000000000
33192  47.944  14.458  20.700 0.0000000000
33193  48.854  13.760  19.549 0.0000000000
33194  48.486  12.769  18.108 0.0000000000
33195  48.079  11.631  16.415 0.0000000000
33196  47.912  10.266  14.749 0.0000000000
33197  43.077  11.899  20.849 0.0000000000
33198  44.366  11.268  20.419 0.0000000000
33199  45.368  10.820  19.239 0.0000000000
33200  44.846  9.000  17.948 0.0000000000
33201  45.425  9.747  17.914 0.0000000000
33202  46.140  10.551  17.882 0.0000000000
33203  46.752  10.100  16.512 0.0000000000
33204  47.385  9.460  14.973 0.0000000000
33205  47.963  8.877  13.315 0.0000000000
33206  48.181  7.531  12.062 0.0000000000
33207  48.958  6.182  11.020 0.0000000000
33208  50.191  5.108  10.402 0.0000000000
33211  51.732  4.480  9.976 0.0000000000
34908  47.101  19.868  18.312 0.0000000000
34909  46.061  18.850  18.721 0.0000000000
34910  45.003  18.077  19.112 0.0000000000
34911  43.801  19.844  19.003 0.0000000000
34912  43.859  18.556  19.130 0.0000000000
34913  43.953  17.308  19.547 0.0000000000
34914  42.893  16.589  19.911 0.0000000000
34915  41.929  15.880  20.300 0.0000000000
34916  40.980  15.120  20.654 0.0000000000
34917  39.630  21.789  20.605 0.0000000000
34918  39.428  20.713  20.250 0.0000000000
34919  39.354  19.444  20.217 0.0000000000
34920  37.572  19.225  21.320 0.0000000000
34921  38.414  18.712  20.643 0.0000000000
34922  39.453  18.133  20.304 0.0000000000
34923  39.588  16.819  20.466 0.0000000000
34924  39.800  15.576  20.781 0.0000000000
34925  40.099  14.385  21.102 0.0000000000
34926  39.419  13.589  21.561 0.0000000000
34927  38.832  12.678  21.942 0.0000000000
34928  38.335  11.685  22.287 0.0000000000
34929  36.804  13.519  22.607 0.0000000000
34930  37.247  12.040  22.696 0.0000000000
34931  37.748  10.601  22.523 0.0000000000
34932  37.150  9.506  22.846 0.0000000000
34933  36.769  8.458  23.309 0.0000000000
34934  36.537  7.363  23.796 0.0000000000
37129  37.330  19.634  26.540 0.0000000000
37130  36.200  18.651  26.062 0.0000000000
37131  35.269  17.480  25.625 0.0000000000
37133  36.801  17.903  29.883 0.0000000000
37134  36.132  17.687  29.030 0.0000000000
37135  34.446  16.022  29.789 0.0000000000
37136  34.952  16.733  28.911 0.0000000000
37137  35.564  17.434  28.094 0.0000000000
37138  35.038  17.052  27.140 0.0000000000
37139  34.686  16.557  26.256 0.0000000000
37140  34.596  16.162  25.337 0.0000000000
37141  34.154  14.874  25.100 0.0000000000
37142  33.949  13.543  24.973 0.0000000000
37143  34.002  12.086  24.929 0.0000000000
37144  32.931  11.675  26.468 0.0000000000
37145  33.467  11.084  25.589 0.0000000000
37146  34.213  10.508  24.779 0.0000000000
37147  34.674  9.076  24.599 0.0000000000
37148  35.344  7.712  24.503 0.0000000000
37149  36.240  6.472  24.377 0.0000000000
37203  37.750  14.299  38.056 0.0000000000
37204  36.934  13.708  37.052 0.0000000000
37205  36.319  13.133  36.141 0.0000000000
37206  35.590  12.595  35.278 0.0000000000
37207  35.796  10.250  36.041 0.0000000000
37208  35.335  11.121  35.228 0.0000000000
37209  34.929  11.980  34.525 0.0000000000
37210  34.279  11.230  33.786 0.0000000000
37211  33.650  10.440  32.912 0.0000000000
37212  33.081  9.575  32.033 0.0000000000
37215  34.932  5.246  34.670 0.0000000000
37218  34.246  6.076  33.980 0.0000000000
37219  33.649  6.869  33.002 0.0000000000
37220  33.083  7.775  31.974 0.0000000000
37221  32.663  8.712  30.986 0.0000000000
37222  32.565  7.826  29.939 0.0000000000
37223  32.815  7.097  28.882 0.0000000000
37224  33.353  6.528  27.758 0.0000000000
37226  34.389  5.050  27.628 0.0000000000
37227  34.147  5.998  26.748 0.0000000000
37228  35.149  5.681  25.872 0.0000000000
37229  36.257  5.427  25.040 0.0000000000
37230  37.510  5.215  24.294 0.0000000000
37412  45.771  16.479  9.147 0.0000000000
37413  45.697  15.385  7.989 0.0000000000
37414  45.715  14.463  6.861 0.0000000000
37415  45.644  13.609  5.749 0.0000000000
37416  48.291  13.647  6.476 0.0000000000
37417  46.921  13.277  5.516 0.0000000000
37418  45.534  12.740  4.937 0.0000000000
37422  50.756  17.992  18.912 0.0000000000
37423  52.033  17.165  18.811 0.0000000000
37424  53.039  16.434  17.957 0.0000000000
37425  51.291  14.870  17.207 0.0000000000
37426  52.494  15.366  16.751 0.0000000000
37427  53.671  15.741  16.202 0.0000000000
37428  54.024  14.959  14.250 0.0000000000
37429  54.055  14.122  12.239 0.0000000000
37430  53.873  13.571  10.082 0.0000000000
37431  49.432  10.025  11.063 0.0000000000
37432  49.859  10.771  10.761 0.0000000000
37433  50.509  11.445  10.294 0.0000000000
37434  50.980  9.737  6.854 0.0000000000
37435  50.934  10.916  8.327 0.0000000000
37436  51.392  11.908  9.796 0.0000000000
37437  52.341  12.304  9.206 0.0000000000
37438  53.213  12.720  8.549 0.0000000000
37439  53.608  13.307  8.036 0.0000000000
37440  52.997  13.089  6.000 0.0000000000
37441  52.108  12.727  4.423 0.0000000000
37442  50.997  12.053  3.048 0.0000000000
37443  51.428  10.838  2.199 0.0000000000
37444  50.720  11.151  2.301 0.0000000000
41050  37.550  6.747  23.440 0.0000000000
41051  38.174  6.606  23.122 0.0000000000
41052  38.141  6.116  23.369 0.0000000000
41053  38.700  5.631  23.292 0.0000000000
41054  38.025  5.726  23.649 0.0000000000
41405  37.723  16.020  38.044 0.0000000000
41406  37.305  15.703  37.537 0.0000000000
41407  37.585  15.390  37.880 0.0000000000
41430  50.245  20.542  18.542 0.0000000000
41431  50.916  20.226  18.613 0.0000000000
41432  50.210  19.858  18.587 0.0000000000
42027  44.680  17.009  8.272 0.0000000000
42028  44.486  16.461  7.877 0.0000000000
42029  44.919  16.595  8.321 0.0000000000
42030  41.679  14.338  20.843 0.0000000000
42031  42.325  14.058  20.868 0.0000000000
42032  41.911  13.653  20.952 0.0000000000
42490  35.576  17.649  24.493 0.0000000000
42491  35.651  17.460  24.079 0.0000000000
42492  35.337  16.927  24.279 0.0000000000
42493  35.087  16.280  24.177 0.0000000000
42494  34.923  16.374  24.567 0.0000000000
43098  32.848  11.350  31.131 0.0000000000
43099  32.762  11.707  30.670 0.0000000000
43100  32.585  10.933  30.600 0.0000000000
43101  32.452  10.502  30.113 0.0000000000
43102  32.542  10.124  30.556 0.0000000000
43173  53.958  14.564  10.502 0.0000000000
43174  53.667  14.799  10.352 0.0000000000
43175  53.639  14.354  9.415 0.0000000000
43176  53.297  14.165  8.352 0.0000000000
43177  53.596  13.964  8.568 0.0000000000
43178  48.429  10.410  13.873 0.0000000000
43179  48.797  10.835  13.849 0.0000000000
43180  48.732  10.152  13.036 0.0000000000
44430  39.127  10.935  21.975 0.0000000000
44431  39.748  10.683  21.717 0.0000000000
44432  39.444  10.194  21.817 0.0000000000
44433  42.147  5.610  21.135 0.0000000000
44434  42.190  6.044  20.821 0.0000000000
44435  42.712  5.427  20.813 0.0000000000
44894  38.319  20.885  26.426 0.0000000000
45491  37.469  18.594  35.380 0.0000000000
45492  37.922  19.182  35.409 0.0000000000
45493  37.640  18.868  34.896 0.0000000000
45494  37.889  19.125  34.460 0.0000000000
45495  37.409  18.519  34.474 0.0000000000
45496  37.119  18.224  34.106 0.0000000000
45497  36.940  17.962  34.528 0.0000000000
45498  35.387  13.942  34.756 0.0000000000
45499  35.182  14.289  34.431 0.0000000000
45500  35.040  13.732  34.333 0.0000000000
45501  34.733  13.506  33.919 0.0000000000
45502  34.909  13.174  34.253 0.0000000000
45573  54.340  17.519  17.684 0.0000000000
45574  54.799  17.757  17.351 0.0000000000
45575  54.610  17.108  16.999 0.0000000000
45576  54.788  16.729  16.191 0.0000000000
45577  54.379  16.527  16.516 0.0000000000
45578  50.752  5.191  9.093 0.0000000000
45579  50.752  5.490  8.729 0.0000000000
45580  51.497  5.083  8.331 0.0000000000
47370  45.621  17.239  19.443 0.0000000000
47371  46.222  16.941  19.552 0.0000000000
47372  45.691  16.554  19.800 0.0000000000
47373  46.201  12.086  20.140 0.0000000000
47374  46.704  12.433  20.195 0.0000000000
47375  46.630  11.884  19.481 0.0000000000
47376  46.942  11.782  18.765 0.0000000000
47377  46.543  11.435  18.732 0.0000000000
47378  43.368  9.271  19.805 0.0000000000
47379  43.600  9.621  19.801 0.0000000000
47380  43.816  9.038  19.267 0.0000000000
47381  46.745  6.873  15.273 0.0000000000
47382  46.385  7.536  15.684 0.0000000000
47383  46.817  7.272  15.030 0.0000000000
47384  46.910  7.645  14.779 0.0000000000
47385  47.191  7.036  14.347 0.0000000000
47386  47.619  6.716  13.645 0.0000000000
47387  47.590  6.357  13.982 0.0000000000
48742  45.695  21.590  18.995 0.0000000000
48743  45.600  21.006  18.821 0.0000000000
48744  45.054  21.229  18.983 0.0000000000
48745  40.942  19.246  19.704 0.0000000000
48746  41.540  18.960  19.576 0.0000000000
48747  40.966  18.605  19.771 0.0000000000
48748  41.047  17.980  19.827 0.0000000000
48749  40.506  18.262  19.944 0.0000000000
48750  37.765  21.495  22.389 0.0000000000
48751  37.889  21.251  21.832 0.0000000000
48752  37.544  20.821  22.132 0.0000000000
48753  36.914  16.420  21.860 0.0000000000
48754  37.276  16.821  21.534 0.0000000000
48755  37.334  16.207  21.600 0.0000000000
48756  37.812  15.950  21.362 0.0000000000
48757  37.481  15.600  21.625 0.0000000000
48758  37.646  14.909  21.810 0.0000000000
48759  37.178  15.138  21.956 0.0000000000
48760  35.041  12.070  23.908 0.0000000000
48761  35.464  11.915  23.617 0.0000000000
48762  35.178  11.302  23.877 0.0000000000
48763  35.362  10.560  23.810 0.0000000000
48764  34.900  10.675  24.128 0.0000000000
50568  37.517  18.639  28.347 0.0000000000
50569  37.849  18.933  28.040 0.0000000000
50570  37.155  18.550  27.897 0.0000000000
50571  36.769  18.471  27.502 0.0000000000
50572  36.510  18.179  27.808 0.0000000000
50573  35.230  16.533  31.583 0.0000000000
50574  35.411  16.741  31.148 0.0000000000
50575  34.908  16.261  31.169 0.0000000000
50576  32.983  14.004  28.210 0.0000000000
50577  33.272  14.678  28.231 0.0000000000
50578  33.190  14.353  27.751 0.0000000000
50579  33.443  14.722  27.316 0.0000000000
50580  33.189  14.096  27.238 0.0000000000
50581  33.227  13.897  26.705 0.0000000000
50582  33.004  13.414  27.137 0.0000000000
50583  32.957  8.363  26.970 0.0000000000
50584  33.039  8.840  26.574 0.0000000000
50585  33.267  8.130  26.478 0.0000000000
50586  33.640  7.905  26.009 0.0000000000
50587  33.568  7.403  26.404 0.0000000000
50629  36.815  9.785  38.492 0.0000000000
50630  37.141  10.122  39.006 0.0000000000
50631  36.991  10.541  38.470 0.0000000000
50633  36.874  10.888  37.925 0.0000000000
50634  36.775  11.262  37.317 0.0000000000
50635  36.566  10.539  37.429 0.0000000000
50636  34.656  7.399  35.126 0.0000000000
50637  34.699  8.248  35.057 0.0000000000
50638  34.427  7.809  34.743 0.0000000000
50639  34.265  8.249  34.292 0.0000000000
50640  34.235  7.391  34.351 0.0000000000
50646  34.631  4.118  31.304 0.0000000000
50647  34.031  4.798  31.371 0.0000000000
50648  34.221  4.498  30.821 0.0000000000
50649  33.887  4.886  30.293 0.0000000000
50650  34.474  4.223  30.266 0.0000000000
50801  49.915  15.283  10.310 0.0000000000
50802  49.779  15.911  11.243 0.0000000000
50803  49.224  15.345  10.305 0.0000000000
50804  48.520  15.531  10.322 0.0000000000
50805  48.695  14.952  9.438 0.0000000000
50806  48.093  14.675  8.682 0.0000000000
50807  48.788  14.500  8.556 0.0000000000
50808  49.905  12.687  3.991 0.0000000000
50809  49.139  12.739  4.170 0.0000000000
50810  49.129  12.375  3.559 0.0000000000
50811  48.288  12.011  3.384 0.0000000000
50812  49.091  11.965  3.084 0.0000000000
50813  49.808  15.092  19.966 0.0000000000
50814  50.301  15.509  19.644 0.0000000000
50815  50.178  14.859  19.208 0.0000000000
50816  51.100  12.835  12.866 0.0000000000
50817  51.381  13.400  13.504 0.0000000000
50818  51.555  12.988  12.498 0.0000000000
50819  52.053  13.136  12.274 0.0000000000
50820  51.686  12.634  11.493 0.0000000000
50821  50.895  7.789  6.825 0.0000000000
50822  50.520  8.475  7.527 0.0000000000
50823  50.929  8.252  6.625 0.0000000000
50824  52.230  10.543  4.040 0.0000000000
50825  52.040  10.711  5.018 0.0000000000
50826  52.248  10.996  4.726 0.0000000000
50827  52.357  11.422  5.447 0.0000000000
50828  52.389  11.263  4.431 0.0000000000
50829  52.431  11.534  4.181 0.0000000000
50830  52.318  11.086  3.519 0.0000000000
54030  38.015  8.821  22.483 0.0000000000
54031  38.640  8.609  22.202 0.0000000000
54032  38.452  8.124  22.394 0.0000000000
54033  39.480  6.311  22.433 0.0000000000
54034  39.555  6.781  22.139 0.0000000000
54035  40.106  6.169  22.097 0.0000000000
54036  40.830  5.998  21.729 0.0000000000
54037  40.803  5.581  22.039 0.0000000000
54038  41.439  5.140  22.020 0.0000000000
54039  40.717  5.292  22.330 0.0000000000
54040  39.906  4.766  23.255 0.0000000000
55091  37.632  17.360  37.353 0.0000000000
55093  37.483  17.704  36.876 0.0000000000
55094  37.383  18.033  36.378 0.0000000000
55095  37.109  17.423  36.361 0.0000000000
55096  36.781  17.095  35.893 0.0000000000
55097  36.837  16.762  36.313 0.0000000000
55098  36.543  15.121  36.495 0.0000000000
55099  36.355  15.456  36.143 0.0000000000
55100  36.227  14.790  36.066 0.0000000000
55101  35.947  14.498  35.622 0.0000000000
55102  36.102  14.182  35.952 0.0000000000
55172  52.997  21.144  18.773 0.0000000000
55173  52.241  19.395  18.696 0.0000000000
55174  52.907  19.642  18.666 0.0000000000
55175  52.812  18.897  18.558 0.0000000000
55176  53.356  18.432  18.410 0.0000000000
55177  52.702  18.174  18.526 0.0000000000
55179  54.053  4.517  7.801 0.0000000000
55180  54.904  4.559  7.717 0.0000000000
56958  43.290  16.870  7.821 0.0000000000
56965  44.254  15.338  7.122 0.0000000000
56967  44.143  14.771  6.799 0.0000000000
56969  44.593  14.502  6.538 0.0000000000
56970  43.573  15.783  20.278 0.0000000000
56971  44.198  15.526  20.477 0.0000000000
56972  43.720  15.163  20.572 0.0000000000
56973  43.621  13.456  20.965 0.0000000000
56974  44.052  13.880  20.982 0.0000000000
56975  44.277  13.122  20.977 0.0000000000
56976  44.972  12.765  20.897 0.0000000000
56977  44.539  12.342  20.856 0.0000000000
56978  44.640  6.691  18.281 0.0000000000
56979  44.685  7.074  17.979 0.0000000000
56980  45.101  6.444  17.771 0.0000000000
56982  46.154  5.986  16.725 0.0000000000
56983  46.678  5.816  16.249 0.0000000000
56984  46.659  6.166  15.924 0.0000000000
56985  47.175  5.627  15.698 0.0000000000
56986  47.683  5.455  15.094 0.0000000000
56987  47.794  5.145  15.514 0.0000000000
58343  43.448  21.787  19.229 0.0000000000
58344  42.886  21.926  19.403 0.0000000000
58345  41.106  21.530  19.850 0.0000000000
58346  41.640  21.241  19.635 0.0000000000
58347  41.039  21.011  19.737 0.0000000000
58348  41.002  20.452  19.642 0.0000000000
58349  40.474  20.704  19.859 0.0000000000
58350  36.526  19.635  23.564 0.0000000000
58351  36.546  19.483  23.065 0.0000000000
58352  36.265  18.995  23.313 0.0000000000
58353  35.867  17.189  23.269 0.0000000000
58354  36.095  17.637  22.954 0.0000000000
58355  36.079  16.972  22.822 0.0000000000
58356  36.320  16.767  22.416 0.0000000000
58357  36.036  16.327  22.745 0.0000000000
58358  36.029  15.699  22.730 0.0000000000
58359  35.748  15.878  23.079 0.0000000000
58360  34.860  14.926  23.988 0.0000000000
58361  35.131  14.789  23.620 0.0000000000
58362  34.801  14.217  23.932 0.0000000000
58363  34.824  13.500  23.927 0.0000000000
58364  34.512  13.655  24.254 0.0000000000
60171  38.192  18.743  29.208 0.0000000000
60172  37.844  18.482  29.562 0.0000000000
60173  33.653  14.258  31.443 0.0000000000
60174  33.653  14.561  31.014 0.0000000000
60175  33.335  13.887  30.903 0.0000000000
60176  32.666  12.481  29.848 0.0000000000
60177  32.853  13.204  29.924 0.0000000000
60178  32.639  12.852  29.413 0.0000000000
60179  32.718  13.267  28.991 0.0000000000
60180  32.540  12.497  28.900 0.0000000000
60181  32.500  12.116  28.379 0.0000000000
60182  32.424  11.698  28.806 0.0000000000
60183  32.352  9.733  29.049 0.0000000000
60184  32.334  10.144  28.632 0.0000000000
60185  32.370  9.376  28.524 0.0000000000
60186  32.452  8.996  28.017 0.0000000000
60187  32.458  8.574  28.471 0.0000000000
60229  36.591  6.605  38.443 0.0000000000
60230  36.769  6.968  38.953 0.0000000000
60231  36.472  7.421  38.529 0.0000000000
60232  36.498  8.213  38.531 0.0000000000
60233  36.237  7.899  38.027 0.0000000000
60234  36.077  8.366  37.521 0.0000000000
60235  35.991  7.541  37.570 0.0000000000
60236  35.764  5.845  36.671 0.0000000000
60237  35.594  6.645  36.718 0.0000000000
60238  35.443  6.216  36.308 0.0000000000
60239  35.154  6.631  35.929 0.0000000000
60240  35.330  5.795  35.876 0.0000000000
60398  54.137  16.920  13.564 0.0000000000
60399  53.620  17.141  13.463 0.0000000000
60400  53.616  16.464  12.792 0.0000000000
60401  52.619  15.076  10.229 0.0000000000
60402  52.513  15.543  11.129 0.0000000000
60403  51.974  15.161  10.255 0.0000000000
60404  51.276  15.210  10.299 0.0000000000
60405  51.471  14.802  9.364 0.0000000000
60406  50.907  14.464  8.368 0.0000000000
60407  51.612  14.459  8.310 0.0000000000
60408  52.356  13.834  6.510 0.0000000000
60409  51.767  13.914  6.501 0.0000000000
60410  51.810  13.624  5.731 0.0000000000
60411  51.287  13.345  5.129 0.0000000000
60412  51.841  13.311  5.049 0.0000000000
60413  48.994  12.997  17.170 0.0000000000
60414  49.403  13.396  16.991 0.0000000000
60415  49.192  12.863  16.291 0.0000000000
60416  49.441  11.617  13.691 0.0000000000
60417  49.614  12.250  14.497 0.0000000000
60418  49.787  11.918  13.524 0.0000000000
60419  50.188  12.265  13.320 0.0000000000
60420  49.931  11.659  12.558 0.0000000000
60422  52.359  7.924  3.826 0.0000000000
60427  52.322  9.513  2.893 0.0000000000
64170  40.202  12.766  21.400 0.0000000000
64171  40.817  12.455  21.279 0.0000000000
64172  40.503  12.044  21.407 0.0000000000
64173  41.031  10.185  21.267 0.0000000000
64174  41.242  10.651  21.189 0.0000000000
64175  41.649  9.981  20.987 0.0000000000
64176  42.283  9.734  20.680 0.0000000000
64177  42.022  9.303  20.695 0.0000000000
64178  39.995  8.240  21.503 0.0000000000
64179  40.259  8.765  21.462 0.0000000000
64180  40.668  8.051  21.167 0.0000000000
64181  42.428  6.927  20.299 0.0000000000
64182  41.970  7.656  20.474 0.0000000000
64183  42.588  7.430  20.158 0.0000000000
64184  42.765  7.948  20.029 0.0000000000
64185  43.151  7.208  19.743 0.0000000000
64186  43.674  7.028  19.260 0.0000000000
64187  43.556  6.537  19.452 0.0000000000
64189  44.570  5.297  19.162 0.0000000000
65555  38.159  21.806  24.531 0.0000000000
65556  37.994  21.777  24.043 0.0000000000
65557  37.695  21.348  24.283 0.0000000000
65558  37.263  20.845  24.051 0.0000000000
65559  37.399  20.858  24.549 0.0000000000
65560  36.984  19.930  25.524 0.0000000000
65561  36.820  19.910  25.049 0.0000000000
65562  36.563  19.403  25.253 0.0000000000
65563  36.195  18.832  24.967 0.0000000000
65564  36.246  18.887  25.414 0.0000000000
67361  38.435  19.491  33.650 0.0000000000
67363  38.803  19.563  33.301 0.0000000000
67366  38.348  18.835  32.467 0.0000000000
67367  38.019  18.719  32.876 0.0000000000
67368  36.613  17.606  33.261 0.0000000000
67369  36.800  17.796  32.773 0.0000000000
67370  36.307  17.333  32.792 0.0000000000
67371  35.966  17.043  32.375 0.0000000000
67372  35.846  16.835  32.838 0.0000000000
67373  36.170  16.465  35.040 0.0000000000
67374  36.200  16.802  34.623 0.0000000000
67375  35.881  16.204  34.580 0.0000000000
67376  34.980  15.078  33.696 0.0000000000
67377  35.286  15.674  33.752 0.0000000000
67378  34.977  15.420  33.284 0.0000000000
67379  34.971  15.734  32.857 0.0000000000
67380  34.630  15.181  32.827 0.0000000000
67381  34.280  14.936  32.396 0.0000000000
67382  34.312  14.589  32.793 0.0000000000
67383  34.074  12.923  33.018 0.0000000000
67384  33.884  13.266  32.632 0.0000000000
67385  33.728  12.538  32.557 0.0000000000
67386  33.386  12.147  32.083 0.0000000000
67387  33.560  11.812  32.476 0.0000000000
67601  55.364  18.257  16.541 0.0000000000
67603  55.389  18.525  16.105 0.0000000000
67604  55.348  18.811  15.739 0.0000000000
67605  55.280  18.134  15.500 0.0000000000
67606  55.019  17.744  14.891 0.0000000000
67607  55.174  17.476  15.177 0.0000000000
67608  54.871  15.976  14.395 0.0000000000
67609  54.880  16.205  14.094 0.0000000000
67610  54.808  15.623  13.469 0.0000000000
67611  54.619  15.276  12.532 0.0000000000
67612  54.597  15.017  12.763 0.0000000000
67613  48.734  7.625  11.058 0.0000000000
67614  48.882  8.018  10.843 0.0000000000
67615  49.175  7.271  10.194 0.0000000000
67616  50.827  6.095  7.940 0.0000000000
67617  50.276  6.676  8.529 0.0000000000
67618  50.812  6.481  7.604 0.0000000000
67619  50.873  6.929  7.301 0.0000000000
67620  51.449  6.375  6.643 0.0000000000
67621  53.852  4.679  6.436 0.0000000000
67622  52.908  4.899  6.668 0.0000000000
67623  53.659  4.914  5.801 0.0000000000
67624  54.001  5.601  3.916 0.0000000000
67625  53.458  5.554  4.704 0.0000000000
67626  53.339  5.921  4.256 0.0000000000
67627  52.706  6.306  4.763 0.0000000000
67628  53.247  6.342  3.983 0.0000000000
67629  53.082  6.726  3.676 0.0000000000
72990  47.669  18.970  18.652 0.0000000000
72991  48.349  18.632  18.767 0.0000000000
72992  47.839  18.167  18.978 0.0000000000
72993  47.460  16.401  19.982 0.0000000000
72994  47.979  16.770  19.816 0.0000000000
72995  48.143  16.153  20.251 0.0000000000
72996  48.743  15.854  20.311 0.0000000000
72997  48.297  15.504  20.573 0.0000000000
72998  45.458  15.039  20.743 0.0000000000
72999  45.934  15.390  20.600 0.0000000000
73000  46.117  14.809  20.889 0.0000000000
73001  47.618  13.281  20.314 0.0000000000
73002  47.459  14.083  20.749 0.0000000000
73003  48.045  13.700  20.283 0.0000000000
73004  48.520  14.050  20.271 0.0000000000
73005  48.466  13.410  19.589 0.0000000000
73006  48.688  13.253  18.843 0.0000000000
73007  48.305  12.925  18.931 0.0000000000
73008  47.453  11.471  17.225 0.0000000000
73009  47.829  11.836  17.246 0.0000000000
73010  47.696  11.237  16.417 0.0000000000
73011  47.938  10.951  15.565 0.0000000000
73012  47.642  10.580  15.610 0.0000000000
73013  42.081  11.835  20.983 0.0000000000
73014  42.440  12.223  20.928 0.0000000000
73015  42.727  11.495  20.876 0.0000000000
73016  44.188  10.331  19.848 0.0000000000
73017  44.021  10.897  20.352 0.0000000000
73018  44.543  10.636  19.869 0.0000000000
73019  44.896  10.999  19.894 0.0000000000
73020  44.983  10.481  19.245 0.0000000000
73021  44.852  7.910  17.552 0.0000000000
73022  44.620  8.573  17.994 0.0000000000
73023  45.033  8.338  17.455 0.0000000000
73024  45.961  8.889  16.640 0.0000000000
73025  45.573  9.149  17.319 0.0000000000
73026  45.827  9.526  17.223 0.0000000000
73027  45.776  10.137  17.884 0.0000000000
73028  46.134  9.934  17.205 0.0000000000
73029  46.477  10.356  17.238 0.0000000000
73030  46.516  9.665  16.557 0.0000000000
73031  47.217  8.416  14.445 0.0000000000
73032  47.127  9.092  15.078 0.0000000000
73033  47.422  8.778  14.280 0.0000000000
73034  47.688  9.147  14.134 0.0000000000
73035  47.715  8.501  13.483 0.0000000000
73036  48.020  8.215  12.669 0.0000000000
73037  47.809  7.833  12.850 0.0000000000
73038  48.479  6.135  12.148 0.0000000000
73039  48.462  6.473  11.750 0.0000000000
73040  48.994  5.855  11.411 0.0000000000
73041  49.546  5.601  10.670 0.0000000000
73042  49.615  5.317  11.144 0.0000000000
73049  51.009  4.566  10.695 0.0000000000
77103  47.430  21.766  18.701 0.0000000000
77108  47.723  20.296  18.286 0.0000000000
77110  45.447  19.788  18.620 0.0000000000
77111  46.000  19.588  18.494 0.0000000000
77112  45.467  19.126  18.709 0.0000000000
77113  45.539  18.461  18.892 0.0000000000
77114  44.958  18.714  18.888 0.0000000000
77115  43.310  20.688  19.131 0.0000000000
77116  43.836  20.481  19.040 0.0000000000
77117  43.235  20.092  19.099 0.0000000000
77118  42.707  18.461  19.386 0.0000000000
77119  43.273  18.793  19.186 0.0000000000
77120  43.318  18.194  19.324 0.0000000000
77121  43.905  17.933  19.317 0.0000000000
77122  43.371  17.590  19.486 0.0000000000
77123  43.419  16.960  19.728 0.0000000000
77124  42.828  17.220  19.675 0.0000000000
77125  41.223  16.673  20.085 0.0000000000
77126  41.813  16.446  20.082 0.0000000000
77127  41.335  16.094  20.293 0.0000000000
77128  41.437  15.503  20.501 0.0000000000
77129  40.842  15.739  20.519 0.0000000000
77130  39.467  22.638  21.254 0.0000000000
77131  39.779  22.338  20.818 0.0000000000
77132  39.264  22.108  21.033 0.0000000000
77133  38.454  20.657  20.859 0.0000000000
77134  38.975  20.962  20.618 0.0000000000
77135  38.878  20.366  20.502 0.0000000000
77136  39.355  20.084  20.224 0.0000000000
77137  38.816  19.736  20.443 0.0000000000
77138  36.893  19.111  22.044 0.0000000000
77139  37.258  19.495  21.743 0.0000000000
77140  37.180  18.828  21.605 0.0000000000
77141  38.039  17.658  20.945 0.0000000000
77142  37.970  18.338  20.910 0.0000000000
77143  38.432  18.066  20.661 0.0000000000
77144  38.897  18.431  20.429 0.0000000000
77145  38.945  17.768  20.506 0.0000000000
77146  39.484  17.472  20.350 0.0000000000
77147  39.028  17.092  20.616 0.0000000000
77148  38.845  15.461  21.133 0.0000000000
77149  39.234  15.810  20.869 0.0000000000
77150  39.368  15.212  21.043 0.0000000000
77151  39.960  14.990  20.952 0.0000000000
77152  39.534  14.612  21.213 0.0000000000
77153  39.732  13.999  21.349 0.0000000000
77154  39.183  14.233  21.439 0.0000000000
77155  38.068  13.593  22.031 0.0000000000
77156  38.573  13.366  21.912 0.0000000000
77157  38.313  12.892  22.131 0.0000000000
77158  38.610  12.196  22.097 0.0000000000
77159  38.067  12.379  22.311 0.0000000000
77160  36.198  14.341  22.770 0.0000000000
77161  36.608  14.186  22.568 0.0000000000
77162  36.323  13.664  22.803 0.0000000000
77163  36.358  11.622  23.078 0.0000000000
77164  36.697  12.200  22.889 0.0000000000
77165  36.896  11.464  22.844 0.0000000000
77166  37.496  11.311  22.624 0.0000000000
77167  37.171  10.721  22.740 0.0000000000
77168  37.412  10.045  22.662 0.0000000000
77169  36.866  10.158  22.918 0.0000000000
77170  35.936  9.167  23.639 0.0000000000
77171  36.443  9.099  23.348 0.0000000000
77172  36.268  8.536  23.600 0.0000000000
77173  36.634  7.921  23.548 0.0000000000
77174  36.136  7.976  23.840 0.0000000000
82591  37.949  20.115  26.757 0.0000000000
82592  37.683  19.696  26.883 0.0000000000
82593  36.163  18.370  26.668 0.0000000000
82594  36.442  18.789  26.477 0.0000000000
82595  35.925  18.260  26.251 0.0000000000
82596  35.718  18.090  25.821 0.0000000000
82597  35.439  17.660  26.042 0.0000000000
82598  37.567  18.247  31.584 0.0000000000
82599  37.915  18.368  31.252 0.0000000000
82600  37.221  18.022  31.151 0.0000000000
82601  35.878  17.219  30.318 0.0000000000
82602  36.487  17.629  30.317 0.0000000000
82603  36.176  17.508  29.875 0.0000000000
82604  36.483  17.799  29.452 0.0000000000
82605  35.862  17.386  29.429 0.0000000000
82606  33.821  15.170  30.146 0.0000000000
82607  34.254  15.711  30.240 0.0000000000
82608  33.967  15.485  29.728 0.0000000000
82609  34.133  15.929  28.395 0.0000000000
82610  34.379  16.163  28.847 0.0000000000
82611  34.665  16.518  28.440 0.0000000000
82612  35.251  17.094  28.500 0.0000000000
82613  34.978  16.891  28.030 0.0000000000
82614  35.269  17.244  27.607 0.0000000000
82615  34.704  16.649  27.543 0.0000000000
82616  34.022  15.473  26.546 0.0000000000
82617  34.405  16.117  26.645 0.0000000000
82618  34.326  15.927  26.199 0.0000000000
82619  34.618  16.382  25.823 0.0000000000
82620  34.322  15.745  25.721 0.0000000000
82621  34.330  15.524  25.263 0.0000000000
82622  34.076  15.105  25.577 0.0000000000
82623  33.470  13.303  25.792 0.0000000000
82624  33.718  13.791  25.393 0.0000000000
82625  33.678  13.064  25.344 0.0000000000
82626  33.965  12.819  24.925 0.0000000000
82627  33.700  12.332  25.286 0.0000000000
82628  32.593  11.480  27.361 0.0000000000
82629  32.770  11.948  26.942 0.0000000000
82630  32.736  11.172  26.862 0.0000000000
82631  33.358  9.813  25.836 0.0000000000
82632  33.223  10.619  25.935 0.0000000000
82633  33.573  10.323  25.508 0.0000000000
82634  33.819  10.797  25.172 0.0000000000
82635  33.961  10.078  25.112 0.0000000000
82636  34.422  9.790  24.673 0.0000000000
82637  34.184  9.355  24.985 0.0000000000
82638  34.656  7.419  25.179 0.0000000000
82639  34.792  7.919  24.866 0.0000000000
82640  35.192  7.263  24.812 0.0000000000
82641  35.776  7.080  24.423 0.0000000000
82642  35.636  6.615  24.743 0.0000000000
82778  37.628  13.617  37.925 0.0000000000
82779  37.329  14.003  37.555 0.0000000000
82780  37.272  13.331  37.393 0.0000000000
82781  36.429  12.088  36.330 0.0000000000
82782  36.606  12.755  36.454 0.0000000000
82783  36.195  12.501  35.990 0.0000000000
82784  35.940  12.875  35.691 0.0000000000
82785  35.808  12.214  35.599 0.0000000000
82786  35.756  9.129  36.575 0.0000000000
82787  35.922  9.850  36.514 0.0000000000
82788  35.620  9.476  36.102 0.0000000000
82789  34.877  9.947  34.935 0.0000000000
82790  35.213  10.310  35.247 0.0000000000
82791  34.997  10.782  34.889 0.0000000000
82792  35.120  11.569  34.876 0.0000000000
82793  34.796  11.229  34.517 0.0000000000
82794  34.618  11.650  34.162 0.0000000000
82795  34.472  10.818  34.170 0.0000000000
82796  33.803  9.097  33.377 0.0000000000
82797  33.863  9.973  33.370 0.0000000000
82798  33.562  9.542  32.910 0.0000000000
82799  33.347  10.008  32.475 0.0000000000
82800  33.293  9.082  32.486 0.0000000000
82807  35.325  4.868  34.995 0.0000000000
82812  34.733  4.358  32.932 0.0000000000
82813  35.141  3.981  33.308 0.0000000000
82814  34.625  4.758  33.428 0.0000000000
82815  34.554  5.203  33.908 0.0000000000
82816  34.200  5.582  33.523 0.0000000000
82817  33.961  6.462  33.524 0.0000000000
82818  33.904  5.979  33.050 0.0000000000
82819  33.216  6.395  31.407 0.0000000000
82820  33.259  6.845  31.986 0.0000000000
82821  32.970  7.300  31.479 0.0000000000
82822  32.847  8.253  31.467 0.0000000000
82823  32.750  7.772  30.970 0.0000000000
82824  32.575  8.273  30.464 0.0000000000
82825  32.726  7.294  30.449 0.0000000000
82826  33.365  5.762  29.293 0.0000000000
82827  32.932  6.606  29.365 0.0000000000
82828  33.198  6.287  28.784 0.0000000000
82829  33.039  6.797  28.318 0.0000000000
82830  33.498  6.022  28.231 0.0000000000
82835  35.032  4.422  27.548 0.0000000000
82836  34.856  4.891  27.116 0.0000000000
82837  34.259  5.492  27.183 0.0000000000
82838  34.718  5.356  26.688 0.0000000000
82839  34.619  5.860  26.277 0.0000000000
82840  35.220  5.180  26.252 0.0000000000
82842  36.329  4.961  25.376 0.0000000000
82843  36.950  4.862  24.935 0.0000000000
82844  36.867  5.301  24.664 0.0000000000
82845  37.578  4.794  24.602 0.0000000000
83281  52.405  17.576  13.399 0.0000000000
83291  47.184  16.023  10.279 0.0000000000
83292  47.230  16.920  10.867 0.0000000000
83293  46.680  16.393  10.114 0.0000000000
83295  46.205  16.072  9.342 0.0000000000
83296  45.726  15.905  8.589 0.0000000000
83297  46.217  15.538  8.664 0.0000000000
83298  46.826  14.313  7.330 0.0000000000
83299  46.259  14.609  7.394 0.0000000000
83300  46.280  14.198  6.808 0.0000000000
83301  45.677  14.033  6.253 0.0000000000
83302  46.259  13.819  6.202 0.0000000000
83303  49.708  13.873  6.885 0.0000000000
83304  48.971  13.842  6.994 0.0000000000
83305  49.009  13.607  6.309 0.0000000000
83306  47.590  12.855  4.705 0.0000000000
83307  47.620  13.153  5.324 0.0000000000
83308  46.897  12.959  4.926 0.0000000000
83309  46.215  13.063  5.113 0.0000000000
83310  46.136  12.660  4.659 0.0000000000
83318  49.509  18.021  19.067 0.0000000000
83319  50.129  18.365  18.873 0.0000000000
83320  50.145  17.694  19.116 0.0000000000
83321  51.421  16.147  19.126 0.0000000000
83322  51.380  16.843  19.075 0.0000000000
83323  51.989  16.477  18.811 0.0000000000
83324  52.593  16.760  18.569 0.0000000000
83325  52.472  16.148  18.263 0.0000000000
83326  50.369  14.090  16.638 0.0000000000
83327  50.700  14.558  17.396 0.0000000000
83328  50.913  14.395  16.406 0.0000000000
83329  52.202  14.602  15.021 0.0000000000
83330  52.059  14.918  16.015 0.0000000000
83331  52.678  15.104  15.804 0.0000000000
83332  53.090  15.598  16.529 0.0000000000
83333  53.302  15.239  15.526 0.0000000000
83334  53.860  15.372  15.243 0.0000000000
83335  53.479  14.858  14.522 0.0000000000
83336  53.164  13.449  11.768 0.0000000000
83337  53.638  13.976  12.521 0.0000000000
83338  53.630  13.608  11.450 0.0000000000
83339  53.962  13.815  11.174 0.0000000000
83340  53.601  13.323  10.365 0.0000000000
83341  49.343  8.897  10.478 0.0000000000
83342  49.251  9.627  11.234 0.0000000000
83343  49.546  9.326  10.281 0.0000000000
83344  50.071  9.857  9.041 0.0000000000
83345  49.806  10.112  9.918 0.0000000000
83346  50.026  10.496  9.771 0.0000000000
83347  50.158  11.132  10.550 0.0000000000
83348  50.349  10.847  9.586 0.0000000000
83349  51.612  8.927  5.163 0.0000000000
83350  51.190  9.117  6.127 0.0000000000
83351  51.359  9.561  5.893 0.0000000000
83352  51.592  11.074  7.067 0.0000000000
83353  51.243  10.694  7.352 0.0000000000
83354  51.336  11.222  8.088 0.0000000000
83355  51.130  11.454  9.074 0.0000000000
83356  51.537  11.691  8.822 0.0000000000
83357  51.869  12.119  9.518 0.0000000000
83358  51.992  11.923  8.483 0.0000000000
83359  52.871  12.235  6.868 0.0000000000
83360  52.877  12.335  7.799 0.0000000000
83361  53.231  12.629  7.565 0.0000000000
83362  53.541  13.021  8.305 0.0000000000
83363  53.371  12.920  7.286 0.0000000000
83364  53.350  13.199  7.032 0.0000000000
83365  53.125  12.825  6.272 0.0000000000
83366  52.222  12.064  3.842 0.0000000000
83367  52.426  12.550  4.527 0.0000000000
83368  51.982  12.276  3.761 0.0000000000
83369  51.605  12.400  3.666 0.0000000000
83370  51.481  11.958  3.087 0.0000000000
83372  51.717  10.639  2.198 0.0000000000
92322  37.684  7.821  22.940 0.0000000000
92323  38.334  7.624  22.621 0.0000000000
92324  38.239  7.129  22.877 0.0000000000
92325  38.850  6.450  22.807 0.0000000000
92326  39.515  5.847  22.679 0.0000000000
92327  40.013  5.395  22.632 0.0000000000
92328  39.359  5.527  22.963 0.0000000000
92329  39.258  5.171  23.253 0.0000000000
92961  37.327  16.725  37.266 0.0000000000
92962  36.932  16.420  36.726 0.0000000000
92963  37.063  16.060  37.155 0.0000000000
92964  36.883  15.435  36.979 0.0000000000
92965  36.779  14.776  36.829 0.0000000000
93006  51.629  21.249  18.680 0.0000000000
93007  52.308  20.850  18.737 0.0000000000
93008  51.617  20.554  18.698 0.0000000000
93009  51.566  19.824  18.681 0.0000000000
93010  51.498  19.072  18.667 0.0000000000
94080  43.848  17.143  7.957 0.0000000000
94081  43.619  16.557  7.655 0.0000000000
94084  44.404  15.886  7.492 0.0000000000
94085  44.805  15.552  7.418 0.0000000000
94086  42.572  15.073  20.601 0.0000000000
94087  43.243  14.797  20.680 0.0000000000
94088  42.751  14.449  20.807 0.0000000000
94089  42.973  13.757  20.929 0.0000000000
94090  43.210  13.114  20.973 0.0000000000
94091  45.701  5.442  17.961 0.0000000000
94092  45.688  5.809  17.585 0.0000000000
94093  46.257  5.328  17.493 0.0000000000
94910  42.346  22.082  19.577 0.0000000000
94912  41.272  22.047  19.926 0.0000000000
94913  40.632  21.781  20.109 0.0000000000
94914  36.080  18.613  24.058 0.0000000000
94915  36.102  18.480  23.588 0.0000000000
94916  35.893  17.951  23.823 0.0000000000
94917  35.736  17.330  23.691 0.0000000000
94918  35.552  16.685  23.520 0.0000000000
94919  35.483  16.031  23.392 0.0000000000
94920  35.226  16.157  23.778 0.0000000000
94921  34.952  15.616  24.080 0.0000000000
94922  34.603  15.001  24.352 0.0000000000
96008  33.203  12.891  31.270 0.0000000000
96009  33.082  13.159  30.839 0.0000000000
96010  32.914  12.483  30.764 0.0000000000
96011  32.706  12.085  30.249 0.0000000000
96012  32.514  11.679  29.724 0.0000000000
96013  32.406  11.254  29.214 0.0000000000
96014  32.404  10.885  29.672 0.0000000000
96015  32.367  10.085  29.600 0.0000000000
96016  32.381  9.336  29.526 0.0000000000
96044  36.357  6.202  37.948 0.0000000000
96045  36.044  6.692  37.561 0.0000000000
96046  36.225  5.855  37.467 0.0000000000
96047  36.151  5.455  37.007 0.0000000000
96143  54.125  15.662  12.122 0.0000000000
96144  53.656  15.846  12.038 0.0000000000
96145  53.671  15.257  11.201 0.0000000000
96146  53.241  14.988  10.269 0.0000000000
96147  52.756  14.721  9.276 0.0000000000
96148  52.260  14.451  8.286 0.0000000000
96149  52.837  14.361  8.284 0.0000000000
96150  52.867  14.024  7.416 0.0000000000
96151  52.840  13.681  6.657 0.0000000000
96152  48.740  11.812  15.541 0.0000000000
96153  49.030  12.233  15.518 0.0000000000
96154  48.905  11.541  14.691 0.0000000000
96155  49.107  11.247  13.789 0.0000000000
96156  49.311  10.945  12.857 0.0000000000
98406  39.648  11.899  21.710 0.0000000000
98407  40.272  11.608  21.496 0.0000000000
98408  40.006  11.163  21.610 0.0000000000
98409  40.378  10.437  21.505 0.0000000000
98410  40.746  9.742  21.359 0.0000000000
98411  40.977  6.887  21.169 0.0000000000
98412  41.132  7.338  20.969 0.0000000000
98413  41.643  6.677  20.845 0.0000000000
98414  42.304  6.477  20.526 0.0000000000
98415  42.896  6.275  20.166 0.0000000000
98416  43.448  6.104  19.756 0.0000000000
99239  37.573  20.870  25.031 0.0000000000
99241  37.497  20.435  25.774 0.0000000000
99242  37.194  19.942  25.941 0.0000000000
100317  38.242  19.507  35.883 0.0000000000
100318  38.339  19.805  35.404 0.0000000000
100322  38.162  19.338  34.048 0.0000000000
100323  37.938  18.953  33.661 0.0000000000
100324  37.683  18.601  33.269 0.0000000000
100325  37.375  18.429  33.663 0.0000000000
100326  36.866  17.897  33.686 0.0000000000
100327  36.426  17.373  33.712 0.0000000000
100328  35.688  15.177  34.930 0.0000000000
100329  35.612  15.502  34.579 0.0000000000
100330  35.400  14.875  34.549 0.0000000000
100331  35.057  14.670  34.082 0.0000000000
100332  34.735  14.457  33.630 0.0000000000
100333  34.410  14.223  33.189 0.0000000000
100334  34.585  13.863  33.579 0.0000000000
100335  34.394  13.250  33.470 0.0000000000
100336  34.292  12.578  33.405 0.0000000000
100463  54.551  18.932  18.030 0.0000000000
100464  54.930  19.191  17.670 0.0000000000
100465  54.897  18.452  17.545 0.0000000000
100466  55.161  18.007  17.012 0.0000000000
100467  55.257  17.595  16.288 0.0000000000
100468  55.188  17.210  15.529 0.0000000000
100469  55.052  16.991  15.871 0.0000000000
100470  54.897  16.372  15.365 0.0000000000
100471  54.711  15.791  14.702 0.0000000000
100472  49.488  6.260  9.984 0.0000000000
100473  49.582  6.604  9.651 0.0000000000
100474  50.104  6.004  9.181 0.0000000000
100475  50.734  5.782  8.343 0.0000000000
100476  51.442  5.634  7.388 0.0000000000
100478  54.333  4.927  5.040 0.0000000000
103698  46.635  18.022  18.981 0.0000000000
103699  47.258  17.732  19.143 0.0000000000
103700  46.744  17.331  19.320 0.0000000000
103701  46.836  16.675  19.730 0.0000000000
103702  46.933  16.049  20.211 0.0000000000
103703  45.921  13.587  21.007 0.0000000000
103704  46.377  14.049  21.027 0.0000000000
103705  46.623  13.148  20.816 0.0000000000
103706  47.138  12.919  20.237 0.0000000000
103707  47.537  12.729  19.590 0.0000000000
103708  47.811  12.565  18.882 0.0000000000
103709  47.362  12.188  18.831 0.0000000000
103710  47.204  11.651  17.979 0.0000000000
103711  47.090  11.092  17.208 0.0000000000
103712  42.715  10.514  20.723 0.0000000000
103713  43.023  10.865  20.699 0.0000000000
103714  43.332  10.233  20.314 0.0000000000
103715  43.871  9.964  19.822 0.0000000000
103716  44.288  9.785  19.215 0.0000000000
103717  45.787  7.400  16.478 0.0000000000
103718  45.473  8.082  16.900 0.0000000000
103719  45.957  7.787  16.303 0.0000000000
103720  46.148  8.214  16.144 0.0000000000
103721  46.372  8.588  15.993 0.0000000000
103722  46.607  8.936  15.889 0.0000000000
103723  46.728  8.274  15.325 0.0000000000
103724  47.055  8.052  14.611 0.0000000000
103725  47.361  7.769  13.865 0.0000000000
103726  47.719  7.446  13.075 0.0000000000
103727  47.659  7.083  13.324 0.0000000000
103728  48.012  6.409  12.890 0.0000000000
103729  48.511  5.823  12.550 0.0000000000
106167  46.936  21.929  18.883 0.0000000000
106168  46.758  21.334  18.632 0.0000000000
106169  46.594  20.692  18.412 0.0000000000
106170  46.123  20.840  18.645 0.0000000000
106171  45.529  20.421  18.660 0.0000000000
106172  44.928  20.005  18.747 0.0000000000
106173  42.106  19.901  19.332 0.0000000000
106174  42.660  19.665  19.221 0.0000000000
106175  42.102  19.291  19.378 0.0000000000
106176  42.106  18.702  19.483 0.0000000000
106177  42.155  18.091  19.599 0.0000000000
106178  42.262  17.456  19.714 0.0000000000
106179  41.655  17.721  19.761 0.0000000000
106180  41.152  17.341  19.911 0.0000000000
106181  40.644  16.941  20.186 0.0000000000
106182  38.542  22.158  21.804 0.0000000000
106183  38.773  21.833  21.269 0.0000000000
106184  38.287  21.568  21.547 0.0000000000
106185  38.114  20.977  21.320 0.0000000000
106186  38.000  20.342  21.130 0.0000000000
106187  36.866  17.727  21.827 0.0000000000
106188  37.198  18.149  21.552 0.0000000000
106189  37.235  17.475  21.513 0.0000000000
106190  37.640  17.227  21.202 0.0000000000
106191  38.118  16.987  21.001 0.0000000000
106192  38.603  16.739  20.841 0.0000000000
106193  38.175  16.356  21.086 0.0000000000
106194  38.322  15.712  21.239 0.0000000000
106195  38.485  15.098  21.405 0.0000000000
106196  38.672  14.467  21.548 0.0000000000
106197  38.172  14.705  21.694 0.0000000000
106198  37.847  14.256  21.925 0.0000000000
106199  37.575  13.810  22.166 0.0000000000
106200  35.584  13.229  23.300 0.0000000000
106201  36.006  13.088  23.058 0.0000000000
106202  35.740  12.500  23.335 0.0000000000
106203  35.903  11.779  23.337 0.0000000000
106204  36.090  11.045  23.287 0.0000000000
106205  36.332  10.277  23.206 0.0000000000
106206  35.825  10.435  23.510 0.0000000000
106207  35.620  9.852  23.717 0.0000000000
106208  35.435  9.242  23.953 0.0000000000
109457  38.123  19.301  27.791 0.0000000000
109459  37.383  19.278  27.052 0.0000000000
109460  37.063  18.850  27.260 0.0000000000
109461  36.442  18.405  27.075 0.0000000000
109462  35.900  17.997  26.898 0.0000000000
109463  36.310  17.438  31.546 0.0000000000
109464  36.543  17.630  31.162 0.0000000000
109465  35.968  17.190  31.127 0.0000000000
109466  35.620  16.949  30.720 0.0000000000
109467  35.311  16.768  30.272 0.0000000000
109468  33.295  14.672  29.186 0.0000000000
109469  33.713  15.264  29.238 0.0000000000
109470  33.461  15.001  28.742 0.0000000000
109471  33.660  15.319  28.321 0.0000000000
109472  33.932  15.639  27.900 0.0000000000
109473  34.199  16.017  27.483 0.0000000000
109474  33.779  15.342  27.397 0.0000000000
109475  33.721  15.091  26.905 0.0000000000
109476  33.720  14.853  26.391 0.0000000000
109477  33.779  14.663  25.930 0.0000000000
109478  33.478  14.274  26.303 0.0000000000
109479  33.329  13.571  26.236 0.0000000000
109480  33.222  12.848  26.169 0.0000000000
109481  32.620  9.904  27.148 0.0000000000
109482  32.771  10.385  26.742 0.0000000000
109483  32.874  9.586  26.657 0.0000000000
109484  33.174  9.331  26.181 0.0000000000
109485  33.545  9.093  25.736 0.0000000000
109486  33.981  8.852  25.299 0.0000000000
109487  33.793  8.388  25.650 0.0000000000
109488  34.129  7.662  25.586 0.0000000000
109489  34.543  6.962  25.540 0.0000000000
109571  37.362  12.250  37.779 0.0000000000
109572  37.211  12.632  37.277 0.0000000000
109573  37.032  11.965  37.261 0.0000000000
109574  36.658  11.651  36.784 0.0000000000
109575  36.277  11.345  36.345 0.0000000000
109576  35.204  8.312  35.882 0.0000000000
109577  35.319  9.100  35.758 0.0000000000
109578  35.017  8.698  35.433 0.0000000000
109579  34.835  9.095  35.017 0.0000000000
109580  34.605  9.546  34.642 0.0000000000
109581  34.369  9.965  34.245 0.0000000000
109582  34.317  9.111  34.260 0.0000000000
109583  34.083  8.694  33.883 0.0000000000
109584  33.797  8.231  33.444 0.0000000000
109594  34.284  4.755  32.479 0.0000000000
109595  33.829  5.597  32.511 0.0000000000
109596  33.917  5.158  31.953 0.0000000000
109597  33.577  5.568  31.440 0.0000000000
109598  33.264  6.004  30.889 0.0000000000
109599  32.989  6.428  30.362 0.0000000000
109600  33.410  5.640  30.331 0.0000000000
109601  33.622  5.320  29.778 0.0000000000
109602  33.875  5.062  29.233 0.0000000000
109608  35.885  4.589  26.228 0.0000000000
109873  51.036  16.383  12.060 0.0000000000
109875  50.383  16.562  12.123 0.0000000000
109879  48.393  16.293  11.276 0.0000000000
109880  47.819  15.775  10.328 0.0000000000
109881  47.297  15.390  9.453 0.0000000000
109882  46.773  15.154  8.679 0.0000000000
109883  47.387  14.896  8.712 0.0000000000
109884  47.446  14.482  7.986 0.0000000000
109885  47.496  14.120  7.285 0.0000000000
109886  49.869  13.379  5.395 0.0000000000
109887  49.101  13.351  5.592 0.0000000000
109888  49.146  13.063  4.863 0.0000000000
109889  48.345  12.808  4.444 0.0000000000
109890  47.522  12.508  4.148 0.0000000000
109892  47.468  12.063  3.672 0.0000000000
109895  49.632  16.603  19.752 0.0000000000
109896  50.178  16.958  19.439 0.0000000000
109897  50.277  16.226  19.710 0.0000000000
109898  50.863  15.846  19.423 0.0000000000
109899  51.314  15.539  18.752 0.0000000000
109900  50.767  13.556  14.755 0.0000000000
109901  51.097  14.148  15.452 0.0000000000
109902  51.252  13.791  14.496 0.0000000000
109903  51.760  14.038  14.212 0.0000000000
109904  52.362  14.138  13.959 0.0000000000
109905  53.009  14.299  13.752 0.0000000000
109906  52.507  13.690  12.984 0.0000000000
109907  52.600  13.287  12.021 0.0000000000
109908  52.692  12.921  10.999 0.0000000000
109909  50.076  8.242  8.593 0.0000000000
109910  49.843  9.008  9.336 0.0000000000
109911  50.160  8.716  8.449 0.0000000000
109912  50.263  9.138  8.326 0.0000000000
109913  50.396  9.544  8.052 0.0000000000
109914  51.945  9.794  4.637 0.0000000000
109915  51.605  9.949  5.627 0.0000000000
109916  51.810  10.351  5.334 0.0000000000
109917  51.819  10.880  6.037 0.0000000000
109918  51.943  11.334  6.765 0.0000000000
109919  52.151  11.737  7.473 0.0000000000
109920  52.270  11.567  6.465 0.0000000000
109921  52.576  11.842  6.168 0.0000000000
109922  52.767  12.135  5.895 0.0000000000
109923  52.862  12.446  5.614 0.0000000000
109924  52.591  11.987  4.903 0.0000000000
109925  52.410  11.825  3.943 0.0000000000
109926  52.038  11.593  3.192 0.0000000000
115578  38.538  9.874  22.163 0.0000000000
115579  39.126  9.661  21.894 0.0000000000
115580  38.858  9.138  22.007 0.0000000000
115581  39.290  8.421  21.856 0.0000000000
115582  39.788  7.745  21.655 0.0000000000
115583  38.997  7.425  22.260 0.0000000000
115584  39.642  7.279  21.878 0.0000000000
115585  40.316  7.086  21.499 0.0000000000
115586  40.876  6.432  21.450 0.0000000000
115587  41.508  5.797  21.429 0.0000000000
117068  37.370  18.320  35.876 0.0000000000
117069  37.118  18.051  35.399 0.0000000000
117070  36.838  17.702  34.996 0.0000000000
117071  36.791  17.440  35.479 0.0000000000
117072  36.467  16.777  35.484 0.0000000000
117073  36.169  16.108  35.427 0.0000000000
117074  36.576  16.081  36.238 0.0000000000
117075  36.222  15.782  35.792 0.0000000000
117076  35.960  15.464  35.345 0.0000000000
117077  35.820  14.849  35.287 0.0000000000
117078  35.683  14.227  35.210 0.0000000000
117079  35.556  13.636  35.086 0.0000000000
117178  54.158  20.189  18.470 0.0000000000
117179  52.962  20.405  18.764 0.0000000000
117180  53.554  19.918  18.615 0.0000000000
117181  54.118  19.426  18.367 0.0000000000
117182  54.029  18.682  18.275 0.0000000000
117183  53.905  17.983  18.191 0.0000000000
117184  53.786  17.292  18.000 0.0000000000
117185  52.393  4.600  8.684 0.0000000000
117186  52.307  4.763  8.068 0.0000000000
117187  53.179  4.542  7.857 0.0000000000
117188  53.952  4.571  7.113 0.0000000000
117189  54.674  4.574  6.336 0.0000000000
117191  55.431  4.523  6.322 0.0000000000
119694  44.628  16.456  19.900 0.0000000000
119695  45.202  16.169  20.036 0.0000000000
119696  44.718  15.847  20.287 0.0000000000
119697  44.827  15.262  20.614 0.0000000000
119698  44.999  14.650  20.845 0.0000000000
119699  43.888  14.530  20.816 0.0000000000
119700  44.512  14.288  20.937 0.0000000000
119701  45.207  13.989  21.046 0.0000000000
119702  45.447  13.181  21.018 0.0000000000
119703  45.640  12.363  20.656 0.0000000000
119704  45.755  11.725  20.061 0.0000000000
119705  43.926  7.956  18.882 0.0000000000
119706  44.049  8.381  18.748 0.0000000000
119707  44.338  7.716  18.306 0.0000000000
119708  44.751  7.474  17.760 0.0000000000
119709  45.172  7.242  17.214 0.0000000000
119710  45.634  6.202  17.258 0.0000000000
119711  45.573  6.567  16.955 0.0000000000
119712  45.676  6.994  16.707 0.0000000000
119713  46.187  6.752  16.155 0.0000000000
119714  46.685  6.535  15.592 0.0000000000
119715  47.173  6.266  14.969 0.0000000000
119716  47.630  6.029  14.339 0.0000000000
119717  47.672  5.718  14.709 0.0000000000
121615  44.596  21.996  19.187 0.0000000000
121616  44.513  21.435  19.089 0.0000000000
121617  43.986  21.623  19.149 0.0000000000
121618  43.393  21.255  19.157 0.0000000000
121619  42.754  20.899  19.247 0.0000000000
121620  42.311  21.597  19.484 0.0000000000
121621  42.225  21.080  19.410 0.0000000000
121622  42.150  20.521  19.354 0.0000000000
121623  41.561  20.151  19.475 0.0000000000
121624  40.954  19.840  19.606 0.0000000000
121625  40.408  19.502  19.831 0.0000000000
121626  37.171  20.588  22.988 0.0000000000
121627  37.192  20.412  22.439 0.0000000000
121628  36.890  19.963  22.767 0.0000000000
121629  36.684  19.309  22.563 0.0000000000
121630  36.610  18.670  22.356 0.0000000000
121631  36.169  18.369  23.083 0.0000000000
121632  36.343  18.156  22.651 0.0000000000
121633  36.558  17.926  22.217 0.0000000000
121634  36.555  17.251  22.124 0.0000000000
121635  36.570  16.610  22.094 0.0000000000
121636  36.627  15.961  22.118 0.0000000000
121637  36.745  15.339  22.182 0.0000000000
121638  36.358  15.523  22.429 0.0000000000
121639  36.118  15.057  22.736 0.0000000000
121640  35.848  14.513  23.006 0.0000000000
121641  35.472  15.349  23.322 0.0000000000
121642  35.462  14.653  23.300 0.0000000000
121643  35.497  13.960  23.278 0.0000000000
121644  35.203  13.381  23.599 0.0000000000
121645  34.929  12.832  23.906 0.0000000000
121646  34.645  12.226  24.227 0.0000000000
124176  37.855  18.719  28.799 0.0000000000
124177  37.174  18.376  28.705 0.0000000000
124178  34.357  15.485  31.604 0.0000000000
124179  34.450  15.735  31.157 0.0000000000
124180  34.026  15.172  31.114 0.0000000000
124181  33.694  14.866  30.572 0.0000000000
124182  33.444  14.567  30.085 0.0000000000
124183  33.073  13.521  30.418 0.0000000000
124184  33.113  13.892  30.005 0.0000000000
124185  33.189  14.295  29.582 0.0000000000
124186  32.971  13.941  29.079 0.0000000000
124187  32.837  13.635  28.595 0.0000000000
124188  32.753  13.296  28.097 0.0000000000
124189  32.807  12.957  27.556 0.0000000000
124190  32.634  12.528  27.965 0.0000000000
124191  32.501  11.775  27.862 0.0000000000
124192  32.424  11.043  27.791 0.0000000000
124193  32.358  10.921  28.714 0.0000000000
124194  32.351  10.587  28.221 0.0000000000
124195  32.435  10.249  27.687 0.0000000000
124196  32.510  9.446  27.580 0.0000000000
124197  32.654  8.670  27.493 0.0000000000
124198  32.927  7.897  27.381 0.0000000000
124261  36.652  9.013  38.514 0.0000000000
124262  36.514  9.451  37.971 0.0000000000
124263  36.376  9.831  37.475 0.0000000000
124264  36.220  9.098  37.511 0.0000000000
124265  35.939  8.769  37.071 0.0000000000
124266  35.655  8.396  36.677 0.0000000000
124267  35.779  7.112  37.163 0.0000000000
124268  35.542  7.550  36.701 0.0000000000
124269  35.345  7.947  36.301 0.0000000000
124270  35.124  7.476  35.917 0.0000000000
124271  34.899  6.961  35.521 0.0000000000
124272  34.728  6.591  35.156 0.0000000000
124493  54.237  18.281  14.446 0.0000000000
124495  53.654  17.844  13.981 0.0000000000
124496  53.046  17.375  13.434 0.0000000000
124497  52.394  16.821  12.790 0.0000000000
124498  53.067  15.993  12.024 0.0000000000
124499  52.427  16.131  12.006 0.0000000000
124500  51.732  16.241  12.050 0.0000000000
124501  51.116  15.727  11.202 0.0000000000
124502  50.576  15.236  10.293 0.0000000000
124503  50.053  14.818  9.361 0.0000000000
124504  49.469  14.453  8.470 0.0000000000
124505  50.183  14.450  8.428 0.0000000000
124506  50.316  14.148  7.551 0.0000000000
124507  50.453  13.913  6.764 0.0000000000
124508  51.720  14.198  7.372 0.0000000000
124509  51.143  13.945  6.662 0.0000000000
124510  50.527  13.656  5.991 0.0000000000
124511  50.603  13.361  5.248 0.0000000000
124512  50.645  13.019  4.546 0.0000000000
124513  50.544  12.605  3.826 0.0000000000
124514  49.425  13.941  18.672 0.0000000000
124515  49.925  14.314  18.525 0.0000000000
124516  49.633  13.853  17.780 0.0000000000
124517  49.864  13.752  16.825 0.0000000000
124518  50.097  13.561  15.864 0.0000000000
124519  49.401  12.584  15.398 0.0000000000
124520  49.818  12.876  15.212 0.0000000000
124521  50.306  13.248  14.996 0.0000000000
124522  50.468  12.896  14.060 0.0000000000
124523  50.610  12.589  13.098 0.0000000000
124524  50.729  12.308  12.101 0.0000000000
124525  51.914  7.563  4.931 0.0000000000
124526  51.414  8.098  5.660 0.0000000000
124527  51.939  8.001  4.719 0.0000000000
124528  51.958  8.407  4.511 0.0000000000
124529  52.053  8.842  4.263 0.0000000000
124531  52.386  8.729  3.400 0.0000000000
124532  52.147  9.240  4.004 0.0000000000
124533  52.215  9.653  3.715 0.0000000000
124534  52.234  10.024  3.434 0.0000000000
124535  52.241  10.353  3.179 0.0000000000
124536  52.196  10.626  2.953 0.0000000000
124537  52.117  10.171  2.416 0.0000000000
129666  40.872  13.548  21.149 0.0000000000
129667  41.531  13.229  21.038 0.0000000000
129668  41.150  12.835  21.178 0.0000000000
129669  41.448  12.175  21.161 0.0000000000
129670  41.778  11.472  21.080 0.0000000000
129671  40.841  11.319  21.337 0.0000000000
129672  41.481  11.050  21.147 0.0000000000
129673  42.132  10.744  20.926 0.0000000000
129674  42.517  10.098  20.659 0.0000000000
129675  42.869  9.507  20.267 0.0000000000
129676  43.148  8.887  19.841 0.0000000000
129677  39.820  9.458  21.678 0.0000000000
129678  40.492  9.267  21.433 0.0000000000
129679  41.112  9.035  21.103 0.0000000000
129680  41.322  7.836  20.802 0.0000000000
129681  41.516  8.347  20.765 0.0000000000
129682  41.738  8.855  20.743 0.0000000000
129683  42.394  8.642  20.339 0.0000000000
129684  42.944  8.439  19.922 0.0000000000
129685  43.435  8.237  19.469 0.0000000000
129686  43.810  7.544  19.092 0.0000000000
129687  44.149  6.864  18.768 0.0000000000
129688  44.566  6.225  18.584 0.0000000000
129689  43.989  5.920  19.281 0.0000000000
129690  44.556  5.764  18.869 0.0000000000
129691  45.087  5.614  18.461 0.0000000000
131413  38.041  22.103  22.694 0.0000000000
131414  37.777  21.625  22.964 0.0000000000
131421  38.267  22.251  23.790 0.0000000000
131422  37.857  21.746  23.524 0.0000000000
131423  37.498  21.172  23.229 0.0000000000
131424  37.200  20.749  23.521 0.0000000000
131425  36.879  20.261  23.810 0.0000000000
131426  36.594  19.755  24.055 0.0000000000
131427  37.096  20.372  24.824 0.0000000000
131428  36.694  19.835  24.546 0.0000000000
131429  36.351  19.248  24.284 0.0000000000
131430  36.087  18.719  24.516 0.0000000000
131431  35.867  18.241  24.699 0.0000000000
131432  35.500  17.676  24.909 0.0000000000
133715  38.620  18.859  32.119 0.0000000000
133716  37.987  18.515  32.043 0.0000000000
133717  37.344  18.161  31.973 0.0000000000
133718  37.372  18.333  32.832 0.0000000000
133719  37.077  18.014  32.372 0.0000000000
133720  36.706  17.720  31.935 0.0000000000
133721  36.128  17.236  31.935 0.0000000000
133722  35.579  16.775  31.954 0.0000000000
133723  35.102  16.304  31.975 0.0000000000
133724  36.523  17.346  34.590 0.0000000000
133725  36.283  17.120  34.148 0.0000000000
133726  36.019  16.832  33.734 0.0000000000
133727  35.599  15.908  34.184 0.0000000000
133728  35.640  16.247  33.759 0.0000000000
133729  35.719  16.555  33.322 0.0000000000
133730  35.356  16.301  32.862 0.0000000000
133731  35.002  16.036  32.419 0.0000000000
133732  34.662  15.777  32.023 0.0000000000
133733  34.297  15.214  32.022 0.0000000000
133734  33.944  14.625  31.960 0.0000000000
133735  33.685  13.925  31.850 0.0000000000
133736  34.061  13.951  32.720 0.0000000000
133737  33.751  13.578  32.222 0.0000000000
133738  33.486  13.256  31.772 0.0000000000
133739  33.296  12.545  31.677 0.0000000000
133740  33.116  11.774  31.613 0.0000000000
133741  32.972  10.989  31.582 0.0000000000
134017  54.798  18.712  14.893 0.0000000000
134018  54.697  18.001  14.630 0.0000000000
134019  54.623  17.340  14.230 0.0000000000
134020  54.577  16.709  13.690 0.0000000000
134021  55.042  16.828  14.709 0.0000000000
134022  54.802  16.481  13.836 0.0000000000
134023  54.532  16.080  13.018 0.0000000000
134024  54.473  15.453  12.265 0.0000000000
134025  54.293  14.858  11.525 0.0000000000
134026  54.112  14.337  10.710 0.0000000000
134027  48.491  9.043  12.408 0.0000000000
134028  48.731  9.475  12.260 0.0000000000
134029  48.765  8.757  11.521 0.0000000000
134030  49.107  8.442  10.658 0.0000000000
134031  49.505  8.121  9.772 0.0000000000
134032  49.704  6.951  9.334 0.0000000000
134033  49.843  7.369  9.119 0.0000000000
134034  50.001  7.812  8.838 0.0000000000
134035  50.420  7.570  7.964 0.0000000000
134036  50.888  7.362  7.033 0.0000000000
134037  51.435  7.196  6.107 0.0000000000
134038  52.213  4.984  7.505 0.0000000000
134039  52.113  5.247  6.948 0.0000000000
134040  52.110  5.515  6.466 0.0000000000
134041  53.566  5.196  5.243 0.0000000000
134042  52.788  5.515  5.533 0.0000000000
134043  52.094  5.906  6.030 0.0000000000
134044  52.077  6.301  5.693 0.0000000000
134045  52.054  6.726  5.413 0.0000000000
134046  51.958  7.126  5.159 0.0000000000
134047  52.474  7.116  4.238 0.0000000000
134048  52.917  7.083  3.343 0.0000000000
140730  48.867  19.779  18.501 0.0000000000
140731  49.502  19.394  18.612 0.0000000000
140732  48.902  19.018  18.666 0.0000000000
140733  48.954  18.337  18.878 0.0000000000
140734  48.963  17.610  19.286 0.0000000000
140735  47.877  17.427  19.380 0.0000000000
140736  48.477  17.176  19.563 0.0000000000
140737  49.077  16.889  19.727 0.0000000000
140738  49.187  16.209  20.035 0.0000000000
140739  49.277  15.484  20.201 0.0000000000
140740  49.306  14.762  20.036 0.0000000000
140741  45.796  15.941  20.205 0.0000000000
140742  46.388  15.745  20.453 0.0000000000
140743  47.080  15.455  20.602 0.0000000000
140744  46.791  14.465  20.909 0.0000000000
140745  47.274  14.825  20.792 0.0000000000
140746  47.788  15.166  20.742 0.0000000000
140747  48.435  14.795  20.616 0.0000000000
140748  48.917  14.400  20.181 0.0000000000
140749  49.243  14.111  19.498 0.0000000000
140750  49.067  13.569  18.778 0.0000000000
140751  48.839  13.131  18.024 0.0000000000
140752  48.696  12.671  17.307 0.0000000000
140753  48.039  12.357  18.085 0.0000000000
140754  48.279  12.225  17.288 0.0000000000
140755  48.511  12.048  16.435 0.0000000000
140756  48.326  11.357  15.556 0.0000000000
140757  48.209  10.658  14.724 0.0000000000
140758  48.198  9.978  13.932 0.0000000000
140759  42.177  12.955  20.984 0.0000000000
140760  42.814  12.665  20.921 0.0000000000
140761  43.426  12.360  20.906 0.0000000000
140762  43.382  11.171  20.727 0.0000000000
140763  43.730  11.587  20.712 0.0000000000
140764  44.118  11.985  20.782 0.0000000000
140765  44.757  11.627  20.479 0.0000000000
140766  45.316  11.319  19.949 0.0000000000
140767  45.790  11.195  19.339 0.0000000000
140768  44.228  8.805  18.628 0.0000000000
140769  44.429  9.194  18.550 0.0000000000
140770  44.715  9.617  18.555 0.0000000000
140771  45.273  8.762  17.376 0.0000000000
140772  45.137  9.410  17.941 0.0000000000
140773  45.057  9.978  18.571 0.0000000000
140774  45.382  10.350  18.599 0.0000000000
140775  45.784  10.692  18.596 0.0000000000
140776  46.173  11.075  18.667 0.0000000000
140777  46.489  10.948  17.958 0.0000000000
140778  46.750  10.714  17.185 0.0000000000
140779  47.045  10.473  16.473 0.0000000000
140780  46.814  9.396  15.827 0.0000000000
140781  47.069  9.797  15.755 0.0000000000
140782  47.360  10.191  15.681 0.0000000000
140783  47.653  9.864  14.830 0.0000000000
140784  47.959  9.556  13.999 0.0000000000
140785  48.236  9.293  13.182 0.0000000000
140786  48.234  8.598  12.500 0.0000000000
140787  48.346  7.927  11.840 0.0000000000
140788  48.570  7.195  11.282 0.0000000000
140789  48.043  7.170  12.277 0.0000000000
140790  48.484  6.835  11.509 0.0000000000
140791  48.976  6.533  10.753 0.0000000000
140792  49.515  5.926  10.289 0.0000000000
140793  50.130  5.395  9.919 0.0000000000
140794  50.821  4.954  9.632 0.0000000000
140795  48.070  5.807  13.657 0.0000000000
140796  48.569  5.530  12.971 0.0000000000
140797  49.090  5.308  12.309 0.0000000000
140800  49.651  5.069  11.615 0.0000000000
140801  50.289  4.880  10.895 0.0000000000
140802  50.921  4.725  10.138 0.0000000000
140803  51.622  4.621  9.399 0.0000000000
140804  52.496  4.447  9.246 0.0000000000
145745  48.920  20.436  18.413 0.0000000000
145746  48.258  20.090  18.366 0.0000000000
145747  47.690  19.629  18.415 0.0000000000
145748  47.107  19.175  18.521 0.0000000000
145749  46.534  20.078  18.368 0.0000000000
145750  46.547  19.392  18.470 0.0000000000
145751  46.602  18.677  18.694 0.0000000000
145752  46.104  18.218  18.941 0.0000000000
145753  45.578  17.856  19.137 0.0000000000
145754  45.050  17.443  19.378 0.0000000000
145755  44.449  20.859  19.000 0.0000000000
145756  44.360  20.265  18.914 0.0000000000
145757  44.370  19.606  18.894 0.0000000000
145758  43.242  19.410  19.100 0.0000000000
145759  43.825  19.169  19.010 0.0000000000
145760  44.398  18.959  18.970 0.0000000000
145761  44.420  18.313  19.125 0.0000000000
145762  44.447  17.641  19.334 0.0000000000
145763  44.554  17.021  19.589 0.0000000000
145764  44.011  16.704  19.814 0.0000000000
145765  43.490  16.353  20.005 0.0000000000
145766  42.981  15.976  20.156 0.0000000000
145767  42.310  16.823  19.896 0.0000000000
145768  42.405  16.232  20.115 0.0000000000
145769  42.493  15.646  20.360 0.0000000000
145770  42.000  15.277  20.548 0.0000000000
145771  41.545  14.908  20.689 0.0000000000
145772  41.097  14.519  20.832 0.0000000000
145773  40.310  22.569  20.602 0.0000000000
145774  40.176  22.029  20.440 0.0000000000
145775  40.061  21.505  20.276 0.0000000000
145776  39.094  21.517  20.795 0.0000000000
145777  39.508  21.242  20.397 0.0000000000
145778  39.975  20.949  20.126 0.0000000000
145779  39.920  20.368  20.030 0.0000000000
145780  39.879  19.774  20.007 0.0000000000
145781  39.880  19.159  20.027 0.0000000000
145782  37.375  20.155  21.924 0.0000000000
145783  37.624  19.898  21.438 0.0000000000
145784  37.933  19.641  20.990 0.0000000000
145785  37.553  18.545  21.260 0.0000000000
145786  37.972  18.973  20.926 0.0000000000
145787  38.373  19.359  20.675 0.0000000000
145788  38.866  19.078  20.411 0.0000000000
145789  39.399  18.794  20.241 0.0000000000
145790  39.950  18.522  20.088 0.0000000000
145791  40.010  17.863  20.153 0.0000000000
145792  40.057  17.195  20.244 0.0000000000
145793  40.164  16.558  20.399 0.0000000000
145794  39.144  16.462  20.704 0.0000000000
145795  39.690  16.184  20.614 0.0000000000
145796  40.255  15.951  20.560 0.0000000000
145797  40.394  15.355  20.714 0.0000000000
145798  40.534  14.758  20.867 0.0000000000
145799  40.658  14.155  21.014 0.0000000000
145800  40.297  13.763  21.226 0.0000000000
145801  39.963  13.358  21.409 0.0000000000
145802  39.664  12.959  21.604 0.0000000000
145803  38.880  13.814  21.676 0.0000000000
145804  39.108  13.152  21.787 0.0000000000
145805  39.366  12.500  21.766 0.0000000000
145806  39.107  12.037  21.913 0.0000000000
145807  38.856  11.554  22.081 0.0000000000
145808  38.601  11.035  22.217 0.0000000000
145809  36.881  14.663  22.256 0.0000000000
145810  37.088  14.000  22.339 0.0000000000
145811  37.310  13.306  22.435 0.0000000000
145812  36.501  12.936  22.864 0.0000000000
145813  37.036  12.762  22.712 0.0000000000
145814  37.542  12.579  22.508 0.0000000000
145815  37.789  11.835  22.505 0.0000000000
145816  38.063  11.153  22.431 0.0000000000
145817  38.313  10.498  22.307 0.0000000000
145818  37.970  9.956  22.409 0.0000000000
145819  37.700  9.411  22.566 0.0000000000
145820  37.483  8.880  22.764 0.0000000000
145821  36.610  9.621  23.131 0.0000000000
145822  36.938  8.977  23.059 0.0000000000
145823  37.282  8.397  22.998 0.0000000000
145824  37.135  7.862  23.249 0.0000000000
145825  37.066  7.324  23.495 0.0000000000
145826  37.032  6.763  23.740 0.0000000000
152353  38.158  20.508  26.632 0.0000000000
152354  37.578  20.033  26.409 0.0000000000
152355  37.027  19.554  26.124 0.0000000000
152356  37.047  19.247  26.690 0.0000000000
152357  36.738  19.197  26.290 0.0000000000
152358  36.472  19.032  25.859 0.0000000000
152359  35.981  18.482  25.614 0.0000000000
152360  35.570  17.907  25.378 0.0000000000
152361  35.169  17.213  25.170 0.0000000000
152365  36.836  17.814  30.758 0.0000000000
152366  37.114  18.010  30.351 0.0000000000
152367  37.474  18.240  29.949 0.0000000000
152368  37.145  18.178  29.499 0.0000000000
152369  36.798  18.105  29.087 0.0000000000
152370  36.496  18.006  28.639 0.0000000000
152371  34.574  15.981  30.713 0.0000000000
152372  34.749  16.241  30.270 0.0000000000
152373  34.999  16.554  29.817 0.0000000000
152374  34.138  15.825  29.281 0.0000000000
152375  34.698  16.360  29.322 0.0000000000
152376  35.270  16.904  29.389 0.0000000000
152377  35.551  17.257  28.951 0.0000000000
152378  35.851  17.586  28.550 0.0000000000
152379  36.178  17.889  28.171 0.0000000000
152380  35.897  17.759  27.722 0.0000000000
152381  35.589  17.633  27.225 0.0000000000
152382  35.372  17.478  26.765 0.0000000000
152383  34.516  16.399  27.083 0.0000000000
152384  34.861  16.821  26.692 0.0000000000
152385  35.150  17.224  26.322 0.0000000000
152386  34.982  17.016  25.916 0.0000000000
152387  34.877  16.824  25.483 0.0000000000
152388  34.855  16.605  25.008 0.0000000000
152389  34.621  15.939  24.899 0.0000000000
152390  34.439  15.263  24.782 0.0000000000
152391  34.306  14.609  24.676 0.0000000000
152392  33.864  14.418  25.473 0.0000000000
152393  34.010  14.228  25.029 0.0000000000
152394  34.224  13.964  24.630 0.0000000000
152395  34.233  13.250  24.567 0.0000000000
152396  34.277  12.546  24.588 0.0000000000
152397  34.348  11.758  24.573 0.0000000000
152398  32.874  12.680  27.004 0.0000000000
152399  32.970  12.403  26.515 0.0000000000
152400  33.158  12.128  26.101 0.0000000000
152401  32.948  10.918  26.388 0.0000000000
152402  33.163  11.363  26.035 0.0000000000
152403  33.417  11.832  25.664 0.0000000000
152404  33.748  11.579  25.221 0.0000000000
152405  34.070  11.253  24.883 0.0000000000
152406  34.471  10.969  24.494 0.0000000000
152407  34.663  10.217  24.378 0.0000000000
152408  34.916  9.515  24.282 0.0000000000
152409  35.173  8.827  24.264 0.0000000000
152410  34.452  8.603  24.904 0.0000000000
152411  34.972  8.381  24.555 0.0000000000
152412  35.533  8.158  24.195 0.0000000000
152413  35.945  7.532  24.126 0.0000000000
152414  36.389  6.935  24.078 0.0000000000
152415  36.870  6.365  24.035 0.0000000000
152578  37.474  14.684  37.691 0.0000000000
152579  37.050  14.373  37.216 0.0000000000
152580  36.673  14.069  36.693 0.0000000000
152581  36.939  13.019  36.924 0.0000000000
152582  36.617  13.394  36.609 0.0000000000
152583  36.357  13.784  36.257 0.0000000000
152584  36.093  13.523  35.810 0.0000000000
152585  35.737  13.237  35.401 0.0000000000
152586  35.405  12.990  34.983 0.0000000000
152587  36.269  10.210  36.971 0.0000000000
152588  36.128  10.610  36.444 0.0000000000
152589  35.902  11.043  35.966 0.0000000000
152590  35.408  9.874  35.646 0.0000000000
152591  35.582  10.673  35.601 0.0000000000
152592  35.661  11.468  35.567 0.0000000000
152593  35.443  11.881  35.196 0.0000000000
152594  35.242  12.271  34.858 0.0000000000
152595  35.104  12.747  34.590 0.0000000000
152596  34.774  12.433  34.182 0.0000000000
152597  34.455  12.096  33.791 0.0000000000
152598  34.076  11.725  33.339 0.0000000000
152599  34.148  10.365  33.821 0.0000000000
152600  33.948  10.838  33.351 0.0000000000
152601  33.734  11.321  32.872 0.0000000000
152602  33.421  10.906  32.426 0.0000000000
152603  33.122  10.496  32.045 0.0000000000
152604  32.886  10.069  31.568 0.0000000000
152612  34.953  5.740  35.100 0.0000000000
152613  34.628  6.114  34.763 0.0000000000
152621  34.551  5.624  34.352 0.0000000000
152622  34.331  6.507  34.382 0.0000000000
152623  34.097  6.967  33.984 0.0000000000
152624  33.812  7.368  33.474 0.0000000000
152625  33.548  7.771  32.995 0.0000000000
152626  33.588  6.405  32.562 0.0000000000
152627  33.355  7.289  32.494 0.0000000000
152628  33.288  8.167  32.488 0.0000000000
152629  33.042  8.680  31.986 0.0000000000
152630  32.842  9.159  31.514 0.0000000000
152631  32.667  9.632  31.045 0.0000000000
152632  32.528  9.207  30.502 0.0000000000
152633  32.456  8.784  29.989 0.0000000000
152634  32.414  8.374  29.471 0.0000000000
152635  32.799  6.919  29.890 0.0000000000
152636  32.626  7.429  29.383 0.0000000000
152637  32.547  8.001  28.943 0.0000000000
152638  32.730  7.641  28.397 0.0000000000
152639  32.954  7.359  27.829 0.0000000000
152640  33.255  7.056  27.318 0.0000000000
152641  34.782  3.999  29.715 0.0000000000
152642  34.426  4.388  29.207 0.0000000000
152643  34.187  4.830  28.683 0.0000000000
152644  35.281  4.005  28.061 0.0000000000
152645  34.579  4.609  28.113 0.0000000000
152646  33.988  5.284  28.209 0.0000000000
152647  33.829  5.742  27.714 0.0000000000
152648  33.699  6.224  27.246 0.0000000000
152649  33.624  6.767  26.818 0.0000000000
152650  34.064  6.534  26.342 0.0000000000
152651  34.555  6.414  25.908 0.0000000000
152652  35.106  6.217  25.500 0.0000000000
152653  35.753  5.058  25.808 0.0000000000
152654  35.707  5.544  25.439 0.0000000000
152655  35.677  6.052  25.070 0.0000000000
152656  36.225  5.897  24.692 0.0000000000
152657  36.848  5.809  24.338 0.0000000000
152658  37.492  5.718  23.980 0.0000000000
153200  45.420  16.850  8.924 0.0000000000
153201  45.291  16.268  8.470 0.0000000000
153202  45.250  15.715  7.947 0.0000000000
153203  45.193  15.221  7.418 0.0000000000
153204  46.221  15.062  8.002 0.0000000000
153205  45.683  14.907  7.399 0.0000000000
153206  45.159  14.742  6.907 0.0000000000
153207  45.118  14.272  6.383 0.0000000000
153210  48.834  14.135  7.706 0.0000000000
153211  48.230  13.955  7.178 0.0000000000
153212  47.571  13.789  6.639 0.0000000000
153213  48.319  13.363  5.789 0.0000000000
153214  47.606  13.456  5.975 0.0000000000
153215  46.889  13.628  6.125 0.0000000000
153216  46.279  13.432  5.649 0.0000000000
153217  45.601  13.186  5.319 0.0000000000
153228  50.154  19.105  18.700 0.0000000000
153229  50.787  18.727  18.746 0.0000000000
153230  51.411  18.321  18.743 0.0000000000
153231  50.757  17.272  19.137 0.0000000000
153232  51.368  17.566  18.893 0.0000000000
153233  52.070  17.901  18.704 0.0000000000
153234  52.660  17.452  18.623 0.0000000000
153235  53.181  17.051  18.266 0.0000000000
153236  53.600  16.700  17.659 0.0000000000
153237  50.469  14.684  18.334 0.0000000000
153238  51.048  15.025  18.125 0.0000000000
153239  51.690  15.325  17.972 0.0000000000
153240  51.479  14.670  16.218 0.0000000000
153241  51.885  15.139  16.987 0.0000000000
153242  52.240  15.612  17.689 0.0000000000
153243  52.821  15.860  17.436 0.0000000000
153244  53.380  16.122  17.156 0.0000000000
153245  53.898  16.323  16.808 0.0000000000
153246  54.166  15.927  15.899 0.0000000000
153247  54.331  15.554  14.953 0.0000000000
153248  54.432  15.147  13.931 0.0000000000
153249  53.650  14.450  13.528 0.0000000000
153250  54.066  14.530  13.221 0.0000000000
153251  54.428  14.755  12.993 0.0000000000
153252  54.298  14.385  11.993 0.0000000000
153253  54.100  14.051  10.918 0.0000000000
153254  53.951  13.846  9.867 0.0000000000
153255  48.988  9.908  12.160 0.0000000000
153256  49.242  10.277  12.033 0.0000000000
153257  49.452  10.605  11.887 0.0000000000
153258  49.657  9.725  10.082 0.0000000000
153259  49.631  10.370  10.908 0.0000000000
153260  49.736  11.020  11.747 0.0000000000
153261  50.051  11.432  11.573 0.0000000000
153262  50.414  11.749  11.328 0.0000000000
153263  50.803  11.984  11.057 0.0000000000
153264  51.018  8.680  6.409 0.0000000000
153265  50.761  9.307  7.062 0.0000000000
153266  50.594  9.945  7.824 0.0000000000
153267  51.245  10.120  6.628 0.0000000000
153268  50.906  10.344  7.614 0.0000000000
153269  50.604  10.570  8.589 0.0000000000
153270  50.723  11.163  9.324 0.0000000000
153271  50.935  11.693  10.043 0.0000000000
153272  51.265  12.176  10.783 0.0000000000
153273  51.794  12.353  10.536 0.0000000000
153274  52.297  12.515  10.259 0.0000000000
153275  52.757  12.683  9.953 0.0000000000
153276  52.431  12.133  8.149 0.0000000000
153277  52.781  12.488  8.877 0.0000000000
153278  53.208  12.877  9.627 0.0000000000
153279  53.550  13.139  9.335 0.0000000000
153280  53.780  13.404  9.047 0.0000000000
153281  53.764  13.690  8.781 0.0000000000
153282  53.510  13.588  7.788 0.0000000000
153283  53.172  13.447  6.764 0.0000000000
153284  52.745  13.294  5.904 0.0000000000
153285  52.800  12.722  5.313 0.0000000000
153286  52.561  12.977  5.200 0.0000000000
153287  52.239  13.135  5.112 0.0000000000
153288  51.686  12.850  4.345 0.0000000000
153289  51.098  12.485  3.687 0.0000000000
153290  50.435  12.177  3.203 0.0000000000
153291  52.112  10.921  2.719 0.0000000000
153292  51.873  11.130  2.634 0.0000000000
153293  51.592  11.310  2.594 0.0000000000
153295  51.083  10.996  2.250 0.0000000000
153296  51.276  11.486  2.631 0.0000000000
153297  50.903  11.646  2.648 0.0000000000
153298  50.384  11.758  2.754 0.0000000000
153299  49.765  11.870  2.934 0.0000000000
