#!ascii label  , from subject fsaverage vox2ras=TkReg
1875
29  8.465  -53.147  20.368 0.0000000000
127  6.349  -34.760  34.456 0.0000000000
287  5.324  -62.489  23.664 0.0000000000
408  10.972  -52.409  27.535 0.0000000000
542  12.936  -42.408  33.301 0.0000000000
543  5.048  -45.049  30.251 0.0000000000
545  8.469  -34.523  29.530 0.0000000000
546  9.033  -44.714  23.317 0.0000000000
767  5.129  -57.468  22.070 0.0000000000
768  8.943  -59.568  22.472 0.0000000000
771  6.702  -53.993  16.658 0.0000000000
920  8.771  -56.192  29.544 0.0000000000
921  12.934  -51.845  30.753 0.0000000000
1195  6.514  -35.589  38.494 0.0000000000
1197  9.311  -38.672  33.828 0.0000000000
1198  9.354  -43.687  31.144 0.0000000000
1199  6.062  -39.651  31.872 0.0000000000
1206  9.259  -39.930  27.127 0.0000000000
1912  5.033  -61.178  27.151 0.0000000000
1913  7.188  -56.919  25.763 0.0000000000
1914  9.598  -52.670  24.091 0.0000000000
2268  15.369  -47.177  33.304 0.0000000000
2269  12.127  -47.832  30.652 0.0000000000
2270  8.069  -49.096  29.162 0.0000000000
2271  5.516  -49.624  25.704 0.0000000000
2277  4.302  -34.250  30.516 0.0000000000
2278  4.877  -39.338  28.239 0.0000000000
2279  5.440  -44.362  25.734 0.0000000000
2280  4.609  -48.527  20.983 0.0000000000
2281  6.765  -47.981  18.465 0.0000000000
2687  7.294  -55.682  21.130 0.0000000000
2688  4.546  -58.733  19.539 0.0000000000
2689  5.671  -56.379  18.815 0.0000000000
2691  7.701  -53.796  18.382 0.0000000000
2840  12.137  -53.709  31.793 0.0000000000
2841  13.867  -51.719  32.394 0.0000000000
3115  6.881  -34.911  36.449 0.0000000000
3116  8.296  -36.631  35.896 0.0000000000
3117  7.756  -36.736  34.040 0.0000000000
3118  7.909  -39.208  32.705 0.0000000000
3119  6.297  -37.183  32.763 0.0000000000
3742  7.688  -63.505  25.520 0.0000000000
3743  12.253  -62.436  25.701 0.0000000000
3744  9.703  -61.891  24.941 0.0000000000
4202  10.555  -54.549  28.330 0.0000000000
4203  8.026  -56.582  27.665 0.0000000000
4204  9.888  -54.880  26.493 0.0000000000
4205  9.175  -55.130  24.670 0.0000000000
4206  10.207  -52.585  25.855 0.0000000000
5028  11.507  -40.503  35.464 0.0000000000
5032  14.393  -44.736  33.172 0.0000000000
5033  14.115  -47.290  31.636 0.0000000000
5034  13.007  -45.080  31.667 0.0000000000
5035  6.925  -44.495  30.867 0.0000000000
5036  8.435  -46.814  30.642 0.0000000000
5037  6.039  -47.646  30.308 0.0000000000
5038  6.719  -49.345  27.658 0.0000000000
5039  4.919  -47.819  28.566 0.0000000000
5051  9.143  -31.669  29.669 0.0000000000
5053  7.332  -31.551  30.199 0.0000000000
5054  4.757  -31.369  30.243 0.0000000000
5055  5.788  -34.229  29.345 0.0000000000
5056  4.533  -36.855  29.259 0.0000000000
5057  6.809  -37.017  28.721 0.0000000000
5059  7.885  -42.278  26.521 0.0000000000
5060  7.627  -44.660  24.651 0.0000000000
5061  4.955  -46.551  23.503 0.0000000000
5062  6.839  -46.503  22.250 0.0000000000
5063  5.363  -47.988  19.558 0.0000000000
5064  8.389  -46.642  21.182 0.0000000000
5989  4.526  -60.084  22.702 0.0000000000
5990  7.154  -61.463  22.948 0.0000000000
5991  5.218  -60.825  20.697 0.0000000000
5992  7.242  -59.593  19.858 0.0000000000
6265  9.552  -55.646  31.213 0.0000000000
6266  11.324  -54.065  30.113 0.0000000000
6267  11.929  -52.124  29.169 0.0000000000
6761  7.733  -37.228  37.856 0.0000000000
6762  9.828  -38.570  35.635 0.0000000000
6763  11.121  -40.507  33.524 0.0000000000
6764  11.541  -42.875  31.860 0.0000000000
6765  9.741  -41.048  32.334 0.0000000000
6766  7.767  -41.648  31.580 0.0000000000
6767  5.706  -42.166  30.966 0.0000000000
6777  9.286  -34.599  28.498 0.0000000000
6778  9.071  -37.290  28.510 0.0000000000
6779  9.275  -37.339  27.178 0.0000000000
7702  5.457  -33.754  38.971 0.0000000000
7703  5.866  -33.017  36.845 0.0000000000
7740  11.573  -59.933  24.378 0.0000000000
8345  6.191  -64.008  26.449 0.0000000000
8346  4.871  -62.032  25.237 0.0000000000
8347  5.778  -58.043  28.707 0.0000000000
8348  5.085  -58.490  26.718 0.0000000000
8349  4.725  -59.209  24.708 0.0000000000
8350  6.260  -57.146  23.920 0.0000000000
8351  8.347  -55.294  22.919 0.0000000000
8352  9.015  -52.777  22.306 0.0000000000
9367  14.369  -49.569  31.782 0.0000000000
9368  12.924  -49.734  30.419 0.0000000000
9369  11.385  -50.071  29.183 0.0000000000
9370  10.820  -45.770  30.830 0.0000000000
9371  9.943  -48.543  30.065 0.0000000000
9372  10.043  -50.374  27.880 0.0000000000
9373  8.956  -50.618  26.406 0.0000000000
9374  7.949  -50.660  24.743 0.0000000000
9375  7.137  -50.738  23.036 0.0000000000
9384  5.629  -32.208  34.597 0.0000000000
9392  4.663  -31.801  32.257 0.0000000000
9393  5.106  -34.745  32.595 0.0000000000
9394  4.623  -37.285  31.480 0.0000000000
9395  4.387  -39.629  30.413 0.0000000000
9396  4.341  -42.124  29.245 0.0000000000
9397  7.537  -39.730  27.812 0.0000000000
9398  5.210  -41.888  27.163 0.0000000000
9399  4.580  -44.715  27.997 0.0000000000
9400  4.514  -47.320  25.890 0.0000000000
9401  4.680  -49.335  23.287 0.0000000000
9402  6.671  -50.505  20.735 0.0000000000
9403  6.458  -50.324  19.015 0.0000000000
9404  6.339  -50.166  17.330 0.0000000000
9407  8.114  -47.995  17.433 0.0000000000
10367  8.138  -54.593  20.610 0.0000000000
10368  6.421  -56.050  19.992 0.0000000000
10369  7.419  -54.941  19.494 0.0000000000
10370  6.787  -55.230  18.540 0.0000000000
10371  8.141  -53.499  19.355 0.0000000000
10795  6.800  -34.723  35.433 0.0000000000
10796  7.406  -35.654  35.184 0.0000000000
10797  6.960  -35.791  34.238 0.0000000000
10798  7.102  -36.934  33.356 0.0000000000
10799  6.315  -35.930  33.506 0.0000000000
11422  6.401  -63.042  24.647 0.0000000000
11423  8.732  -62.745  25.212 0.0000000000
11424  7.391  -62.447  24.318 0.0000000000
11882  10.989  -53.495  27.849 0.0000000000
11883  10.250  -54.755  27.466 0.0000000000
11884  10.621  -53.683  26.948 0.0000000000
11885  10.263  -53.771  26.049 0.0000000000
11886  10.566  -52.548  26.708 0.0000000000
12710  13.254  -42.398  34.226 0.0000000000
12712  13.755  -43.494  33.228 0.0000000000
12713  13.801  -44.861  32.355 0.0000000000
12714  13.142  -43.681  32.414 0.0000000000
12715  5.888  -44.816  30.714 0.0000000000
12716  6.430  -46.070  30.735 0.0000000000
12717  5.466  -46.439  30.396 0.0000000000
12718  5.362  -47.831  29.575 0.0000000000
12719  4.794  -46.600  29.693 0.0000000000
12731  8.934  -33.133  29.647 0.0000000000
12732  8.582  -31.701  30.137 0.0000000000
12733  8.002  -33.053  29.923 0.0000000000
12734  6.616  -32.969  29.773 0.0000000000
12735  7.247  -34.406  29.526 0.0000000000
12736  6.247  -35.595  29.020 0.0000000000
12737  7.753  -35.810  29.208 0.0000000000
12738  9.189  -43.595  24.402 0.0000000000
12739  8.744  -43.712  25.138 0.0000000000
12740  8.508  -44.766  24.076 0.0000000000
12741  7.279  -45.670  23.519 0.0000000000
12742  8.227  -45.837  22.889 0.0000000000
12743  7.712  -46.638  21.747 0.0000000000
12744  8.826  -45.766  22.297 0.0000000000
13822  4.618  -58.731  22.360 0.0000000000
13823  4.695  -60.527  21.621 0.0000000000
13824  4.515  -59.362  21.161 0.0000000000
13825  4.688  -59.316  18.345 0.0000000000
13826  5.257  -60.150  19.033 0.0000000000
13827  6.241  -59.696  18.468 0.0000000000
13832  5.689  -55.549  16.557 0.0000000000
14282  12.684  -52.799  31.242 0.0000000000
14283  11.731  -53.847  30.980 0.0000000000
14284  12.218  -52.918  30.438 0.0000000000
14285  11.832  -53.106  29.569 0.0000000000
14286  12.405  -51.953  29.952 0.0000000000
15105  6.211  -35.998  39.583 0.0000000000
15107  7.095  -36.434  38.148 0.0000000000
15108  8.862  -37.533  34.769 0.0000000000
15109  8.978  -37.602  35.760 0.0000000000
15110  9.689  -38.547  34.683 0.0000000000
15111  10.591  -39.490  34.555 0.0000000000
15112  10.175  -39.663  33.670 0.0000000000
15113  10.503  -40.714  32.866 0.0000000000
15114  9.559  -39.857  33.045 0.0000000000
15115  7.059  -39.527  32.270 0.0000000000
15116  7.975  -40.451  32.139 0.0000000000
15117  7.002  -40.738  31.738 0.0000000000
15118  6.751  -41.941  31.267 0.0000000000
15119  5.944  -40.904  31.389 0.0000000000
16916  5.024  -32.979  40.272 0.0000000000
16918  5.676  -33.376  37.924 0.0000000000
16919  5.320  -32.265  38.044 0.0000000000
16990  13.370  -61.568  25.275 0.0000000000
16995  8.061  -60.561  22.711 0.0000000000
16996  9.257  -60.659  23.832 0.0000000000
16997  10.162  -59.617  23.593 0.0000000000
18365  5.394  -63.109  25.821 0.0000000000
18366  4.921  -61.592  26.197 0.0000000000
18367  7.662  -56.835  30.034 0.0000000000
18368  6.207  -57.830  29.611 0.0000000000
18369  7.212  -57.046  29.180 0.0000000000
18370  7.588  -56.749  26.667 0.0000000000
18371  6.226  -57.369  27.288 0.0000000000
18372  5.900  -57.579  26.266 0.0000000000
18373  4.914  -58.806  25.733 0.0000000000
18374  5.546  -57.736  25.379 0.0000000000
18375  5.181  -58.015  24.386 0.0000000000
18376  6.772  -57.026  24.856 0.0000000000
18377  9.660  -53.950  24.281 0.0000000000
18378  8.812  -55.200  23.803 0.0000000000
18379  9.361  -53.952  23.419 0.0000000000
18380  8.972  -54.116  22.513 0.0000000000
18381  9.321  -52.672  23.226 0.0000000000
20859  15.001  -48.387  32.482 0.0000000000
20860  13.157  -47.505  31.064 0.0000000000
20861  13.599  -48.540  30.972 0.0000000000
20862  12.613  -48.721  30.479 0.0000000000
20863  12.184  -49.902  29.813 0.0000000000
20864  11.626  -48.972  30.029 0.0000000000
20865  10.502  -43.267  31.411 0.0000000000
20866  11.314  -44.313  31.255 0.0000000000
20867  10.099  -44.701  30.954 0.0000000000
20868  8.031  -48.201  30.320 0.0000000000
20869  9.270  -47.727  30.441 0.0000000000
20870  8.975  -48.818  29.712 0.0000000000
20871  9.854  -49.435  29.027 0.0000000000
20872  9.102  -49.620  28.436 0.0000000000
20873  9.473  -50.519  27.161 0.0000000000
20874  8.464  -49.828  27.767 0.0000000000
20875  6.118  -49.508  26.718 0.0000000000
20876  7.239  -49.979  26.124 0.0000000000
20877  6.719  -50.109  25.253 0.0000000000
20878  7.472  -50.707  23.844 0.0000000000
20879  6.145  -50.200  24.309 0.0000000000
20921  4.434  -32.804  30.295 0.0000000000
20922  4.413  -31.507  31.173 0.0000000000
20923  4.458  -33.030  31.321 0.0000000000
20924  4.884  -33.285  32.387 0.0000000000
20925  4.565  -34.508  31.569 0.0000000000
20926  4.828  -35.982  31.973 0.0000000000
20927  4.336  -35.777  30.910 0.0000000000
20928  4.718  -38.081  28.757 0.0000000000
20929  4.326  -38.264  29.766 0.0000000000
20930  4.326  -39.493  29.163 0.0000000000
20931  4.295  -40.851  29.821 0.0000000000
20932  4.345  -40.673  28.591 0.0000000000
20933  9.194  -38.689  27.855 0.0000000000
20934  8.477  -38.582  28.287 0.0000000000
20935  8.655  -39.900  27.627 0.0000000000
20936  6.584  -43.267  26.055 0.0000000000
20937  6.519  -42.021  26.777 0.0000000000
20938  5.380  -43.159  26.539 0.0000000000
20939  4.689  -43.183  27.499 0.0000000000
20940  4.802  -44.541  26.807 0.0000000000
20941  4.619  -46.091  27.066 0.0000000000
20942  4.749  -45.731  25.837 0.0000000000
20943  4.658  -47.577  22.231 0.0000000000
20944  4.426  -48.013  23.354 0.0000000000
20945  4.562  -48.973  22.115 0.0000000000
20946  5.488  -49.929  22.047 0.0000000000
20947  5.306  -49.693  20.968 0.0000000000
20948  6.598  -50.420  19.836 0.0000000000
20949  5.164  -49.436  20.016 0.0000000000
20950  6.005  -47.921  18.964 0.0000000000
20951  5.438  -48.942  18.411 0.0000000000
20952  5.700  -48.783  17.703 0.0000000000
20954  6.100  -48.680  17.118 0.0000000000
23269  6.130  -56.603  21.629 0.0000000000
23270  4.762  -58.040  20.857 0.0000000000
23271  5.446  -56.970  20.470 0.0000000000
23272  4.880  -57.480  19.243 0.0000000000
23273  4.625  -58.115  17.869 0.0000000000
23275  5.112  -56.767  17.696 0.0000000000
23276  6.190  -55.445  17.614 0.0000000000
23277  7.167  -53.968  17.513 0.0000000000
23546  13.064  -52.775  32.076 0.0000000000
23547  13.470  -51.757  31.565 0.0000000000
24039  6.796  -35.206  37.455 0.0000000000
24040  7.410  -36.035  37.183 0.0000000000
24041  7.520  -35.763  36.176 0.0000000000
24042  8.158  -36.576  34.908 0.0000000000
24043  8.511  -37.666  33.938 0.0000000000
24044  8.658  -38.921  33.160 0.0000000000
24045  7.897  -37.901  33.263 0.0000000000
24046  7.111  -38.197  32.762 0.0000000000
24047  6.221  -38.473  32.320 0.0000000000
25168  8.925  -63.893  26.201 0.0000000000
25169  11.234  -63.315  26.135 0.0000000000
25170  9.965  -63.093  25.802 0.0000000000
25171  11.002  -62.199  25.449 0.0000000000
25172  12.106  -61.283  25.086 0.0000000000
25173  10.032  -58.526  22.193 0.0000000000
25995  5.183  -60.826  28.162 0.0000000000
25996  9.810  -55.467  28.927 0.0000000000
25997  8.425  -56.423  28.616 0.0000000000
25998  9.494  -55.660  27.986 0.0000000000
25999  9.123  -55.815  27.089 0.0000000000
26000  8.714  -55.987  26.082 0.0000000000
26001  8.345  -56.100  25.161 0.0000000000
26002  9.502  -54.980  25.545 0.0000000000
26003  9.926  -53.935  25.098 0.0000000000
26004  9.846  -52.632  24.913 0.0000000000
27491  14.866  -47.186  32.391 0.0000000000
27492  14.386  -46.052  32.373 0.0000000000
27493  13.605  -46.205  31.628 0.0000000000
27494  12.588  -46.498  31.087 0.0000000000
27495  8.092  -44.119  30.988 0.0000000000
27496  8.880  -45.222  30.813 0.0000000000
27497  7.651  -45.673  30.799 0.0000000000
27498  7.197  -47.271  30.625 0.0000000000
27499  6.967  -48.538  29.914 0.0000000000
27500  7.298  -49.305  28.376 0.0000000000
27501  6.207  -48.688  29.106 0.0000000000
27502  5.628  -48.755  28.245 0.0000000000
27503  5.071  -48.856  27.238 0.0000000000
27529  5.895  -31.466  29.991 0.0000000000
27530  5.247  -32.784  29.716 0.0000000000
27531  4.681  -34.150  29.628 0.0000000000
27532  4.373  -35.540  29.811 0.0000000000
27533  5.037  -35.493  29.097 0.0000000000
27534  5.409  -36.889  28.668 0.0000000000
27535  5.783  -38.172  28.301 0.0000000000
27536  9.236  -41.192  26.302 0.0000000000
27537  8.761  -41.191  26.891 0.0000000000
27538  8.784  -42.482  26.060 0.0000000000
27539  7.829  -43.537  25.645 0.0000000000
27540  6.514  -44.448  25.148 0.0000000000
27541  5.258  -45.489  24.727 0.0000000000
27542  6.219  -45.523  24.062 0.0000000000
27543  5.719  -46.417  22.779 0.0000000000
27544  5.257  -47.276  21.453 0.0000000000
27545  4.881  -48.186  20.245 0.0000000000
27546  5.960  -47.219  20.862 0.0000000000
27547  6.856  -47.301  20.439 0.0000000000
27548  7.659  -47.379  19.899 0.0000000000
29335  4.693  -61.444  23.019 0.0000000000
29336  6.218  -62.161  23.194 0.0000000000
29337  5.287  -61.574  22.313 0.0000000000
29338  6.137  -61.320  21.818 0.0000000000
29339  7.090  -60.545  21.475 0.0000000000
29340  4.644  -60.043  19.949 0.0000000000
29341  6.217  -60.448  20.196 0.0000000000
29342  8.088  -59.540  21.212 0.0000000000
29979  9.182  -55.896  30.367 0.0000000000
29980  10.937  -54.676  31.488 0.0000000000
29981  10.542  -54.919  30.641 0.0000000000
29982  10.203  -55.192  29.821 0.0000000000
29983  10.942  -54.332  29.238 0.0000000000
29984  11.447  -53.354  28.706 0.0000000000
29985  11.480  -52.297  28.357 0.0000000000
31136  8.114  -36.862  36.895 0.0000000000
31137  8.797  -37.777  36.715 0.0000000000
31138  9.626  -38.731  36.572 0.0000000000
31140  11.484  -40.381  34.420 0.0000000000
31141  12.088  -41.468  33.409 0.0000000000
31142  12.342  -42.565  32.504 0.0000000000
31143  11.471  -41.632  32.644 0.0000000000
31144  10.650  -41.929  32.084 0.0000000000
31145  9.662  -42.288  31.683 0.0000000000
31146  8.829  -40.138  32.551 0.0000000000
31147  8.784  -41.386  31.953 0.0000000000
31148  8.514  -42.692  31.380 0.0000000000
31149  7.390  -43.032  31.123 0.0000000000
31150  6.347  -43.340  30.949 0.0000000000
31151  5.338  -43.580  30.668 0.0000000000
31173  9.168  -34.540  29.132 0.0000000000
31174  8.804  -35.943  29.068 0.0000000000
31175  9.290  -35.954  28.546 0.0000000000
31176  9.399  -37.345  27.917 0.0000000000
31177  9.382  -38.646  27.183 0.0000000000
31180  9.324  -39.908  26.392 0.0000000000
31184  9.076  -44.577  22.560 0.0000000000
33524  5.992  -34.696  38.780 0.0000000000
33525  6.228  -34.356  37.714 0.0000000000
33526  6.349  -34.029  36.662 0.0000000000
33527  6.268  -33.775  35.636 0.0000000000
33618  13.209  -62.315  26.295 0.0000000000
33624  8.342  -61.660  24.027 0.0000000000
33625  10.592  -60.954  24.709 0.0000000000
33626  13.088  -60.353  24.636 0.0000000000
35325  8.056  -64.397  26.602 0.0000000000
35326  6.920  -63.794  25.929 0.0000000000
35327  5.871  -63.133  25.204 0.0000000000
35328  4.994  -62.243  24.405 0.0000000000
35329  5.657  -58.906  29.857 0.0000000000
35330  5.483  -59.201  28.929 0.0000000000
35331  5.340  -59.471  27.925 0.0000000000
35332  6.715  -57.243  28.238 0.0000000000
35333  5.312  -58.240  27.722 0.0000000000
35334  5.106  -59.749  26.946 0.0000000000
35335  4.890  -60.125  26.042 0.0000000000
35336  4.729  -60.564  25.042 0.0000000000
35337  4.616  -61.033  23.980 0.0000000000
35338  4.574  -59.611  23.705 0.0000000000
35339  4.867  -58.333  23.368 0.0000000000
35340  5.698  -57.276  22.996 0.0000000000
35341  7.896  -56.181  24.292 0.0000000000
35342  7.448  -56.284  23.452 0.0000000000
35343  6.875  -56.438  22.573 0.0000000000
35344  7.840  -55.478  22.015 0.0000000000
35345  8.613  -54.345  21.564 0.0000000000
35346  8.751  -52.937  21.346 0.0000000000
38342  14.206  -50.638  32.076 0.0000000000
38343  13.685  -50.752  31.245 0.0000000000
38344  14.361  -48.411  31.650 0.0000000000
38345  13.732  -49.686  31.038 0.0000000000
38346  13.086  -50.846  30.465 0.0000000000
38347  12.439  -50.952  29.786 0.0000000000
38348  11.813  -51.072  29.033 0.0000000000
38349  11.271  -51.176  28.317 0.0000000000
38350  12.320  -43.955  31.742 0.0000000000
38351  11.972  -45.401  31.126 0.0000000000
38352  11.491  -46.842  30.764 0.0000000000
38353  9.631  -46.308  30.676 0.0000000000
38354  10.384  -47.285  30.583 0.0000000000
38355  11.043  -48.136  30.367 0.0000000000
38356  10.733  -49.244  29.556 0.0000000000
38357  10.710  -50.192  28.534 0.0000000000
38358  10.715  -51.324  27.596 0.0000000000
38359  10.161  -51.444  26.815 0.0000000000
38360  9.730  -51.491  26.053 0.0000000000
38361  9.301  -51.448  25.231 0.0000000000
38362  7.842  -49.937  26.947 0.0000000000
38363  8.400  -50.617  25.611 0.0000000000
38364  9.006  -51.489  24.394 0.0000000000
38365  8.637  -51.501  23.469 0.0000000000
38366  8.306  -51.486  22.608 0.0000000000
38367  8.127  -51.526  21.695 0.0000000000
38392  5.544  -31.677  36.945 0.0000000000
38393  5.856  -32.534  35.698 0.0000000000
38394  5.958  -33.535  34.506 0.0000000000
38416  4.467  -30.054  30.975 0.0000000000
38417  4.488  -30.345  32.128 0.0000000000
38419  5.169  -32.032  33.382 0.0000000000
38420  5.409  -33.441  33.426 0.0000000000
38421  5.725  -34.822  33.499 0.0000000000
38422  5.504  -36.040  32.741 0.0000000000
38423  5.386  -37.299  32.219 0.0000000000
38424  5.206  -38.566  31.855 0.0000000000
38425  4.314  -37.011  30.314 0.0000000000
38426  4.502  -38.410  30.919 0.0000000000
38427  4.972  -39.706  31.352 0.0000000000
38428  4.873  -40.948  30.818 0.0000000000
38429  4.694  -42.237  30.337 0.0000000000
38430  4.591  -43.594  29.829 0.0000000000
38431  8.180  -37.198  28.824 0.0000000000
38432  7.259  -38.381  28.322 0.0000000000
38433  6.053  -39.495  27.861 0.0000000000
38434  7.711  -41.023  27.221 0.0000000000
38435  6.351  -40.782  27.386 0.0000000000
38436  5.034  -40.592  27.724 0.0000000000
38437  4.490  -41.870  28.085 0.0000000000
38438  4.456  -43.356  28.616 0.0000000000
38439  4.473  -45.009  29.221 0.0000000000
38440  4.558  -46.444  28.394 0.0000000000
38441  4.634  -47.643  27.218 0.0000000000
38442  4.661  -48.780  25.910 0.0000000000
38443  4.566  -46.900  24.591 0.0000000000
38444  4.427  -48.439  24.639 0.0000000000
38445  4.937  -49.587  24.560 0.0000000000
38446  5.746  -50.178  23.161 0.0000000000
38447  6.849  -50.642  21.908 0.0000000000
38448  7.982  -51.589  20.510 0.0000000000
38449  7.863  -51.776  19.473 0.0000000000
38450  7.611  -51.972  18.556 0.0000000000
38451  7.397  -52.083  17.689 0.0000000000
38452  5.260  -49.207  19.207 0.0000000000
38453  6.355  -50.253  18.130 0.0000000000
38458  9.009  -45.597  21.583 0.0000000000
38460  8.280  -47.398  19.269 0.0000000000
38463  7.475  -48.023  17.962 0.0000000000
41087  8.392  -53.927  20.422 0.0000000000
41088  7.779  -54.759  20.056 0.0000000000
41089  8.085  -54.116  19.850 0.0000000000
41090  7.840  -54.259  19.395 0.0000000000
41091  8.280  -53.313  19.884 0.0000000000
41515  6.594  -34.733  34.932 0.0000000000
41516  6.876  -35.230  34.813 0.0000000000
41517  6.624  -35.283  34.349 0.0000000000
41518  6.668  -35.853  33.852 0.0000000000
41519  6.316  -35.330  33.960 0.0000000000
42142  5.834  -62.789  24.113 0.0000000000
42143  6.937  -62.783  24.478 0.0000000000
42144  6.291  -62.587  23.922 0.0000000000
42602  11.028  -52.952  27.685 0.0000000000
42603  10.793  -53.611  27.411 0.0000000000
42604  10.791  -53.084  27.229 0.0000000000
42605  10.655  -53.125  26.799 0.0000000000
42606  10.772  -52.497  27.140 0.0000000000
43431  13.534  -42.896  33.703 0.0000000000
43432  13.357  -42.925  33.269 0.0000000000
43433  13.476  -43.559  32.812 0.0000000000
43434  13.078  -43.014  32.855 0.0000000000
43435  5.427  -44.915  30.521 0.0000000000
43436  5.605  -45.567  30.588 0.0000000000
43437  5.244  -45.751  30.347 0.0000000000
43438  5.102  -46.552  30.099 0.0000000000
43439  4.904  -45.857  30.022 0.0000000000
43451  8.745  -33.832  29.613 0.0000000000
43452  8.554  -33.107  29.843 0.0000000000
43453  8.261  -33.767  29.744 0.0000000000
43454  7.659  -33.721  29.736 0.0000000000
43455  7.925  -34.453  29.585 0.0000000000
43456  7.528  -35.123  29.381 0.0000000000
43457  8.134  -35.174  29.393 0.0000000000
43458  9.076  -44.144  23.866 0.0000000000
43459  8.922  -44.216  24.259 0.0000000000
43460  8.814  -44.779  23.701 0.0000000000
43461  8.406  -45.352  23.494 0.0000000000
43462  8.736  -45.325  23.125 0.0000000000
43463  8.619  -45.830  22.615 0.0000000000
43464  8.947  -45.271  22.803 0.0000000000
44542  4.810  -58.080  22.148 0.0000000000
44543  4.545  -59.045  21.747 0.0000000000
44544  4.678  -58.387  21.628 0.0000000000
44546  5.274  -59.852  18.160 0.0000000000
44547  5.827  -59.596  17.919 0.0000000000
44548  6.840  -59.279  18.290 0.0000000000
44552  6.203  -54.810  16.602 0.0000000000
44556  6.521  -53.992  16.213 0.0000000000
45002  12.851  -52.306  31.000 0.0000000000
45003  12.462  -52.837  30.833 0.0000000000
45004  12.596  -52.346  30.592 0.0000000000
45005  12.348  -52.418  30.186 0.0000000000
45006  12.664  -51.902  30.348 0.0000000000
45825  6.369  -35.806  39.030 0.0000000000
45826  6.619  -36.214  38.826 0.0000000000
45827  6.807  -36.020  38.307 0.0000000000
45828  9.104  -38.067  34.299 0.0000000000
45829  9.252  -38.054  34.753 0.0000000000
45830  9.520  -38.596  34.273 0.0000000000
45831  9.946  -39.100  34.150 0.0000000000
45832  9.733  -39.192  33.742 0.0000000000
45833  9.871  -39.760  33.317 0.0000000000
45834  9.433  -39.279  33.428 0.0000000000
45835  6.587  -39.623  32.073 0.0000000000
45836  7.022  -40.141  32.013 0.0000000000
45837  6.531  -40.215  31.818 0.0000000000
45838  6.475  -40.843  31.567 0.0000000000
45839  6.003  -40.269  31.636 0.0000000000
47638  5.198  -32.504  38.623 0.0000000000
47715  8.492  -60.087  22.549 0.0000000000
47716  9.050  -60.095  23.148 0.0000000000
47717  9.490  -59.578  23.041 0.0000000000
49086  4.986  -61.393  26.640 0.0000000000
49087  8.225  -56.480  29.798 0.0000000000
49088  7.462  -56.956  29.608 0.0000000000
49089  8.022  -56.628  29.361 0.0000000000
49090  7.408  -56.825  26.213 0.0000000000
49091  6.742  -57.153  26.501 0.0000000000
49092  6.579  -57.218  26.057 0.0000000000
49093  5.745  -57.640  25.839 0.0000000000
49094  6.361  -57.276  25.590 0.0000000000
49095  6.132  -57.361  25.130 0.0000000000
49096  6.993  -56.944  25.313 0.0000000000
49097  9.713  -53.321  24.132 0.0000000000
49098  9.537  -53.926  23.871 0.0000000000
49099  9.633  -53.263  23.699 0.0000000000
49100  9.435  -53.311  23.288 0.0000000000
49101  9.489  -52.636  23.673 0.0000000000
51577  15.473  -47.804  33.365 0.0000000000
51578  15.278  -48.405  32.956 0.0000000000
51579  15.223  -47.777  32.872 0.0000000000
51580  12.672  -47.668  30.836 0.0000000000
51581  12.899  -48.141  30.753 0.0000000000
51582  12.393  -48.283  30.563 0.0000000000
51583  12.120  -48.865  30.243 0.0000000000
51584  11.887  -48.417  30.364 0.0000000000
51585  9.934  -43.479  31.254 0.0000000000
51586  10.360  -43.980  31.132 0.0000000000
51587  9.739  -44.187  31.035 0.0000000000
51588  7.995  -48.704  29.812 0.0000000000
51589  8.505  -48.525  30.056 0.0000000000
51590  8.494  -48.961  29.478 0.0000000000
51591  8.970  -49.215  29.105 0.0000000000
51592  8.591  -49.337  28.803 0.0000000000
51593  8.762  -49.733  28.106 0.0000000000
51594  8.238  -49.442  28.473 0.0000000000
51595  5.810  -49.580  26.209 0.0000000000
51596  6.402  -49.802  25.958 0.0000000000
51597  6.087  -49.879  25.490 0.0000000000
51598  6.412  -50.177  24.808 0.0000000000
51599  5.745  -49.960  25.029 0.0000000000
51641  4.337  -33.509  30.382 0.0000000000
51642  4.354  -32.912  30.811 0.0000000000
51643  4.352  -33.630  30.887 0.0000000000
51644  4.502  -33.772  31.428 0.0000000000
51645  4.373  -34.366  31.041 0.0000000000
51646  4.429  -35.122  31.223 0.0000000000
51647  4.313  -34.979  30.695 0.0000000000
51648  4.769  -38.705  28.468 0.0000000000
51649  4.479  -38.777  28.924 0.0000000000
51650  4.510  -39.361  28.637 0.0000000000
51651  4.333  -40.055  28.873 0.0000000000
51652  4.542  -39.971  28.377 0.0000000000
51653  9.225  -39.312  27.489 0.0000000000
51654  8.992  -39.298  27.752 0.0000000000
51655  9.028  -39.936  27.403 0.0000000000
51656  5.963  -43.785  25.862 0.0000000000
51657  5.933  -43.172  26.243 0.0000000000
51658  5.414  -43.766  26.157 0.0000000000
51659  5.016  -43.818  26.646 0.0000000000
51660  5.051  -44.434  26.226 0.0000000000
51661  4.809  -45.158  26.353 0.0000000000
51662  5.014  -44.997  25.742 0.0000000000
51663  4.580  -48.055  21.589 0.0000000000
51664  4.499  -48.272  22.122 0.0000000000
51665  4.584  -48.761  21.535 0.0000000000
51666  4.858  -49.367  21.526 0.0000000000
51667  4.749  -49.196  20.961 0.0000000000
51668  5.251  -49.552  20.467 0.0000000000
51669  4.814  -49.002  20.500 0.0000000000
51670  6.399  -47.965  18.705 0.0000000000
51671  5.815  -48.346  18.321 0.0000000000
51672  6.043  -48.262  18.066 0.0000000000
51673  5.965  -48.740  17.423 0.0000000000
51674  6.389  -48.293  17.804 0.0000000000
54142  6.701  -56.162  21.384 0.0000000000
54143  5.768  -56.735  21.078 0.0000000000
54144  6.292  -56.313  20.827 0.0000000000
54145  6.021  -56.206  19.433 0.0000000000
54146  5.515  -56.716  19.680 0.0000000000
54147  5.169  -56.915  19.035 0.0000000000
54148  4.688  -57.821  18.546 0.0000000000
54149  4.974  -57.218  18.346 0.0000000000
54150  4.788  -57.432  17.783 0.0000000000
54151  5.400  -56.591  18.252 0.0000000000
54152  7.286  -54.568  18.427 0.0000000000
54153  6.490  -55.340  18.063 0.0000000000
54154  7.009  -54.659  17.977 0.0000000000
54155  6.757  -54.741  17.558 0.0000000000
54156  7.429  -53.916  17.925 0.0000000000
54602  13.667  -52.225  32.690 0.0000000000
54603  13.224  -52.760  32.522 0.0000000000
54604  13.495  -52.239  32.247 0.0000000000
54605  13.310  -52.258  31.820 0.0000000000
54606  13.691  -51.715  31.975 0.0000000000
55425  6.842  -35.040  36.924 0.0000000000
55426  7.136  -35.456  36.791 0.0000000000
55427  7.159  -35.352  36.304 0.0000000000
55428  7.606  -36.170  34.531 0.0000000000
55429  7.761  -36.084  35.018 0.0000000000
55430  8.020  -36.621  34.429 0.0000000000
55431  8.373  -37.058  34.426 0.0000000000
55432  8.142  -37.191  33.995 0.0000000000
55433  8.248  -37.764  33.588 0.0000000000
55434  7.841  -37.311  33.646 0.0000000000
55435  6.702  -37.068  33.047 0.0000000000
55436  7.102  -37.574  33.021 0.0000000000
55437  6.659  -37.729  32.733 0.0000000000
55438  6.660  -38.375  32.524 0.0000000000
55439  6.266  -37.824  32.528 0.0000000000
57307  8.296  -63.709  25.893 0.0000000000
57308  9.517  -63.498  25.994 0.0000000000
57309  8.813  -63.351  25.692 0.0000000000
57310  9.211  -62.312  25.076 0.0000000000
57311  9.830  -62.462  25.361 0.0000000000
57312  10.348  -62.049  25.231 0.0000000000
57313  11.554  -61.763  25.275 0.0000000000
57314  10.872  -61.580  25.104 0.0000000000
58687  10.235  -55.035  28.633 0.0000000000
58688  9.711  -55.579  28.467 0.0000000000
58689  10.056  -55.152  28.175 0.0000000000
58690  10.064  -54.825  26.994 0.0000000000
58691  9.727  -55.309  27.270 0.0000000000
58692  9.545  -55.398  26.762 0.0000000000
58693  8.914  -55.898  26.579 0.0000000000
58694  9.337  -55.448  26.271 0.0000000000
58695  9.144  -55.484  25.784 0.0000000000
58696  9.704  -54.922  26.012 0.0000000000
58697  10.298  -53.173  25.914 0.0000000000
58698  10.080  -53.835  25.585 0.0000000000
58699  10.109  -53.227  25.455 0.0000000000
58700  9.955  -53.259  24.928 0.0000000000
58701  10.011  -52.616  25.391 0.0000000000
61173  14.283  -44.100  33.667 0.0000000000
61175  14.595  -44.710  33.660 0.0000000000
61177  14.691  -45.348  33.200 0.0000000000
61178  14.725  -45.998  32.777 0.0000000000
61179  14.450  -45.398  32.740 0.0000000000
61180  13.431  -44.975  31.982 0.0000000000
61181  13.738  -45.557  31.988 0.0000000000
61182  13.341  -45.634  31.657 0.0000000000
61183  13.118  -46.332  31.351 0.0000000000
61184  12.830  -45.784  31.366 0.0000000000
61185  7.486  -44.320  30.927 0.0000000000
61186  7.861  -44.887  30.869 0.0000000000
61187  7.221  -45.102  30.831 0.0000000000
61188  6.231  -46.886  30.577 0.0000000000
61189  6.793  -46.714  30.694 0.0000000000
61190  6.592  -47.481  30.501 0.0000000000
61191  7.031  -47.955  30.398 0.0000000000
61192  6.475  -48.134  30.170 0.0000000000
61193  6.525  -48.641  29.512 0.0000000000
61194  6.079  -48.254  29.786 0.0000000000
61195  5.123  -47.837  29.116 0.0000000000
61196  5.477  -48.337  28.959 0.0000000000
61197  5.205  -48.381  28.471 0.0000000000
61198  5.363  -48.804  27.737 0.0000000000
61199  5.003  -48.349  27.902 0.0000000000
61234  8.023  -31.646  30.218 0.0000000000
61239  6.255  -30.726  30.171 0.0000000000
61240  6.610  -31.486  30.086 0.0000000000
61241  6.216  -33.612  29.541 0.0000000000
61242  5.900  -32.851  29.683 0.0000000000
61243  5.500  -33.537  29.488 0.0000000000
61244  4.936  -33.468  29.647 0.0000000000
61245  5.114  -34.182  29.396 0.0000000000
61246  4.839  -34.793  29.337 0.0000000000
61247  5.376  -34.841  29.195 0.0000000000
61248  6.577  -36.306  28.887 0.0000000000
61249  5.820  -36.243  28.809 0.0000000000
61250  6.078  -36.900  28.666 0.0000000000
61251  5.599  -37.505  28.500 0.0000000000
61252  6.293  -37.593  28.487 0.0000000000
61253  9.235  -41.857  25.833 0.0000000000
61254  9.066  -41.864  26.189 0.0000000000
61255  9.057  -42.503  25.743 0.0000000000
61256  8.231  -44.184  24.926 0.0000000000
61257  8.327  -43.624  25.424 0.0000000000
61258  7.763  -44.104  25.170 0.0000000000
61259  7.188  -43.999  25.396 0.0000000000
61260  7.115  -44.568  24.896 0.0000000000
61261  6.394  -44.994  24.630 0.0000000000
61262  6.954  -45.107  24.357 0.0000000000
61263  7.035  -46.120  22.858 0.0000000000
61264  6.512  -46.047  23.112 0.0000000000
61265  6.231  -46.459  22.469 0.0000000000
61266  5.467  -46.854  22.119 0.0000000000
61267  5.958  -46.801  21.823 0.0000000000
61268  5.585  -47.213  21.139 0.0000000000
61269  6.387  -46.864  21.574 0.0000000000
61270  8.126  -46.674  21.495 0.0000000000
61271  7.291  -46.972  21.123 0.0000000000
61272  7.734  -47.012  20.868 0.0000000000
61273  7.292  -47.344  20.172 0.0000000000
61274  8.115  -47.020  20.599 0.0000000000
64507  4.554  -60.706  22.873 0.0000000000
64508  5.010  -61.517  22.673 0.0000000000
64509  4.754  -60.947  22.403 0.0000000000
64510  4.877  -60.759  21.092 0.0000000000
64511  5.213  -61.154  21.525 0.0000000000
64512  5.631  -61.110  21.188 0.0000000000
64513  6.612  -60.949  21.627 0.0000000000
64514  6.127  -60.839  20.982 0.0000000000
64515  4.620  -58.360  20.209 0.0000000000
64516  4.520  -59.012  20.374 0.0000000000
64517  4.552  -59.444  19.688 0.0000000000
64518  6.236  -60.112  19.316 0.0000000000
64519  5.772  -60.337  19.626 0.0000000000
64520  6.807  -60.070  20.024 0.0000000000
64521  7.213  -60.049  20.711 0.0000000000
64522  7.696  -59.550  20.544 0.0000000000
64523  8.632  -59.006  21.088 0.0000000000
64524  8.223  -59.052  20.403 0.0000000000
65882  9.043  -55.958  31.458 0.0000000000
65884  8.876  -56.099  31.044 0.0000000000
65885  8.662  -56.235  30.624 0.0000000000
65886  9.367  -55.776  30.788 0.0000000000
65887  11.723  -54.105  32.058 0.0000000000
65889  11.554  -54.181  31.645 0.0000000000
65890  11.513  -53.961  30.560 0.0000000000
65891  11.157  -54.387  30.819 0.0000000000
65892  10.952  -54.536  30.400 0.0000000000
65893  10.366  -55.052  30.237 0.0000000000
65894  10.797  -54.650  29.976 0.0000000000
65895  10.612  -54.774  29.527 0.0000000000
65896  11.154  -54.185  29.667 0.0000000000
65897  11.942  -52.603  29.370 0.0000000000
65898  11.627  -53.244  29.146 0.0000000000
65899  11.725  -52.743  28.939 0.0000000000
65900  11.524  -52.836  28.523 0.0000000000
65901  11.718  -52.230  28.761 0.0000000000
68362  8.007  -37.657  37.722 0.0000000000
68363  7.856  -36.283  36.523 0.0000000000
68364  7.751  -36.440  37.039 0.0000000000
68365  8.207  -36.737  36.406 0.0000000000
68366  9.395  -38.084  35.679 0.0000000000
68367  8.937  -37.672  36.227 0.0000000000
68368  9.312  -38.147  36.165 0.0000000000
68369  9.175  -38.243  36.652 0.0000000000
68370  9.761  -38.626  36.134 0.0000000000
68371  10.171  -39.131  36.119 0.0000000000
68372  10.251  -39.046  35.618 0.0000000000
68373  10.866  -39.988  34.020 0.0000000000
68374  11.013  -39.941  34.451 0.0000000000
68375  11.349  -40.436  33.942 0.0000000000
68376  11.878  -40.909  33.925 0.0000000000
68377  11.615  -40.981  33.472 0.0000000000
68378  11.791  -41.528  33.003 0.0000000000
68379  11.317  -41.052  33.089 0.0000000000
68380  10.133  -40.857  32.592 0.0000000000
68381  10.594  -41.306  32.469 0.0000000000
68382  10.166  -41.503  32.184 0.0000000000
68383  10.170  -42.110  31.858 0.0000000000
68384  9.720  -41.665  31.994 0.0000000000
68385  8.280  -39.046  32.928 0.0000000000
68386  8.726  -39.521  32.868 0.0000000000
68387  8.325  -39.669  32.620 0.0000000000
68388  7.891  -41.054  31.845 0.0000000000
68389  8.358  -40.941  32.047 0.0000000000
68390  8.271  -41.517  31.765 0.0000000000
68391  8.690  -42.010  31.665 0.0000000000
68392  8.136  -42.160  31.488 0.0000000000
68393  7.922  -42.859  31.226 0.0000000000
68394  7.595  -42.315  31.323 0.0000000000
68395  6.232  -42.096  31.114 0.0000000000
68396  6.567  -42.634  31.059 0.0000000000
68397  6.045  -42.734  30.950 0.0000000000
68398  5.838  -43.466  30.831 0.0000000000
68399  5.534  -42.842  30.798 0.0000000000
68444  9.253  -33.807  29.136 0.0000000000
68445  9.273  -34.554  28.832 0.0000000000
68446  9.219  -35.225  28.847 0.0000000000
68447  9.314  -35.235  28.539 0.0000000000
68449  9.399  -36.665  27.903 0.0000000000
68450  9.412  -37.338  27.561 0.0000000000
68451  9.398  -38.005  27.560 0.0000000000
68459  9.247  -39.268  26.400 0.0000000000
68460  9.179  -39.876  26.010 0.0000000000
68461  9.262  -40.527  25.979 0.0000000000
73788  5.169  -33.429  39.678 0.0000000000
73789  5.146  -33.561  40.287 0.0000000000
73790  5.315  -33.949  39.645 0.0000000000
73791  5.594  -34.436  39.508 0.0000000000
73792  5.703  -34.242  38.876 0.0000000000
73793  6.113  -34.523  38.249 0.0000000000
73794  5.817  -34.075  38.326 0.0000000000
73795  5.774  -33.184  37.385 0.0000000000
73796  6.024  -33.707  37.281 0.0000000000
73797  6.069  -33.566  36.776 0.0000000000
73798  6.356  -33.896  36.159 0.0000000000
73799  6.137  -33.418  36.229 0.0000000000
74010  11.702  -62.849  25.941 0.0000000000
74012  12.775  -62.404  25.897 0.0000000000
74025  6.708  -61.857  23.035 0.0000000000
74026  7.306  -61.983  23.649 0.0000000000
74027  7.724  -61.551  23.505 0.0000000000
74028  10.426  -60.238  24.238 0.0000000000
74029  9.951  -60.784  24.295 0.0000000000
74030  11.145  -60.384  24.599 0.0000000000
74031  11.865  -60.587  24.810 0.0000000000
74032  12.408  -60.114  24.562 0.0000000000
78134  7.066  -64.278  26.512 0.0000000000
78135  7.444  -64.097  26.267 0.0000000000
78136  6.553  -63.911  26.222 0.0000000000
78137  5.090  -62.600  25.514 0.0000000000
78138  5.626  -63.176  25.492 0.0000000000
78139  5.191  -62.736  25.099 0.0000000000
78140  5.325  -62.785  24.745 0.0000000000
78141  4.914  -62.156  24.840 0.0000000000
78143  5.787  -58.783  30.348 0.0000000000
78144  5.968  -58.218  30.228 0.0000000000
78145  5.995  -57.906  29.161 0.0000000000
78146  5.694  -58.443  29.322 0.0000000000
78147  5.571  -58.612  28.819 0.0000000000
78148  5.406  -59.351  28.426 0.0000000000
78149  5.443  -58.725  28.334 0.0000000000
78150  8.263  -56.525  28.125 0.0000000000
78151  7.591  -56.827  28.429 0.0000000000
78152  7.382  -56.920  27.952 0.0000000000
78153  5.549  -57.861  27.016 0.0000000000
78154  5.749  -57.718  27.528 0.0000000000
78155  5.260  -58.358  27.215 0.0000000000
78156  5.179  -58.948  27.340 0.0000000000
78157  5.018  -59.068  26.878 0.0000000000
78158  4.974  -59.943  26.503 0.0000000000
78159  4.952  -59.249  26.381 0.0000000000
78160  4.775  -58.974  25.274 0.0000000000
78161  4.765  -59.652  25.389 0.0000000000
78162  4.701  -59.879  24.868 0.0000000000
78163  4.665  -60.775  24.542 0.0000000000
78164  4.628  -60.117  24.299 0.0000000000
78165  4.560  -60.361  23.803 0.0000000000
78166  4.628  -59.411  24.206 0.0000000000
78167  5.684  -57.572  24.154 0.0000000000
78168  5.022  -58.164  23.870 0.0000000000
78169  5.424  -57.652  23.668 0.0000000000
78170  5.218  -57.769  23.187 0.0000000000
78171  5.995  -57.201  23.464 0.0000000000
78172  8.787  -55.637  24.897 0.0000000000
78173  8.114  -56.156  24.727 0.0000000000
78174  8.577  -55.680  24.445 0.0000000000
78175  8.585  -55.231  23.363 0.0000000000
78176  8.190  -55.731  23.610 0.0000000000
78177  7.935  -55.829  23.171 0.0000000000
78178  7.169  -56.360  23.010 0.0000000000
78179  7.678  -55.892  22.734 0.0000000000
78180  7.379  -55.975  22.282 0.0000000000
78181  8.113  -55.384  22.472 0.0000000000
78182  9.096  -53.448  22.387 0.0000000000
78183  8.789  -54.202  22.059 0.0000000000
78184  8.920  -53.546  21.919 0.0000000000
78185  8.790  -53.685  21.395 0.0000000000
78186  8.867  -52.848  21.842 0.0000000000
85617  14.353  -50.108  31.908 0.0000000000
85618  13.965  -50.691  31.646 0.0000000000
85619  14.036  -50.155  31.504 0.0000000000
85620  14.486  -47.225  31.997 0.0000000000
85621  14.625  -47.796  32.003 0.0000000000
85622  14.267  -47.831  31.611 0.0000000000
85623  13.280  -49.149  30.701 0.0000000000
85624  13.684  -49.121  30.985 0.0000000000
85625  13.326  -49.720  30.698 0.0000000000
85626  13.393  -50.261  30.743 0.0000000000
85627  13.014  -50.297  30.418 0.0000000000
85628  12.775  -50.887  30.148 0.0000000000
85629  12.690  -50.372  30.095 0.0000000000
85630  11.757  -50.004  29.515 0.0000000000
85631  11.985  -50.487  29.419 0.0000000000
85632  11.635  -50.577  29.065 0.0000000000
85633  11.522  -51.150  28.675 0.0000000000
85634  11.309  -50.623  28.730 0.0000000000
85635  11.950  -42.706  32.162 0.0000000000
85636  12.345  -43.252  32.099 0.0000000000
85637  11.915  -43.377  31.799 0.0000000000
85638  11.073  -45.038  31.010 0.0000000000
85639  11.651  -44.837  31.160 0.0000000000
85640  11.401  -45.570  30.948 0.0000000000
85641  11.730  -46.120  30.937 0.0000000000
85642  11.167  -46.306  30.795 0.0000000000
85643  8.645  -46.009  30.729 0.0000000000
85644  9.266  -45.779  30.737 0.0000000000
85645  9.043  -46.540  30.655 0.0000000000
85646  9.604  -48.147  30.273 0.0000000000
85647  9.841  -47.515  30.527 0.0000000000
85648  10.145  -47.966  30.382 0.0000000000
85649  10.702  -47.747  30.488 0.0000000000
85650  10.502  -48.338  30.216 0.0000000000
85651  10.856  -48.702  30.017 0.0000000000
85652  10.355  -48.863  29.839 0.0000000000
85653  9.944  -49.882  28.451 0.0000000000
85654  10.312  -49.796  28.755 0.0000000000
85655  10.369  -50.276  28.213 0.0000000000
85656  10.731  -50.734  28.048 0.0000000000
85657  10.399  -50.836  27.717 0.0000000000
85658  10.414  -51.401  27.200 0.0000000000
85659  10.096  -50.905  27.324 0.0000000000
85660  9.200  -50.595  26.792 0.0000000000
85661  9.614  -51.003  26.595 0.0000000000
85662  9.364  -51.020  26.215 0.0000000000
85663  9.495  -51.481  25.653 0.0000000000
85664  9.116  -51.023  25.835 0.0000000000
85665  6.982  -49.339  28.007 0.0000000000
85666  7.561  -49.617  27.667 0.0000000000
85667  7.245  -49.685  27.260 0.0000000000
85668  7.584  -50.312  25.403 0.0000000000
85669  7.836  -50.276  25.849 0.0000000000
85670  8.184  -50.617  25.201 0.0000000000
85671  8.689  -51.007  24.977 0.0000000000
85672  8.497  -51.030  24.565 0.0000000000
85673  8.816  -51.501  23.924 0.0000000000
85674  8.320  -51.025  24.108 0.0000000000
85675  7.285  -50.705  23.458 0.0000000000
85676  7.909  -51.017  23.251 0.0000000000
85677  7.772  -50.997  22.835 0.0000000000
85678  8.210  -51.504  22.161 0.0000000000
85679  7.629  -51.062  22.357 0.0000000000
85741  5.349  -31.254  37.568 0.0000000000
85743  5.619  -31.698  35.167 0.0000000000
85744  5.702  -31.888  35.734 0.0000000000
85745  5.763  -32.351  35.151 0.0000000000
85746  5.944  -33.006  35.106 0.0000000000
85747  5.791  -32.868  34.580 0.0000000000
85801  5.000  -30.693  30.265 0.0000000000
85803  4.576  -30.712  30.569 0.0000000000
85804  4.486  -31.635  31.714 0.0000000000
85805  4.439  -30.900  31.637 0.0000000000
85806  4.550  -31.056  32.180 0.0000000000
85807  4.672  -30.505  32.703 0.0000000000
85808  4.778  -31.219  32.767 0.0000000000
85809  5.028  -31.326  33.354 0.0000000000
85810  4.898  -31.920  32.768 0.0000000000
85811  4.984  -33.992  32.510 0.0000000000
85812  5.152  -33.394  32.914 0.0000000000
85813  5.260  -34.111  32.971 0.0000000000
85814  5.543  -34.128  33.461 0.0000000000
85815  5.407  -34.802  33.030 0.0000000000
85816  5.621  -35.415  33.092 0.0000000000
85817  5.262  -35.370  32.672 0.0000000000
85818  4.700  -36.606  31.723 0.0000000000
85819  5.051  -36.675  32.123 0.0000000000
85820  4.961  -37.291  31.918 0.0000000000
85821  5.329  -37.941  32.033 0.0000000000
85822  4.882  -37.962  31.706 0.0000000000
85823  4.447  -36.158  29.512 0.0000000000
85824  4.303  -36.269  30.019 0.0000000000
85825  4.346  -36.885  29.716 0.0000000000
85826  4.320  -38.950  30.103 0.0000000000
85827  4.343  -38.321  30.343 0.0000000000
85828  4.451  -39.011  30.669 0.0000000000
85829  4.684  -39.064  31.177 0.0000000000
85830  4.628  -39.685  30.915 0.0000000000
85831  4.938  -40.329  31.082 0.0000000000
85832  4.556  -40.288  30.623 0.0000000000
85833  4.286  -41.491  29.496 0.0000000000
85834  4.453  -41.536  30.117 0.0000000000
85835  4.445  -42.231  29.851 0.0000000000
85836  4.631  -42.918  30.107 0.0000000000
85837  4.446  -42.853  29.565 0.0000000000
85838  8.952  -36.590  28.813 0.0000000000
85839  8.511  -36.580  28.973 0.0000000000
85840  8.698  -37.265  28.712 0.0000000000
85841  8.048  -39.192  28.051 0.0000000000
85842  7.907  -38.508  28.345 0.0000000000
85843  7.405  -39.080  28.080 0.0000000000
85844  6.652  -38.943  28.062 0.0000000000
85845  6.805  -39.609  27.817 0.0000000000
85846  8.377  -41.742  26.738 0.0000000000
85847  8.303  -41.127  27.091 0.0000000000
85848  7.793  -41.645  26.895 0.0000000000
85849  5.834  -41.929  26.916 0.0000000000
85850  6.432  -41.407  27.103 0.0000000000
85851  5.714  -41.296  27.214 0.0000000000
85852  5.642  -40.672  27.510 0.0000000000
85853  5.133  -41.243  27.479 0.0000000000
85854  4.673  -41.187  27.848 0.0000000000
85855  4.771  -41.853  27.567 0.0000000000
85856  4.605  -43.934  27.738 0.0000000000
85857  4.524  -43.290  28.052 0.0000000000
85858  4.518  -44.052  28.342 0.0000000000
85859  4.473  -44.169  28.977 0.0000000000
85860  4.507  -44.884  28.622 0.0000000000
85861  4.523  -45.745  28.864 0.0000000000
85862  4.540  -45.618  28.233 0.0000000000
85863  4.597  -46.696  26.493 0.0000000000
85864  4.596  -46.884  27.154 0.0000000000
85865  4.531  -47.508  26.558 0.0000000000
85866  4.625  -48.244  26.580 0.0000000000
85867  4.503  -48.096  25.927 0.0000000000
85868  5.145  -46.047  24.153 0.0000000000
85869  4.849  -46.172  24.631 0.0000000000
85870  4.707  -46.722  24.007 0.0000000000
85871  4.459  -48.732  23.335 0.0000000000
85872  4.400  -48.231  23.989 0.0000000000
85873  4.519  -48.928  23.955 0.0000000000
85874  4.570  -49.144  24.596 0.0000000000
85875  4.810  -49.488  23.919 0.0000000000
85876  5.275  -49.908  23.866 0.0000000000
85877  5.157  -49.816  23.247 0.0000000000
85878  6.071  -50.192  21.390 0.0000000000
85879  6.168  -50.287  21.981 0.0000000000
85880  6.777  -50.572  21.323 0.0000000000
85881  7.420  -51.008  21.250 0.0000000000
85882  7.366  -50.973  20.627 0.0000000000
85883  7.905  -51.727  19.960 0.0000000000
85884  7.360  -51.008  20.124 0.0000000000
85885  6.508  -50.371  19.435 0.0000000000
85886  7.241  -51.040  19.230 0.0000000000
85887  7.142  -51.074  18.793 0.0000000000
85888  7.593  -52.006  18.097 0.0000000000
85889  7.103  -51.080  18.347 0.0000000000
85890  5.052  -48.056  19.859 0.0000000000
85891  4.923  -48.734  19.693 0.0000000000
85892  5.119  -48.580  19.323 0.0000000000
85893  5.743  -49.452  17.871 0.0000000000
85894  5.761  -49.572  18.265 0.0000000000
85895  6.345  -50.179  17.714 0.0000000000
85896  6.925  -51.121  17.475 0.0000000000
85919  8.206  -47.711  18.350 0.0000000000
85920  7.846  -48.056  17.694 0.0000000000
85921  7.027  -48.301  17.324 0.0000000000
85922  7.395  -48.328  17.050 0.0000000000
92389  7.731  -55.184  20.827 0.0000000000
92390  6.835  -55.854  20.540 0.0000000000
92391  7.346  -55.340  20.282 0.0000000000
92392  6.962  -55.507  19.730 0.0000000000
92393  6.575  -55.678  19.170 0.0000000000
92394  6.234  -55.827  18.671 0.0000000000
92395  7.174  -55.127  19.028 0.0000000000
92396  7.592  -54.456  18.896 0.0000000000
92397  7.916  -53.661  18.859 0.0000000000
93159  6.864  -34.796  35.955 0.0000000000
93160  7.157  -35.260  35.820 0.0000000000
93161  7.096  -35.185  35.303 0.0000000000
93162  7.217  -35.713  34.673 0.0000000000
93163  7.322  -36.280  34.123 0.0000000000
93164  7.423  -36.841  33.699 0.0000000000
93165  7.017  -36.362  33.764 0.0000000000
93166  6.680  -36.450  33.429 0.0000000000
93167  6.290  -36.562  33.112 0.0000000000
94288  7.078  -63.262  25.109 0.0000000000
94289  8.234  -63.143  25.374 0.0000000000
94290  7.596  -62.969  24.971 0.0000000000
94291  8.092  -62.605  24.847 0.0000000000
94292  8.542  -62.187  24.680 0.0000000000
95116  10.839  -54.036  28.077 0.0000000000
95117  10.386  -54.670  27.896 0.0000000000
95118  10.648  -54.150  27.636 0.0000000000
95119  10.478  -54.224  27.179 0.0000000000
95120  10.318  -54.284  26.702 0.0000000000
95121  10.131  -54.335  26.251 0.0000000000
95122  10.502  -53.739  26.476 0.0000000000
95123  10.476  -53.160  26.366 0.0000000000
95124  10.341  -52.582  26.262 0.0000000000
96602  12.016  -40.925  34.912 0.0000000000
96608  13.662  -42.933  34.191 0.0000000000
96609  13.934  -43.494  33.685 0.0000000000
96610  14.102  -44.118  33.179 0.0000000000
96611  14.146  -44.777  32.747 0.0000000000
96612  13.826  -44.163  32.774 0.0000000000
96613  13.492  -44.255  32.378 0.0000000000
96614  13.128  -44.392  31.985 0.0000000000
96615  6.386  -44.671  30.825 0.0000000000
96616  6.670  -45.279  30.811 0.0000000000
96617  6.128  -45.442  30.726 0.0000000000
96618  5.905  -46.236  30.608 0.0000000000
96619  5.715  -47.053  30.394 0.0000000000
96620  5.695  -47.740  29.949 0.0000000000
96621  5.366  -47.158  30.055 0.0000000000
96622  5.037  -47.225  29.687 0.0000000000
96623  4.832  -47.250  29.171 0.0000000000
96643  9.075  -32.408  29.674 0.0000000000
96644  8.942  -31.691  29.947 0.0000000000
96645  8.780  -32.428  29.906 0.0000000000
96646  8.354  -32.401  30.061 0.0000000000
96647  7.672  -32.314  30.071 0.0000000000
96648  6.951  -32.246  29.996 0.0000000000
96649  7.316  -33.008  29.874 0.0000000000
96650  6.947  -33.697  29.647 0.0000000000
96651  6.519  -34.327  29.413 0.0000000000
96652  6.005  -34.890  29.179 0.0000000000
96653  6.746  -35.007  29.277 0.0000000000
96654  7.072  -35.708  29.139 0.0000000000
96655  7.318  -36.415  28.985 0.0000000000
96656  9.208  -43.057  24.922 0.0000000000
96657  9.079  -43.076  25.306 0.0000000000
96658  9.014  -43.658  24.789 0.0000000000
96659  8.645  -44.200  24.628 0.0000000000
96660  8.132  -44.683  24.430 0.0000000000
96661  7.479  -45.190  24.116 0.0000000000
96662  7.952  -45.249  23.837 0.0000000000
96663  7.778  -45.762  23.247 0.0000000000
96664  7.554  -46.230  22.598 0.0000000000
96665  7.234  -46.573  21.993 0.0000000000
96666  8.021  -46.263  22.335 0.0000000000
96667  8.386  -46.253  22.060 0.0000000000
96668  8.673  -46.252  21.766 0.0000000000
98608  4.534  -59.409  22.558 0.0000000000
98609  4.563  -60.337  22.147 0.0000000000
98610  4.497  -59.654  21.954 0.0000000000
98611  4.563  -59.964  21.361 0.0000000000
98612  4.636  -60.258  20.773 0.0000000000
98613  4.569  -59.069  18.921 0.0000000000
98614  4.706  -59.648  19.149 0.0000000000
98615  4.921  -59.814  18.633 0.0000000000
98616  5.720  -60.050  18.688 0.0000000000
98617  6.731  -59.661  19.148 0.0000000000
98619  7.311  -59.209  18.975 0.0000000000
98620  7.940  -58.750  18.810 0.0000000000
99435  9.765  -55.526  31.620 0.0000000000
99436  12.429  -53.289  31.502 0.0000000000
99437  11.922  -53.772  31.377 0.0000000000
99438  12.232  -53.319  31.103 0.0000000000
99439  12.012  -53.408  30.709 0.0000000000
99440  11.810  -53.506  30.276 0.0000000000
99441  11.626  -53.584  29.820 0.0000000000
99442  12.028  -53.000  29.997 0.0000000000
99443  12.132  -52.510  29.767 0.0000000000
99444  12.172  -52.046  29.566 0.0000000000
100921  7.402  -36.839  38.036 0.0000000000
100922  8.601  -37.082  35.312 0.0000000000
100923  8.614  -37.161  35.811 0.0000000000
100924  8.958  -37.563  35.245 0.0000000000
100925  9.369  -38.056  35.175 0.0000000000
100926  9.843  -38.553  35.130 0.0000000000
100927  10.256  -39.016  35.107 0.0000000000
100928  10.138  -39.022  34.611 0.0000000000
100929  10.409  -39.548  34.104 0.0000000000
100930  10.646  -40.065  33.618 0.0000000000
100931  10.857  -40.602  33.169 0.0000000000
100932  10.375  -40.176  33.244 0.0000000000
100933  10.036  -40.296  32.954 0.0000000000
100934  9.711  -40.439  32.702 0.0000000000
100935  7.534  -39.415  32.489 0.0000000000
100936  7.941  -39.840  32.396 0.0000000000
100937  7.503  -39.995  32.210 0.0000000000
100938  7.494  -40.594  31.930 0.0000000000
100939  7.416  -41.186  31.638 0.0000000000
100940  7.254  -41.781  31.416 0.0000000000
100941  6.885  -41.292  31.491 0.0000000000
100942  6.354  -41.430  31.328 0.0000000000
100943  5.824  -41.535  31.168 0.0000000000
104179  5.303  -33.211  39.050 0.0000000000
104180  5.596  -33.549  38.415 0.0000000000
104181  5.391  -33.033  38.521 0.0000000000
104182  5.455  -32.813  37.992 0.0000000000
104183  5.585  -32.611  37.453 0.0000000000
104310  12.794  -61.992  25.514 0.0000000000
104311  13.316  -61.960  25.746 0.0000000000
104312  13.876  -61.570  25.508 0.0000000000
104319  7.615  -61.017  22.843 0.0000000000
104320  8.147  -61.068  23.427 0.0000000000
104321  8.619  -60.587  23.304 0.0000000000
104322  9.715  -60.128  23.724 0.0000000000
104323  10.861  -59.736  24.053 0.0000000000
106784  5.411  -63.619  26.356 0.0000000000
106785  5.765  -63.572  26.139 0.0000000000
106787  4.888  -62.471  25.881 0.0000000000
106788  4.854  -61.821  25.705 0.0000000000
106789  7.099  -57.184  30.280 0.0000000000
106790  6.358  -57.699  30.077 0.0000000000
106791  6.897  -57.342  29.846 0.0000000000
106792  6.677  -57.405  29.408 0.0000000000
106793  6.427  -57.499  28.972 0.0000000000
106794  7.801  -56.664  27.190 0.0000000000
106795  7.122  -56.984  27.482 0.0000000000
106796  6.858  -57.069  26.991 0.0000000000
106797  6.000  -57.481  26.747 0.0000000000
106798  5.371  -57.997  26.485 0.0000000000
106799  4.984  -58.625  26.212 0.0000000000
106800  5.213  -58.098  26.026 0.0000000000
106801  5.141  -58.233  25.574 0.0000000000
106802  4.942  -58.346  25.119 0.0000000000
106803  4.836  -58.560  24.596 0.0000000000
106804  5.331  -57.853  24.916 0.0000000000
106805  5.903  -57.451  24.669 0.0000000000
106806  6.553  -57.095  24.401 0.0000000000
106807  9.500  -54.583  24.470 0.0000000000
106808  8.989  -55.160  24.227 0.0000000000
106809  9.317  -54.573  24.042 0.0000000000
106810  9.130  -54.590  23.603 0.0000000000
106811  8.939  -54.633  23.133 0.0000000000
106812  8.707  -54.730  22.694 0.0000000000
106813  9.242  -54.032  22.965 0.0000000000
106814  9.270  -53.367  22.841 0.0000000000
106815  9.150  -52.693  22.780 0.0000000000
111276  13.650  -47.354  31.332 0.0000000000
111277  13.838  -47.897  31.279 0.0000000000
111278  13.392  -48.001  31.013 0.0000000000
111279  13.128  -48.630  30.718 0.0000000000
111280  12.842  -49.172  30.434 0.0000000000
111281  12.570  -49.817  30.123 0.0000000000
111282  12.371  -49.317  30.172 0.0000000000
111283  11.899  -49.450  29.901 0.0000000000
111284  11.472  -49.554  29.643 0.0000000000
111285  11.027  -43.069  31.599 0.0000000000
111286  11.455  -43.583  31.535 0.0000000000
111287  10.917  -43.786  31.310 0.0000000000
111288  10.730  -44.507  31.077 0.0000000000
111289  10.477  -45.235  30.888 0.0000000000
111290  8.247  -47.547  30.518 0.0000000000
111291  8.876  -47.309  30.547 0.0000000000
111292  8.668  -47.960  30.364 0.0000000000
111293  9.077  -48.323  30.172 0.0000000000
111294  9.471  -48.669  29.878 0.0000000000
111295  9.862  -48.994  29.597 0.0000000000
111296  9.427  -49.103  29.353 0.0000000000
111297  9.465  -49.532  28.752 0.0000000000
111298  9.637  -49.944  28.114 0.0000000000
111299  9.754  -50.443  27.523 0.0000000000
111300  9.288  -50.055  27.790 0.0000000000
111301  8.980  -50.170  27.426 0.0000000000
111302  8.723  -50.224  27.042 0.0000000000
111303  6.414  -49.401  27.211 0.0000000000
111304  6.958  -49.684  26.870 0.0000000000
111305  6.670  -49.743  26.410 0.0000000000
111306  6.993  -50.043  25.669 0.0000000000
111307  7.358  -50.360  24.945 0.0000000000
111308  7.728  -50.696  24.284 0.0000000000
111309  7.084  -50.416  24.528 0.0000000000
111310  6.813  -50.431  24.085 0.0000000000
111311  6.623  -50.460  23.650 0.0000000000
111352  5.480  -31.547  34.596 0.0000000000
111385  4.580  -32.094  30.253 0.0000000000
111386  4.467  -31.418  30.618 0.0000000000
111387  4.378  -32.163  30.701 0.0000000000
111388  4.427  -32.274  31.246 0.0000000000
111389  4.570  -32.419  31.780 0.0000000000
111390  4.780  -32.564  32.312 0.0000000000
111391  4.639  -33.175  31.848 0.0000000000
111392  4.724  -33.893  31.970 0.0000000000
111393  4.824  -34.654  32.094 0.0000000000
111394  4.966  -35.359  32.246 0.0000000000
111395  4.663  -35.269  31.735 0.0000000000
111396  4.530  -35.880  31.448 0.0000000000
111397  4.431  -36.544  31.197 0.0000000000
111398  4.630  -37.495  29.010 0.0000000000
111399  4.400  -37.559  29.471 0.0000000000
111400  4.438  -38.189  29.199 0.0000000000
111401  4.325  -38.880  29.488 0.0000000000
111402  4.298  -39.563  29.815 0.0000000000
111403  4.357  -40.236  30.106 0.0000000000
111404  4.269  -40.156  29.504 0.0000000000
111405  4.253  -40.765  29.165 0.0000000000
111406  4.295  -41.399  28.896 0.0000000000
111407  9.153  -37.992  28.199 0.0000000000
111408  8.833  -37.962  28.430 0.0000000000
111409  8.917  -38.629  28.107 0.0000000000
111410  8.597  -39.245  27.949 0.0000000000
111411  8.184  -39.837  27.747 0.0000000000
111412  7.276  -42.807  26.243 0.0000000000
111413  7.224  -42.155  26.654 0.0000000000
111414  6.594  -42.660  26.417 0.0000000000
111415  5.892  -42.566  26.566 0.0000000000
111416  5.311  -42.516  26.847 0.0000000000
111417  4.877  -42.497  27.293 0.0000000000
111418  4.930  -43.125  26.963 0.0000000000
111419  4.766  -43.805  27.151 0.0000000000
111420  4.681  -44.588  27.382 0.0000000000
111421  4.619  -45.450  27.585 0.0000000000
111422  4.686  -45.318  26.956 0.0000000000
111423  4.669  -45.921  26.448 0.0000000000
111424  4.619  -46.523  25.848 0.0000000000
111425  4.758  -47.045  22.854 0.0000000000
111426  4.589  -47.262  23.387 0.0000000000
111427  4.487  -47.781  22.726 0.0000000000
111428  4.466  -48.487  22.718 0.0000000000
111429  4.635  -49.133  22.693 0.0000000000
111430  5.007  -49.664  22.664 0.0000000000
111431  4.898  -49.538  22.095 0.0000000000
111432  5.375  -49.834  21.494 0.0000000000
111433  5.969  -50.108  20.860 0.0000000000
111434  6.667  -50.467  20.269 0.0000000000
111435  5.912  -50.021  20.414 0.0000000000
111436  5.827  -49.904  19.974 0.0000000000
111437  5.803  -49.830  19.556 0.0000000000
111438  5.666  -47.930  19.279 0.0000000000
111439  5.262  -48.418  18.949 0.0000000000
111440  5.506  -48.368  18.635 0.0000000000
111441  5.528  -48.852  18.046 0.0000000000
111443  6.340  -50.132  16.944 0.0000000000
111457  7.696  -48.294  16.757 0.0000000000
115735  5.633  -57.020  21.869 0.0000000000
115736  4.948  -57.771  21.482 0.0000000000
115737  5.332  -57.229  21.291 0.0000000000
115738  5.070  -57.475  20.680 0.0000000000
115739  4.824  -57.765  20.048 0.0000000000
115740  5.893  -56.508  20.236 0.0000000000
115741  5.113  -57.197  19.865 0.0000000000
115742  4.676  -58.077  19.405 0.0000000000
115743  4.566  -58.435  18.764 0.0000000000
115744  4.588  -58.741  18.097 0.0000000000
115749  4.980  -56.928  17.118 0.0000000000
115750  5.897  -55.982  18.142 0.0000000000
115751  5.604  -56.106  17.652 0.0000000000
115752  5.419  -56.208  17.123 0.0000000000
115753  5.953  -55.500  17.109 0.0000000000
115754  6.485  -54.779  17.084 0.0000000000
115755  6.940  -54.037  17.044 0.0000000000
116383  12.867  -52.796  31.648 0.0000000000
116384  13.103  -52.299  31.417 0.0000000000
116385  13.250  -51.798  31.168 0.0000000000
117531  6.687  -35.393  37.984 0.0000000000
117532  6.976  -35.811  37.829 0.0000000000
117533  7.090  -35.626  37.319 0.0000000000
117534  7.484  -35.873  36.681 0.0000000000
117535  7.918  -36.175  36.025 0.0000000000
117536  7.484  -35.690  35.678 0.0000000000
117537  7.854  -36.113  35.524 0.0000000000
117538  8.271  -36.591  35.376 0.0000000000
117539  8.523  -37.057  34.839 0.0000000000
117540  8.726  -37.544  34.324 0.0000000000
117541  8.866  -38.165  33.871 0.0000000000
117542  8.996  -38.789  33.480 0.0000000000
117543  8.590  -38.282  33.525 0.0000000000
117544  8.291  -38.383  33.217 0.0000000000
117545  7.893  -38.539  32.995 0.0000000000
117546  7.479  -37.453  33.312 0.0000000000
117547  7.508  -38.052  33.017 0.0000000000
117548  7.504  -38.714  32.752 0.0000000000
117549  7.076  -38.909  32.508 0.0000000000
117550  6.631  -39.029  32.306 0.0000000000
117551  6.176  -39.099  32.109 0.0000000000
120166  9.547  -64.158  26.379 0.0000000000
120167  10.696  -63.777  26.400 0.0000000000
120168  10.143  -63.658  26.172 0.0000000000
120169  10.665  -63.216  25.985 0.0000000000
120170  11.104  -62.780  25.785 0.0000000000
120171  9.324  -62.925  25.541 0.0000000000
120172  10.421  -62.658  25.688 0.0000000000
120173  11.652  -62.334  25.600 0.0000000000
120174  12.229  -61.910  25.365 0.0000000000
120175  12.780  -61.454  25.159 0.0000000000
120176  13.385  -60.977  24.896 0.0000000000
120177  9.473  -59.042  22.342 0.0000000000
120178  10.019  -59.069  22.919 0.0000000000
122097  5.118  -60.987  27.670 0.0000000000
122098  9.294  -55.846  29.220 0.0000000000
122099  8.582  -56.322  29.097 0.0000000000
122100  9.152  -55.983  28.803 0.0000000000
122101  9.003  -56.064  28.293 0.0000000000
122102  8.835  -56.141  27.811 0.0000000000
122103  9.891  -55.232  27.713 0.0000000000
122104  9.305  -55.746  27.527 0.0000000000
122105  8.613  -56.214  27.381 0.0000000000
122106  8.405  -56.294  26.890 0.0000000000
122107  8.258  -56.374  26.366 0.0000000000
122108  8.007  -56.461  25.914 0.0000000000
122109  7.820  -56.533  25.455 0.0000000000
122110  8.530  -56.044  25.618 0.0000000000
122111  8.981  -55.564  25.323 0.0000000000
122112  9.340  -55.072  25.112 0.0000000000
122113  9.942  -54.401  25.786 0.0000000000
122114  9.768  -54.474  25.332 0.0000000000
122115  9.616  -54.540  24.895 0.0000000000
122116  9.777  -53.936  24.695 0.0000000000
122117  9.820  -53.298  24.548 0.0000000000
122118  9.751  -52.675  24.492 0.0000000000
125585  15.119  -47.169  32.821 0.0000000000
125586  14.952  -46.575  32.792 0.0000000000
125587  14.623  -46.610  32.382 0.0000000000
125588  14.278  -46.674  31.997 0.0000000000
125589  14.121  -45.476  32.361 0.0000000000
125590  14.024  -46.132  31.990 0.0000000000
125591  13.880  -46.757  31.631 0.0000000000
125592  13.385  -46.878  31.346 0.0000000000
125593  12.888  -47.021  31.095 0.0000000000
125594  12.352  -47.206  30.891 0.0000000000
125595  8.721  -43.928  31.050 0.0000000000
125596  9.133  -44.423  30.954 0.0000000000
125597  8.467  -44.657  30.896 0.0000000000
125598  8.274  -45.446  30.814 0.0000000000
125599  8.039  -46.259  30.728 0.0000000000
125600  7.018  -45.881  30.782 0.0000000000
125601  7.408  -46.504  30.724 0.0000000000
125602  7.809  -47.076  30.641 0.0000000000
125603  7.627  -47.753  30.511 0.0000000000
125604  7.503  -48.372  30.129 0.0000000000
125605  7.523  -48.872  29.514 0.0000000000
125606  7.647  -49.225  28.794 0.0000000000
125607  7.074  -48.965  29.152 0.0000000000
125608  6.722  -49.011  28.764 0.0000000000
125609  6.421  -49.038  28.383 0.0000000000
125610  5.755  -48.307  29.390 0.0000000000
125611  5.895  -48.726  28.700 0.0000000000
125612  6.148  -49.059  27.979 0.0000000000
125613  5.846  -49.142  27.524 0.0000000000
125614  5.588  -49.223  27.015 0.0000000000
125615  5.303  -49.266  26.460 0.0000000000
125664  8.762  -30.990  30.171 0.0000000000
125671  5.886  -29.998  30.295 0.0000000000
125672  5.570  -30.703  30.156 0.0000000000
125673  5.265  -31.393  30.037 0.0000000000
125674  6.250  -32.176  29.876 0.0000000000
125675  5.565  -32.097  29.821 0.0000000000
125676  4.985  -32.066  29.958 0.0000000000
125677  4.753  -32.772  29.933 0.0000000000
125678  4.523  -33.451  29.932 0.0000000000
125679  4.403  -34.185  30.021 0.0000000000
125680  4.335  -34.897  30.158 0.0000000000
125681  4.501  -34.832  29.686 0.0000000000
125682  4.614  -35.454  29.381 0.0000000000
125683  4.724  -36.171  29.116 0.0000000000
125684  5.602  -35.542  28.990 0.0000000000
125685  5.220  -36.201  28.891 0.0000000000
125686  4.885  -36.856  28.898 0.0000000000
125687  5.036  -37.465  28.658 0.0000000000
125688  5.162  -38.098  28.418 0.0000000000
125689  5.302  -38.747  28.212 0.0000000000
125690  9.259  -40.532  26.745 0.0000000000
125691  9.055  -40.578  27.022 0.0000000000
125692  9.087  -41.244  26.644 0.0000000000
125693  8.821  -41.805  26.505 0.0000000000
125694  8.412  -42.378  26.327 0.0000000000
125695  8.761  -43.093  25.615 0.0000000000
125696  8.403  -43.019  25.911 0.0000000000
125697  7.853  -42.936  26.093 0.0000000000
125698  7.194  -43.443  25.838 0.0000000000
125699  6.526  -43.870  25.626 0.0000000000
125700  5.928  -44.364  25.383 0.0000000000
125701  5.379  -44.928  25.264 0.0000000000
125702  5.859  -44.924  24.916 0.0000000000
125703  5.717  -45.474  24.371 0.0000000000
125704  5.519  -45.949  23.768 0.0000000000
125705  6.767  -45.585  23.778 0.0000000000
125706  6.013  -45.986  23.440 0.0000000000
125707  5.307  -46.460  23.117 0.0000000000
125708  5.067  -46.947  22.457 0.0000000000
125709  4.843  -47.416  21.782 0.0000000000
125710  4.790  -47.873  21.161 0.0000000000
125711  4.695  -48.367  20.588 0.0000000000
125712  4.953  -47.673  20.816 0.0000000000
125713  5.279  -47.609  20.504 0.0000000000
125714  5.627  -47.591  20.202 0.0000000000
125715  6.818  -46.910  21.373 0.0000000000
125716  6.414  -47.252  20.662 0.0000000000
125717  5.966  -47.561  19.943 0.0000000000
125718  6.404  -47.605  19.709 0.0000000000
125719  6.792  -47.653  19.436 0.0000000000
125720  7.166  -47.685  19.165 0.0000000000
130093  4.937  -62.049  23.293 0.0000000000
130094  5.707  -62.411  23.369 0.0000000000
130095  5.307  -62.032  22.955 0.0000000000
130096  5.733  -61.902  22.714 0.0000000000
130097  6.103  -61.761  22.473 0.0000000000
130098  4.917  -61.080  21.935 0.0000000000
130099  5.614  -61.506  21.981 0.0000000000
130100  6.640  -61.395  22.378 0.0000000000
130101  7.109  -61.001  22.253 0.0000000000
130102  7.565  -60.563  22.110 0.0000000000
130103  7.992  -60.096  21.969 0.0000000000
130104  4.560  -58.690  21.023 0.0000000000
130105  4.528  -59.676  20.558 0.0000000000
130106  4.887  -60.473  20.295 0.0000000000
130107  4.962  -60.124  19.492 0.0000000000
130108  5.306  -60.480  19.937 0.0000000000
130109  5.686  -60.702  20.402 0.0000000000
130110  6.647  -60.511  20.813 0.0000000000
130111  7.560  -60.090  21.371 0.0000000000
130112  8.455  -59.550  21.869 0.0000000000
130113  9.025  -59.014  21.733 0.0000000000
131839  7.876  -56.700  30.458 0.0000000000
131840  8.429  -56.353  30.216 0.0000000000
131841  8.963  -56.045  29.960 0.0000000000
131843  10.448  -55.060  31.751 0.0000000000
131844  10.246  -55.187  31.341 0.0000000000
131845  11.372  -54.279  31.239 0.0000000000
131846  10.729  -54.797  31.075 0.0000000000
131847  10.023  -55.324  30.927 0.0000000000
131848  9.875  -55.427  30.502 0.0000000000
131849  9.693  -55.579  30.080 0.0000000000
131850  9.483  -55.712  29.666 0.0000000000
131851  9.975  -55.332  29.356 0.0000000000
131852  10.422  -54.944  29.093 0.0000000000
131853  10.741  -54.448  28.778 0.0000000000
131854  11.420  -53.737  29.394 0.0000000000
131855  11.215  -53.861  28.959 0.0000000000
131856  11.013  -53.934  28.517 0.0000000000
131857  11.188  -53.404  28.286 0.0000000000
131858  11.261  -52.864  28.100 0.0000000000
131859  11.245  -52.311  27.969 0.0000000000
134978  7.280  -36.218  37.692 0.0000000000
134979  7.627  -36.629  37.532 0.0000000000
134980  7.942  -37.039  37.409 0.0000000000
134981  8.571  -37.211  36.303 0.0000000000
134982  8.472  -37.316  36.776 0.0000000000
134983  8.248  -37.467  37.306 0.0000000000
134984  8.580  -37.927  37.197 0.0000000000
134985  8.974  -38.405  37.121 0.0000000000
134989  11.066  -40.028  35.503 0.0000000000
134990  10.675  -39.490  35.049 0.0000000000
134991  11.094  -39.962  34.979 0.0000000000
134992  11.522  -40.420  34.932 0.0000000000
134993  11.974  -40.880  34.394 0.0000000000
134995  12.534  -41.951  33.326 0.0000000000
134996  12.667  -42.491  32.885 0.0000000000
134997  12.248  -42.008  32.923 0.0000000000
134998  11.933  -42.096  32.558 0.0000000000
134999  11.569  -42.236  32.230 0.0000000000
135000  10.984  -41.167  32.753 0.0000000000
135001  11.081  -41.766  32.350 0.0000000000
135002  11.125  -42.395  31.961 0.0000000000
135003  10.622  -42.573  31.727 0.0000000000
135004  10.090  -42.771  31.540 0.0000000000
135005  9.513  -42.973  31.398 0.0000000000
135006  9.105  -39.397  33.138 0.0000000000
135007  9.218  -39.978  32.798 0.0000000000
135008  9.304  -40.598  32.456 0.0000000000
135009  8.400  -40.295  32.322 0.0000000000
135010  8.857  -40.764  32.242 0.0000000000
135011  9.290  -41.210  32.146 0.0000000000
135012  9.231  -41.829  31.834 0.0000000000
135013  9.102  -42.479  31.539 0.0000000000
135014  8.913  -43.214  31.271 0.0000000000
135015  8.309  -43.425  31.142 0.0000000000
135016  7.725  -43.582  31.066 0.0000000000
135017  7.169  -43.756  30.989 0.0000000000
135018  7.076  -42.470  31.184 0.0000000000
135019  6.865  -43.187  31.018 0.0000000000
135020  6.645  -43.910  30.912 0.0000000000
135021  6.133  -44.078  30.842 0.0000000000
135022  5.651  -44.204  30.697 0.0000000000
135023  5.190  -44.310  30.445 0.0000000000
135078  9.224  -32.405  29.395 0.0000000000
135079  9.164  -33.113  29.400 0.0000000000
135080  9.057  -33.833  29.390 0.0000000000
135081  8.889  -34.569  29.361 0.0000000000
135082  8.656  -35.246  29.309 0.0000000000
135083  9.031  -35.266  29.119 0.0000000000
135084  9.118  -35.937  28.850 0.0000000000
135085  9.213  -36.631  28.543 0.0000000000
135086  9.364  -35.976  28.224 0.0000000000
135087  9.379  -36.710  28.208 0.0000000000
135088  9.305  -37.342  28.225 0.0000000000
135089  9.325  -38.023  27.907 0.0000000000
135090  9.338  -38.669  27.540 0.0000000000
135091  9.360  -39.303  27.165 0.0000000000
135099  9.355  -39.285  26.774 0.0000000000
135100  9.343  -39.912  26.756 0.0000000000
135101  9.308  -40.533  26.376 0.0000000000
135102  9.279  -41.186  25.926 0.0000000000
135103  9.248  -41.848  25.452 0.0000000000
135109  9.140  -44.049  23.487 0.0000000000
135110  9.082  -44.644  22.950 0.0000000000
141706  5.204  -33.713  40.852 0.0000000000
141709  5.854  -34.935  39.375 0.0000000000
141710  6.229  -35.163  38.640 0.0000000000
141711  6.398  -34.964  38.125 0.0000000000
141712  6.501  -34.792  37.610 0.0000000000
141713  6.599  -34.633  37.062 0.0000000000
141714  5.955  -33.889  37.816 0.0000000000
141715  6.333  -34.181  37.146 0.0000000000
141716  6.617  -34.477  36.562 0.0000000000
141717  6.593  -34.359  36.076 0.0000000000
141718  6.528  -34.262  35.541 0.0000000000
141719  6.358  -34.235  35.033 0.0000000000
141981  13.751  -61.855  26.060 0.0000000000
141996  6.767  -62.338  23.745 0.0000000000
141997  7.887  -62.080  24.184 0.0000000000
141998  9.005  -61.774  24.507 0.0000000000
141999  8.812  -61.171  23.916 0.0000000000
142000  9.443  -61.314  24.387 0.0000000000
142001  10.145  -61.444  24.801 0.0000000000
142002  11.355  -61.101  24.968 0.0000000000
142003  12.584  -60.809  24.890 0.0000000000
142004  13.814  -60.520  24.702 0.0000000000
142005  10.620  -59.123  23.448 0.0000000000
142006  11.360  -59.238  23.913 0.0000000000
142007  12.079  -59.457  24.162 0.0000000000
142009  13.345  -59.205  24.079 0.0000000000
142010  12.844  -59.669  24.305 0.0000000000
142012  14.252  -60.038  24.461 0.0000000000
146985  9.085  -64.402  26.641 0.0000000000
146986  8.478  -64.153  26.365 0.0000000000
146987  7.864  -63.891  26.062 0.0000000000
146988  7.300  -63.657  25.724 0.0000000000
146989  6.113  -63.545  25.853 0.0000000000
146990  6.408  -63.474  25.588 0.0000000000
146991  6.741  -63.359  25.361 0.0000000000
146992  6.126  -63.082  24.909 0.0000000000
146993  5.589  -62.746  24.446 0.0000000000
146994  5.161  -62.327  24.035 0.0000000000
146998  5.856  -58.335  29.764 0.0000000000
146999  5.556  -59.041  29.383 0.0000000000
147001  5.367  -59.968  28.560 0.0000000000
147002  5.306  -60.125  28.053 0.0000000000
147003  5.202  -60.302  27.528 0.0000000000
147004  7.788  -56.724  28.913 0.0000000000
147005  6.964  -57.145  28.722 0.0000000000
147006  6.152  -57.544  28.541 0.0000000000
147007  6.501  -57.311  27.753 0.0000000000
147008  5.959  -57.677  28.020 0.0000000000
147009  5.598  -58.146  28.219 0.0000000000
147010  5.318  -58.821  27.818 0.0000000000
147011  5.224  -59.602  27.425 0.0000000000
147012  5.095  -60.465  27.035 0.0000000000
147013  4.993  -60.669  26.581 0.0000000000
147014  4.906  -60.886  26.109 0.0000000000
147015  4.827  -61.089  25.626 0.0000000000
147016  4.850  -59.434  25.884 0.0000000000
147017  4.794  -60.339  25.548 0.0000000000
147018  4.790  -61.279  25.171 0.0000000000
147019  4.766  -61.467  24.689 0.0000000000
147020  4.757  -61.657  24.185 0.0000000000
147021  4.822  -61.857  23.745 0.0000000000
147022  4.649  -61.251  23.493 0.0000000000
147023  4.573  -60.530  23.345 0.0000000000
147024  4.558  -59.833  23.201 0.0000000000
147025  4.754  -58.751  24.065 0.0000000000
147026  4.657  -58.964  23.536 0.0000000000
147027  4.604  -59.183  23.041 0.0000000000
147028  4.732  -58.511  22.890 0.0000000000
147029  5.028  -57.925  22.675 0.0000000000
147030  5.458  -57.388  22.517 0.0000000000
147031  7.600  -56.582  25.023 0.0000000000
147032  7.352  -56.634  24.574 0.0000000000
147033  7.137  -56.690  24.134 0.0000000000
147034  8.393  -55.694  24.022 0.0000000000
147035  7.716  -56.191  23.868 0.0000000000
147036  6.867  -56.718  23.687 0.0000000000
147037  6.600  -56.789  23.260 0.0000000000
147038  6.276  -56.830  22.804 0.0000000000
147039  5.983  -56.928  22.339 0.0000000000
147040  6.531  -56.514  22.107 0.0000000000
147041  7.030  -56.067  21.817 0.0000000000
147042  7.564  -55.581  21.581 0.0000000000
147043  8.491  -54.839  22.232 0.0000000000
147044  8.257  -54.944  21.783 0.0000000000
147045  8.003  -55.049  21.320 0.0000000000
147046  8.356  -54.455  21.090 0.0000000000
147047  8.581  -53.792  20.924 0.0000000000
147048  8.624  -53.053  20.839 0.0000000000
155988  14.046  -51.179  32.238 0.0000000000
155989  13.850  -51.213  31.813 0.0000000000
155990  13.598  -51.264  31.400 0.0000000000
155991  13.315  -51.340  31.000 0.0000000000
155992  14.946  -47.773  32.402 0.0000000000
155993  14.699  -48.389  32.028 0.0000000000
155994  14.391  -48.997  31.708 0.0000000000
155995  13.985  -48.463  31.275 0.0000000000
155996  14.074  -49.044  31.334 0.0000000000
155997  14.055  -49.603  31.389 0.0000000000
155998  13.756  -50.220  31.138 0.0000000000
155999  13.375  -50.814  30.847 0.0000000000
156000  13.028  -51.382  30.602 0.0000000000
156001  12.755  -51.410  30.235 0.0000000000
156002  12.493  -51.489  29.850 0.0000000000
156003  12.193  -51.544  29.472 0.0000000000
156004  12.334  -50.425  29.768 0.0000000000
156005  12.122  -50.995  29.402 0.0000000000
156006  11.916  -51.584  29.064 0.0000000000
156007  11.678  -51.676  28.666 0.0000000000
156008  11.410  -51.742  28.317 0.0000000000
156009  11.138  -51.782  27.900 0.0000000000
156010  12.759  -43.123  32.461 0.0000000000
156011  12.747  -43.836  32.045 0.0000000000
156012  12.673  -44.511  31.695 0.0000000000
156013  11.859  -44.105  31.475 0.0000000000
156014  12.215  -44.638  31.416 0.0000000000
156015  12.508  -45.232  31.385 0.0000000000
156016  12.292  -45.964  31.114 0.0000000000
156017  12.037  -46.680  30.919 0.0000000000
156018  11.778  -47.374  30.719 0.0000000000
156019  9.495  -44.973  30.866 0.0000000000
156020  9.862  -45.508  30.799 0.0000000000
156021  10.233  -46.031  30.745 0.0000000000
156022  9.452  -47.049  30.596 0.0000000000
156023  10.039  -46.795  30.646 0.0000000000
156024  10.616  -46.534  30.704 0.0000000000
156025  10.955  -47.052  30.655 0.0000000000
156026  11.246  -47.536  30.576 0.0000000000
156027  11.568  -47.983  30.482 0.0000000000
156028  11.344  -48.526  30.189 0.0000000000
156029  11.178  -49.111  29.775 0.0000000000
156030  11.081  -49.640  29.343 0.0000000000
156031  10.266  -49.336  29.313 0.0000000000
156032  10.727  -49.710  29.030 0.0000000000
156033  11.042  -50.127  28.839 0.0000000000
156034  11.046  -50.643  28.357 0.0000000000
156035  10.975  -51.241  27.946 0.0000000000
156036  10.882  -51.858  27.503 0.0000000000
156037  10.641  -51.934  27.138 0.0000000000
156038  10.398  -51.976  26.697 0.0000000000
156039  10.184  -52.003  26.306 0.0000000000
156040  9.841  -50.959  26.970 0.0000000000
156041  10.010  -51.445  26.447 0.0000000000
156042  10.009  -52.020  25.922 0.0000000000
156043  9.821  -52.033  25.478 0.0000000000
156044  9.628  -52.020  25.054 0.0000000000
156045  9.483  -52.027  24.644 0.0000000000
156046  7.905  -49.537  28.089 0.0000000000
156047  8.174  -49.871  27.376 0.0000000000
156048  8.421  -50.249  26.657 0.0000000000
156049  7.522  -49.958  26.551 0.0000000000
156050  8.101  -50.246  26.244 0.0000000000
156051  8.663  -50.621  26.023 0.0000000000
156052  8.902  -51.005  25.388 0.0000000000
156053  9.126  -51.476  24.800 0.0000000000
156054  9.353  -52.037  24.226 0.0000000000
156055  9.206  -52.044  23.777 0.0000000000
156056  9.056  -52.041  23.315 0.0000000000
156057  8.887  -52.054  22.871 0.0000000000
156058  8.107  -51.058  23.649 0.0000000000
156059  8.462  -51.472  23.024 0.0000000000
156060  8.732  -52.085  22.427 0.0000000000
156061  8.670  -52.079  21.952 0.0000000000
156062  8.531  -52.188  21.485 0.0000000000
156063  8.435  -52.234  21.017 0.0000000000
156137  5.425  -31.971  37.502 0.0000000000
156138  5.667  -32.353  36.895 0.0000000000
156140  5.729  -32.111  36.285 0.0000000000
156141  5.902  -32.817  36.271 0.0000000000
156142  6.055  -33.181  35.679 0.0000000000
156143  6.132  -33.639  35.087 0.0000000000
156144  6.139  -34.183  34.530 0.0000000000
156211  4.433  -30.771  31.071 0.0000000000
156212  4.426  -30.170  31.534 0.0000000000
156219  5.418  -32.127  33.978 0.0000000000
156220  5.046  -32.659  32.853 0.0000000000
156221  5.302  -32.739  33.412 0.0000000000
156222  5.537  -32.788  33.973 0.0000000000
156223  5.684  -33.455  33.965 0.0000000000
156224  5.855  -34.136  33.974 0.0000000000
156225  6.050  -34.778  33.975 0.0000000000
156226  5.970  -35.364  33.528 0.0000000000
156227  5.912  -35.982  33.126 0.0000000000
156228  5.871  -36.628  32.766 0.0000000000
156229  5.156  -36.034  32.381 0.0000000000
156230  5.410  -36.710  32.455 0.0000000000
156231  5.836  -37.230  32.495 0.0000000000
156232  5.796  -37.886  32.281 0.0000000000
156233  5.720  -38.536  32.089 0.0000000000
156234  5.617  -39.130  31.931 0.0000000000
156235  4.299  -35.640  30.356 0.0000000000
156236  4.312  -36.402  30.609 0.0000000000
156237  4.401  -37.164  30.915 0.0000000000
156238  4.295  -37.577  29.999 0.0000000000
156239  4.383  -37.727  30.625 0.0000000000
156240  4.564  -37.869  31.215 0.0000000000
156241  4.777  -38.506  31.444 0.0000000000
156242  5.098  -39.117  31.600 0.0000000000
156243  5.507  -39.700  31.655 0.0000000000
156244  5.439  -40.322  31.408 0.0000000000
156245  5.378  -40.951  31.167 0.0000000000
156246  5.269  -41.573  30.926 0.0000000000
156247  4.510  -40.904  30.353 0.0000000000
156248  4.776  -41.577  30.591 0.0000000000
156249  5.145  -42.230  30.709 0.0000000000
156250  4.993  -42.930  30.506 0.0000000000
156251  4.876  -43.647  30.299 0.0000000000
156252  4.785  -44.360  30.048 0.0000000000
156253  8.340  -35.877  29.203 0.0000000000
156254  7.974  -36.508  29.032 0.0000000000
156255  7.535  -37.123  28.799 0.0000000000
156256  8.338  -37.901  28.561 0.0000000000
156257  7.779  -37.801  28.603 0.0000000000
156258  7.040  -37.719  28.539 0.0000000000
156259  6.501  -38.279  28.291 0.0000000000
156260  5.935  -38.839  28.074 0.0000000000
156261  5.418  -39.391  27.971 0.0000000000
156262  8.722  -40.554  27.269 0.0000000000
156263  8.225  -40.479  27.434 0.0000000000
156264  7.670  -40.359  27.544 0.0000000000
156265  7.123  -41.531  27.029 0.0000000000
156266  7.061  -40.912  27.332 0.0000000000
156267  6.966  -40.249  27.587 0.0000000000
156268  6.229  -40.132  27.630 0.0000000000
156269  5.514  -40.046  27.744 0.0000000000
156270  4.947  -39.971  27.998 0.0000000000
156271  4.612  -40.611  28.128 0.0000000000
156272  4.425  -41.295  28.341 0.0000000000
156273  4.357  -42.008  28.637 0.0000000000
156274  4.576  -42.517  27.804 0.0000000000
156275  4.439  -42.587  28.325 0.0000000000
156276  4.379  -42.726  28.960 0.0000000000
156277  4.453  -43.499  29.264 0.0000000000
156278  4.557  -44.291  29.539 0.0000000000
156279  4.701  -45.090  29.789 0.0000000000
156280  4.604  -45.888  29.497 0.0000000000
156281  4.613  -46.562  29.058 0.0000000000
156282  4.683  -47.179  28.502 0.0000000000
156283  4.579  -46.324  27.730 0.0000000000
156284  4.596  -47.089  27.826 0.0000000000
156285  4.732  -47.751  27.909 0.0000000000
156286  4.771  -48.320  27.252 0.0000000000
156287  4.876  -48.831  26.549 0.0000000000
156288  5.001  -49.295  25.831 0.0000000000
156289  4.966  -45.568  25.212 0.0000000000
156290  4.683  -46.308  25.196 0.0000000000
156291  4.489  -47.141  25.217 0.0000000000
156292  4.434  -47.443  23.968 0.0000000000
156293  4.425  -47.672  24.612 0.0000000000
156294  4.409  -47.905  25.303 0.0000000000
156295  4.497  -48.627  25.297 0.0000000000
156296  4.771  -49.205  25.213 0.0000000000
156297  5.199  -49.637  25.112 0.0000000000
156298  5.485  -49.938  24.435 0.0000000000
156299  5.901  -50.229  23.720 0.0000000000
156300  6.425  -50.476  23.087 0.0000000000
156301  5.580  -50.051  22.638 0.0000000000
156302  6.266  -50.382  22.536 0.0000000000
156303  6.954  -50.705  22.450 0.0000000000
156304  7.493  -51.015  21.829 0.0000000000
156305  7.994  -51.558  21.141 0.0000000000
156306  8.338  -52.318  20.437 0.0000000000
156307  8.218  -52.512  19.876 0.0000000000
156308  8.196  -52.659  19.306 0.0000000000
156309  8.003  -52.806  18.851 0.0000000000
156310  7.309  -51.034  19.660 0.0000000000
156311  7.799  -51.879  18.989 0.0000000000
156312  7.799  -52.913  18.396 0.0000000000
156313  7.663  -53.075  17.888 0.0000000000
156314  7.395  -53.068  17.529 0.0000000000
156315  7.256  -53.098  17.108 0.0000000000
156316  4.835  -48.858  20.081 0.0000000000
156317  5.239  -49.318  19.623 0.0000000000
156318  5.742  -49.756  19.146 0.0000000000
156319  5.275  -49.096  18.786 0.0000000000
156320  5.731  -49.647  18.722 0.0000000000
156321  6.414  -50.295  18.571 0.0000000000
156322  7.044  -51.122  17.910 0.0000000000
156323  7.257  -52.122  17.255 0.0000000000
156324  7.060  -53.088  16.678 0.0000000000
156334  9.057  -45.203  22.457 0.0000000000
156335  8.953  -45.693  21.946 0.0000000000
156336  8.813  -46.165  21.410 0.0000000000
156338  8.900  -46.080  21.038 0.0000000000
156340  8.357  -47.006  20.255 0.0000000000
156341  8.052  -47.430  19.628 0.0000000000
156342  7.567  -47.733  18.889 0.0000000000
156350  7.932  -47.768  18.623 0.0000000000
156351  7.115  -47.995  18.217 0.0000000000
156352  6.698  -48.287  17.564 0.0000000000
156353  6.413  -48.686  16.891 0.0000000000
