#!ascii label  , from subject fsaverage vox2ras=TkReg
657
200  10.840  13.996  -15.203 0.0000000000
540  6.300  18.333  -18.740 0.0000000000
680  12.205  19.295  -14.003 0.0000000000
681  14.196  12.225  -14.346 0.0000000000
1188  7.055  20.883  -15.441 0.0000000000
1514  13.340  4.433  -14.391 0.0000000000
2258  6.470  13.985  -9.991 0.0000000000
2259  7.074  11.988  -12.755 0.0000000000
2261  8.430  15.964  -18.864 0.0000000000
3480  10.508  10.281  -15.463 0.0000000000
3482  11.975  9.550  -15.214 0.0000000000
3483  15.784  11.401  -14.598 0.0000000000
3484  15.279  7.917  -15.833 0.0000000000
3485  16.832  7.135  -15.763 0.0000000000
5002  6.277  19.470  -9.376 0.0000000000
5003  6.078  15.395  -8.720 0.0000000000
5004  6.798  18.771  -10.831 0.0000000000
5005  6.483  19.697  -17.012 0.0000000000
5006  7.064  17.045  -13.909 0.0000000000
5007  7.020  15.941  -15.421 0.0000000000
5008  7.444  10.930  -13.972 0.0000000000
5009  7.397  14.702  -16.677 0.0000000000
5010  8.175  13.256  -17.116 0.0000000000
5011  7.241  16.996  -19.486 0.0000000000
5832  11.358  16.909  -14.589 0.0000000000
5833  12.396  13.018  -14.358 0.0000000000
5834  13.021  16.085  -13.345 0.0000000000
5835  14.952  15.325  -13.448 0.0000000000
5836  16.659  14.242  -14.274 0.0000000000
6749  5.550  21.892  -20.131 0.0000000000
6750  6.367  20.400  -21.458 0.0000000000
7373  13.647  8.683  -15.409 0.0000000000
9335  7.078  17.950  -12.326 0.0000000000
9336  6.834  12.979  -11.327 0.0000000000
9341  9.178  7.523  -14.612 0.0000000000
9342  9.335  11.807  -16.349 0.0000000000
9343  9.690  15.361  -17.121 0.0000000000
9344  7.505  19.297  -21.071 0.0000000000
9345  8.704  18.657  -19.560 0.0000000000
9346  10.159  18.266  -16.808 0.0000000000
9347  10.865  20.810  -15.876 0.0000000000
11160  10.657  12.191  -15.410 0.0000000000
11161  11.243  9.923  -15.207 0.0000000000
11162  11.385  11.863  -15.049 0.0000000000
11163  16.579  10.847  -14.904 0.0000000000
11164  16.258  9.429  -15.423 0.0000000000
12682  6.589  20.937  -10.736 0.0000000000
12683  6.563  19.141  -10.074 0.0000000000
12684  6.806  20.681  -11.538 0.0000000000
12685  6.209  19.105  -17.978 0.0000000000
12686  6.744  17.976  -16.232 0.0000000000
12687  6.639  17.300  -16.942 0.0000000000
12688  7.117  15.323  -16.126 0.0000000000
12689  6.775  16.521  -17.828 0.0000000000
12690  7.215  15.747  -18.262 0.0000000000
12691  6.726  17.658  -19.329 0.0000000000
13560  11.746  18.192  -14.215 0.0000000000
13561  12.129  16.452  -13.838 0.0000000000
13562  12.587  17.728  -13.525 0.0000000000
13564  14.582  17.041  -13.250 0.0000000000
13566  15.878  14.773  -13.834 0.0000000000
13567  16.293  16.081  -14.057 0.0000000000
15088  5.679  22.640  -19.179 0.0000000000
16208  13.225  12.626  -14.280 0.0000000000
16209  13.017  10.879  -14.915 0.0000000000
16210  13.917  10.486  -15.021 0.0000000000
20770  6.322  14.723  -9.356 0.0000000000
20772  5.961  12.078  -9.353 0.0000000000
20775  7.338  21.295  -14.529 0.0000000000
20776  7.185  19.890  -13.066 0.0000000000
20777  7.221  19.484  -13.810 0.0000000000
20778  7.117  14.895  -13.319 0.0000000000
20779  7.018  15.262  -12.563 0.0000000000
20780  6.931  12.528  -12.020 0.0000000000
20782  6.726  9.457  -11.926 0.0000000000
20785  7.567  9.861  -14.413 0.0000000000
20786  7.564  7.573  -13.609 0.0000000000
20791  8.526  8.430  -14.783 0.0000000000
20792  8.249  14.626  -18.158 0.0000000000
20793  8.705  12.437  -16.843 0.0000000000
20794  8.910  14.128  -17.550 0.0000000000
20795  9.525  13.731  -16.755 0.0000000000
20796  9.066  15.626  -18.147 0.0000000000
20798  6.944  19.733  -21.373 0.0000000000
20799  7.192  21.086  -22.047 0.0000000000
20800  8.677  21.714  -20.466 0.0000000000
20801  8.327  20.222  -20.712 0.0000000000
20802  8.980  20.088  -19.424 0.0000000000
20803  9.401  18.583  -18.246 0.0000000000
20804  9.731  20.006  -17.778 0.0000000000
20805  10.515  19.520  -16.297 0.0000000000
23113  13.158  19.078  -13.480 0.0000000000
24696  10.425  7.954  -14.914 0.0000000000
24699  11.946  7.178  -14.974 0.0000000000
24700  12.708  6.898  -15.111 0.0000000000
24701  15.012  11.796  -14.453 0.0000000000
24702  14.694  10.148  -15.087 0.0000000000
24703  15.457  9.651  -15.280 0.0000000000
24704  16.022  7.513  -15.814 0.0000000000
27436  5.911  17.982  -8.283 0.0000000000
27437  5.797  16.005  -8.094 0.0000000000
27438  6.179  17.570  -8.923 0.0000000000
27439  6.526  17.180  -9.532 0.0000000000
27440  6.770  16.622  -10.251 0.0000000000
27441  6.759  20.312  -16.213 0.0000000000
27442  7.113  19.053  -14.628 0.0000000000
27443  6.924  18.503  -15.394 0.0000000000
27444  7.010  16.518  -14.682 0.0000000000
27445  7.246  14.294  -13.985 0.0000000000
27446  7.276  11.443  -13.418 0.0000000000
27447  7.430  13.728  -14.593 0.0000000000
27448  7.589  13.069  -15.236 0.0000000000
27449  7.838  12.271  -15.775 0.0000000000
27450  8.070  11.363  -15.975 0.0000000000
27451  7.816  14.007  -17.040 0.0000000000
27452  7.735  15.154  -18.337 0.0000000000
27453  7.796  16.464  -19.324 0.0000000000
28968  11.072  15.547  -14.966 0.0000000000
28969  11.567  13.656  -14.610 0.0000000000
28970  11.804  15.153  -14.222 0.0000000000
28971  12.677  14.625  -13.842 0.0000000000
28972  13.591  14.272  -13.595 0.0000000000
28973  13.547  17.359  -13.196 0.0000000000
28974  14.012  15.697  -13.274 0.0000000000
28975  14.527  13.761  -13.766 0.0000000000
28976  15.395  13.324  -13.957 0.0000000000
28977  16.201  12.890  -14.222 0.0000000000
28978  17.025  12.337  -14.611 0.0000000000
31103  6.993  22.722  -16.050 0.0000000000
31106  6.595  22.204  -16.951 0.0000000000
31107  6.256  21.502  -17.761 0.0000000000
31108  5.939  20.770  -18.515 0.0000000000
31109  5.842  20.011  -19.506 0.0000000000
31110  6.157  19.259  -20.253 0.0000000000
31111  5.848  21.082  -21.041 0.0000000000
32627  12.163  11.402  -14.869 0.0000000000
32628  12.840  9.045  -15.308 0.0000000000
32629  13.461  6.482  -15.238 0.0000000000
32630  14.429  8.319  -15.532 0.0000000000
33474  5.222  16.936  -6.903 0.0000000000
33477  5.623  18.361  -7.706 0.0000000000
33478  5.973  19.771  -8.724 0.0000000000
38243  7.043  20.254  -12.262 0.0000000000
38244  6.985  18.372  -11.578 0.0000000000
38245  6.919  16.132  -10.918 0.0000000000
38246  7.115  17.544  -13.064 0.0000000000
38247  7.017  15.652  -11.704 0.0000000000
38248  6.674  13.548  -10.648 0.0000000000
38264  8.624  10.442  -15.879 0.0000000000
38265  9.187  9.729  -15.544 0.0000000000
38266  9.786  8.940  -15.241 0.0000000000
38267  9.915  11.100  -15.843 0.0000000000
38268  10.022  13.131  -16.009 0.0000000000
38269  10.257  14.878  -16.063 0.0000000000
38270  6.793  18.653  -20.510 0.0000000000
38271  7.342  18.195  -20.405 0.0000000000
38272  7.916  17.742  -20.054 0.0000000000
38273  7.709  20.640  -21.572 0.0000000000
38274  8.047  18.967  -20.525 0.0000000000
38275  8.527  17.319  -19.429 0.0000000000
38276  9.233  17.176  -18.350 0.0000000000
38277  9.899  16.862  -17.076 0.0000000000
38278  10.502  16.333  -15.867 0.0000000000
38279  10.800  17.651  -15.575 0.0000000000
38280  11.136  18.917  -15.134 0.0000000000
41880  10.761  13.100  -15.298 0.0000000000
41881  11.016  12.023  -15.213 0.0000000000
41882  11.108  12.966  -15.068 0.0000000000
41883  17.006  10.635  -15.053 0.0000000000
41884  16.817  9.839  -15.317 0.0000000000
43403  6.679  20.837  -11.155 0.0000000000
43404  6.920  21.530  -11.821 0.0000000000
43405  6.183  18.687  -18.331 0.0000000000
43406  6.465  18.247  -17.413 0.0000000000
43407  6.447  17.817  -17.811 0.0000000000
43408  6.650  16.897  -17.385 0.0000000000
43409  6.550  17.509  -18.258 0.0000000000
43410  6.738  17.108  -18.591 0.0000000000
43411  6.469  18.027  -19.108 0.0000000000
44280  11.967  18.727  -14.085 0.0000000000
44281  12.153  17.934  -13.837 0.0000000000
44282  12.412  18.511  -13.728 0.0000000000
44286  15.902  16.361  -13.800 0.0000000000
46923  12.948  4.568  -14.358 0.0000000000
46928  13.740  12.426  -14.291 0.0000000000
46929  13.612  11.555  -14.662 0.0000000000
46930  14.054  11.369  -14.684 0.0000000000
51490  6.398  14.355  -9.682 0.0000000000
51492  6.219  13.102  -9.661 0.0000000000
51494  6.331  12.722  -9.982 0.0000000000
51495  7.203  21.113  -14.993 0.0000000000
51496  7.325  20.415  -14.169 0.0000000000
51497  7.202  20.196  -14.608 0.0000000000
51498  7.121  13.506  -13.009 0.0000000000
51499  7.045  13.729  -12.626 0.0000000000
51500  6.993  12.250  -12.379 0.0000000000
51501  6.816  11.063  -11.888 0.0000000000
51502  6.893  10.764  -12.296 0.0000000000
51503  6.821  9.166  -12.306 0.0000000000
51504  6.965  10.492  -12.670 0.0000000000
51506  7.741  8.420  -14.161 0.0000000000
51511  8.219  8.789  -14.737 0.0000000000
51512  8.348  15.224  -18.545 0.0000000000
51513  8.558  14.423  -17.915 0.0000000000
51514  8.642  15.113  -18.280 0.0000000000
51515  8.966  14.891  -17.886 0.0000000000
51516  8.719  15.835  -18.595 0.0000000000
51521  8.833  20.881  -19.939 0.0000000000
51522  9.204  20.853  -19.111 0.0000000000
51523  9.352  20.093  -18.578 0.0000000000
51524  9.565  20.817  -18.290 0.0000000000
51525  9.936  20.688  -17.518 0.0000000000
51526  9.780  21.518  -17.992 0.0000000000
56520  10.480  9.157  -15.190 0.0000000000
56521  10.796  7.863  -14.901 0.0000000000
56522  10.824  9.051  -15.171 0.0000000000
56523  11.594  9.771  -15.189 0.0000000000
56524  11.584  8.594  -15.103 0.0000000000
56525  11.963  8.437  -15.192 0.0000000000
56526  12.291  7.130  -15.062 0.0000000000
56527  12.337  8.265  -15.217 0.0000000000
56528  15.390  11.564  -14.522 0.0000000000
56529  15.208  10.697  -14.864 0.0000000000
56530  15.604  10.562  -14.922 0.0000000000
56531  16.574  8.322  -15.717 0.0000000000
56532  16.163  8.504  -15.663 0.0000000000
56533  16.458  7.380  -15.737 0.0000000000
61087  6.096  18.673  -8.771 0.0000000000
61088  6.035  17.740  -8.587 0.0000000000
61089  6.249  18.510  -9.105 0.0000000000
61090  6.718  18.960  -10.438 0.0000000000
61091  6.570  18.186  -9.786 0.0000000000
61092  6.737  17.968  -10.129 0.0000000000
61093  6.657  16.901  -9.868 0.0000000000
61094  6.827  17.754  -10.492 0.0000000000
61095  6.586  20.025  -16.606 0.0000000000
61096  6.846  19.417  -15.803 0.0000000000
61097  6.780  19.139  -16.189 0.0000000000
61098  6.845  16.967  -15.819 0.0000000000
61099  6.897  17.281  -15.445 0.0000000000
61100  7.017  16.274  -15.115 0.0000000000
61101  7.143  15.421  -14.308 0.0000000000
61102  7.167  15.191  -14.671 0.0000000000
61103  7.335  14.021  -14.335 0.0000000000
61104  7.255  14.941  -14.924 0.0000000000
61105  7.220  15.045  -16.415 0.0000000000
61106  7.386  14.333  -15.571 0.0000000000
61107  7.510  14.005  -15.904 0.0000000000
61108  7.729  12.756  -15.574 0.0000000000
61109  7.700  13.666  -16.188 0.0000000000
61110  7.832  13.087  -16.299 0.0000000000
61111  7.601  14.360  -16.925 0.0000000000
61112  7.193  16.353  -18.905 0.0000000000
61113  7.462  15.422  -18.344 0.0000000000
61114  7.463  16.048  -18.903 0.0000000000
61115  7.726  15.754  -18.868 0.0000000000
61116  7.493  16.726  -19.413 0.0000000000
63720  11.217  16.249  -14.783 0.0000000000
63721  11.424  15.453  -14.526 0.0000000000
63722  11.562  16.103  -14.343 0.0000000000
63723  12.572  16.237  -13.556 0.0000000000
63724  12.400  15.565  -13.744 0.0000000000
63725  12.834  15.352  -13.578 0.0000000000
63726  13.109  14.443  -13.700 0.0000000000
63727  13.287  15.252  -13.373 0.0000000000
63729  13.367  18.228  -13.290 0.0000000000
63731  14.759  16.217  -13.305 0.0000000000
63732  14.290  16.394  -13.208 0.0000000000
63733  14.502  15.522  -13.336 0.0000000000
63734  14.277  14.777  -13.454 0.0000000000
63735  14.734  14.556  -13.570 0.0000000000
63736  14.970  13.551  -13.860 0.0000000000
63737  15.182  14.326  -13.703 0.0000000000
63738  16.264  14.510  -14.038 0.0000000000
63739  16.037  13.865  -14.003 0.0000000000
63740  16.426  13.545  -14.202 0.0000000000
63741  16.599  12.593  -14.402 0.0000000000
63742  16.815  13.298  -14.393 0.0000000000
68293  7.185  22.976  -15.597 0.0000000000
68301  6.564  23.097  -17.279 0.0000000000
68303  6.437  21.841  -17.352 0.0000000000
68304  6.207  22.451  -18.051 0.0000000000
68305  5.570  22.270  -19.619 0.0000000000
68306  5.796  21.727  -18.831 0.0000000000
68307  5.686  21.365  -19.285 0.0000000000
68308  5.834  20.414  -18.996 0.0000000000
68309  5.708  20.932  -19.787 0.0000000000
68310  5.758  20.523  -20.272 0.0000000000
68311  5.676  21.449  -20.599 0.0000000000
71663  11.973  13.367  -14.474 0.0000000000
71664  11.866  12.549  -14.701 0.0000000000
71665  12.274  12.271  -14.630 0.0000000000
71666  13.348  9.787  -15.224 0.0000000000
71667  12.891  10.063  -15.161 0.0000000000
71668  13.214  8.867  -15.346 0.0000000000
71669  13.167  7.747  -15.340 0.0000000000
71670  13.565  7.478  -15.407 0.0000000000
71671  14.984  9.086  -15.441 0.0000000000
71672  14.558  9.312  -15.339 0.0000000000
71673  14.825  8.173  -15.585 0.0000000000
73676  5.412  19.618  -7.204 0.0000000000
73677  5.556  19.404  -7.553 0.0000000000
73678  5.496  18.516  -7.421 0.0000000000
73679  5.687  19.222  -7.887 0.0000000000
73680  5.807  19.049  -8.178 0.0000000000
73681  5.850  19.961  -8.409 0.0000000000
85365  7.306  21.842  -13.334 0.0000000000
85366  7.121  21.159  -12.629 0.0000000000
85367  7.224  20.937  -12.996 0.0000000000
85368  7.104  18.967  -12.685 0.0000000000
85369  7.034  19.175  -12.325 0.0000000000
85370  7.030  18.164  -11.945 0.0000000000
85371  7.051  17.278  -11.192 0.0000000000
85372  7.042  17.070  -11.558 0.0000000000
85373  7.098  18.122  -14.284 0.0000000000
85374  7.142  18.355  -13.870 0.0000000000
85375  7.107  17.290  -13.505 0.0000000000
85376  6.973  14.149  -11.896 0.0000000000
85377  7.006  15.458  -12.151 0.0000000000
85378  6.986  14.257  -11.412 0.0000000000
85379  6.899  14.609  -11.121 0.0000000000
85380  6.753  13.252  -10.958 0.0000000000
85381  6.485  12.134  -10.599 0.0000000000
85382  6.582  11.795  -10.898 0.0000000000
85395  7.347  11.120  -13.720 0.0000000000
85397  7.262  9.598  -13.606 0.0000000000
85417  8.128  12.296  -16.576 0.0000000000
85418  8.336  10.923  -15.941 0.0000000000
85419  8.363  11.888  -16.537 0.0000000000
85420  9.038  12.110  -16.625 0.0000000000
85421  8.954  11.112  -16.188 0.0000000000
85422  9.259  10.780  -16.007 0.0000000000
85423  9.450  9.410  -15.440 0.0000000000
85424  9.550  10.415  -15.852 0.0000000000
85425  9.842  10.036  -15.597 0.0000000000
85426  9.624  11.441  -16.101 0.0000000000
85427  9.598  14.548  -16.994 0.0000000000
85428  9.788  13.448  -16.404 0.0000000000
85429  9.860  14.359  -16.548 0.0000000000
85430  10.137  14.044  -16.072 0.0000000000
85431  9.951  15.233  -16.598 0.0000000000
85432  6.239  19.831  -20.893 0.0000000000
85433  6.477  18.953  -20.425 0.0000000000
85434  6.549  19.504  -20.992 0.0000000000
85435  7.215  19.491  -21.245 0.0000000000
85436  7.128  18.958  -20.905 0.0000000000
85437  7.410  18.752  -20.765 0.0000000000
85438  7.637  18.035  -20.282 0.0000000000
85439  7.705  18.534  -20.582 0.0000000000
85443  8.496  19.434  -20.133 0.0000000000
85444  8.186  19.544  -20.638 0.0000000000
85445  8.368  18.782  -20.088 0.0000000000
85446  8.259  18.118  -19.990 0.0000000000
85447  8.596  17.972  -19.564 0.0000000000
85448  8.875  17.214  -18.942 0.0000000000
85449  8.949  17.876  -18.989 0.0000000000
85450  9.779  18.505  -17.518 0.0000000000
85451  9.657  17.720  -17.668 0.0000000000
85452  10.033  17.563  -16.993 0.0000000000
85453  10.207  16.608  -16.399 0.0000000000
85454  10.353  17.295  -16.325 0.0000000000
85455  10.658  16.989  -15.749 0.0000000000
85456  10.495  17.996  -16.163 0.0000000000
85457  10.691  20.162  -16.056 0.0000000000
85458  10.844  19.251  -15.669 0.0000000000
85459  11.010  19.864  -15.494 0.0000000000
85460  11.319  19.532  -14.974 0.0000000000
93816  10.561  11.292  -15.479 0.0000000000
93817  10.878  10.157  -15.296 0.0000000000
93818  10.931  11.129  -15.304 0.0000000000
93819  11.289  10.924  -15.191 0.0000000000
93820  11.675  10.654  -15.131 0.0000000000
93821  16.161  11.117  -14.766 0.0000000000
93822  15.959  10.466  -15.008 0.0000000000
93823  16.394  10.118  -15.171 0.0000000000
93824  16.635  9.111  -15.569 0.0000000000
93826  17.255  6.891  -15.621 0.0000000000
96556  6.429  20.216  -10.074 0.0000000000
96557  6.427  19.303  -9.735 0.0000000000
96558  6.561  20.075  -10.433 0.0000000000
96559  6.670  19.934  -10.806 0.0000000000
96560  6.755  19.764  -11.203 0.0000000000
96561  6.366  19.399  -17.450 0.0000000000
96562  6.638  18.856  -16.632 0.0000000000
96563  6.541  18.609  -17.054 0.0000000000
96564  6.683  17.672  -16.572 0.0000000000
96565  6.831  16.602  -16.184 0.0000000000
96566  7.058  15.596  -15.751 0.0000000000
96567  6.825  16.274  -16.575 0.0000000000
96568  6.883  16.054  -17.010 0.0000000000
96569  7.079  15.629  -17.298 0.0000000000
96570  7.309  15.238  -17.522 0.0000000000
96571  6.987  16.127  -18.093 0.0000000000
96572  6.971  16.746  -18.821 0.0000000000
96573  7.004  17.335  -19.503 0.0000000000
98136  11.527  17.584  -14.408 0.0000000000
98137  11.742  16.617  -14.168 0.0000000000
98138  11.922  17.337  -13.997 0.0000000000
98139  12.318  17.120  -13.660 0.0000000000
98140  12.791  16.910  -13.400 0.0000000000
98146  15.432  15.030  -13.634 0.0000000000
98147  15.682  15.711  -13.680 0.0000000000
98148  16.099  15.447  -13.889 0.0000000000
100886  5.894  22.997  -18.731 0.0000000000
102902  12.825  12.839  -14.310 0.0000000000
102903  12.693  11.941  -14.615 0.0000000000
102904  13.129  11.754  -14.633 0.0000000000
102905  13.489  10.665  -14.999 0.0000000000
102906  13.790  9.596  -15.281 0.0000000000
111114  6.202  15.057  -9.023 0.0000000000
111123  7.406  21.530  -14.139 0.0000000000
111124  7.279  20.780  -13.407 0.0000000000
111125  7.331  20.575  -13.783 0.0000000000
111126  7.230  19.701  -13.421 0.0000000000
111127  7.144  18.763  -13.064 0.0000000000
111128  7.039  15.911  -13.559 0.0000000000
111129  7.089  16.160  -13.176 0.0000000000
111130  7.046  15.006  -12.917 0.0000000000
111131  6.989  13.969  -12.289 0.0000000000
111132  6.909  12.778  -11.670 0.0000000000
111133  6.678  11.554  -11.246 0.0000000000
111134  6.759  11.317  -11.567 0.0000000000
111135  6.653  9.792  -11.568 0.0000000000
111141  7.521  10.493  -14.235 0.0000000000
111142  7.427  9.265  -13.808 0.0000000000
111143  7.551  8.858  -14.009 0.0000000000
111144  7.768  7.183  -13.761 0.0000000000
111153  8.861  8.029  -14.727 0.0000000000
111154  8.208  14.004  -17.665 0.0000000000
111155  8.394  12.930  -17.034 0.0000000000
111156  8.471  13.679  -17.499 0.0000000000
111157  8.822  13.295  -17.204 0.0000000000
111158  9.142  12.997  -16.873 0.0000000000
111159  9.437  12.727  -16.505 0.0000000000
111160  9.233  13.863  -17.129 0.0000000000
111161  9.317  14.657  -17.392 0.0000000000
111162  9.394  15.426  -17.695 0.0000000000
111163  6.514  21.004  -21.940 0.0000000000
111164  6.659  20.036  -21.474 0.0000000000
111165  6.762  20.677  -21.868 0.0000000000
111166  7.031  20.359  -21.747 0.0000000000
111167  7.325  20.148  -21.572 0.0000000000
111169  8.155  21.077  -21.221 0.0000000000
111170  8.491  20.955  -20.657 0.0000000000
111171  8.636  20.136  -20.164 0.0000000000
111172  8.818  19.368  -19.544 0.0000000000
111173  9.044  18.587  -18.960 0.0000000000
111174  9.147  19.361  -18.866 0.0000000000
111175  9.545  19.311  -18.047 0.0000000000
111176  9.935  19.178  -17.279 0.0000000000
111177  10.320  18.924  -16.562 0.0000000000
111178  10.137  19.779  -17.011 0.0000000000
111179  10.336  20.419  -16.745 0.0000000000
111180  10.527  21.078  -16.494 0.0000000000
115368  12.454  19.925  -13.969 0.0000000000
115369  12.695  19.169  -13.683 0.0000000000
119069  11.207  8.844  -15.106 0.0000000000
119070  11.551  7.482  -14.920 0.0000000000
119072  12.284  5.920  -14.671 0.0000000000
119073  12.616  5.829  -14.771 0.0000000000
119074  13.024  5.602  -14.790 0.0000000000
119075  14.603  11.986  -14.389 0.0000000000
119076  14.426  11.185  -14.730 0.0000000000
119077  14.851  10.941  -14.786 0.0000000000
119078  15.074  9.831  -15.229 0.0000000000
119079  15.326  8.759  -15.568 0.0000000000
119080  15.845  9.589  -15.372 0.0000000000
119081  15.726  8.623  -15.614 0.0000000000
125458  5.731  17.329  -7.879 0.0000000000
125460  5.861  17.068  -8.164 0.0000000000
125461  5.989  16.802  -8.479 0.0000000000
125462  6.161  16.589  -8.746 0.0000000000
125463  6.390  18.325  -9.409 0.0000000000
125464  6.370  17.411  -9.228 0.0000000000
125465  6.305  16.294  -9.076 0.0000000000
125466  6.439  15.989  -9.386 0.0000000000
125467  6.570  15.624  -9.734 0.0000000000
125468  6.642  15.340  -10.101 0.0000000000
125469  6.918  20.614  -15.819 0.0000000000
125470  7.126  20.005  -15.020 0.0000000000
125471  6.994  19.699  -15.400 0.0000000000
125472  7.030  18.768  -15.001 0.0000000000
125473  7.012  17.817  -14.648 0.0000000000
125474  6.834  18.241  -15.817 0.0000000000
125475  6.948  17.567  -15.018 0.0000000000
125476  6.992  16.788  -14.264 0.0000000000
125477  7.091  15.689  -13.930 0.0000000000
125478  7.173  14.580  -13.657 0.0000000000
125479  7.233  13.276  -13.350 0.0000000000
125480  7.199  11.797  -13.144 0.0000000000
125481  7.326  12.976  -13.725 0.0000000000
125482  7.416  12.686  -14.049 0.0000000000
125483  7.519  12.349  -14.315 0.0000000000
125484  7.318  14.592  -15.260 0.0000000000
125485  7.555  13.399  -14.934 0.0000000000
125486  7.566  12.016  -14.584 0.0000000000
125487  7.626  11.584  -14.833 0.0000000000
125488  7.728  11.146  -15.101 0.0000000000
125489  7.877  10.773  -15.177 0.0000000000
125490  7.999  10.257  -15.189 0.0000000000
125491  7.941  11.722  -15.821 0.0000000000
125492  8.014  12.711  -16.424 0.0000000000
125493  8.063  13.675  -17.067 0.0000000000
125494  7.513  14.935  -17.695 0.0000000000
125495  7.768  14.602  -17.734 0.0000000000
125496  8.003  14.316  -17.777 0.0000000000
125497  7.977  14.892  -18.314 0.0000000000
125498  8.031  15.499  -18.745 0.0000000000
125499  8.110  16.188  -19.130 0.0000000000
129096  10.911  14.774  -15.114 0.0000000000
129097  11.164  13.797  -14.907 0.0000000000
129098  11.296  14.652  -14.724 0.0000000000
129099  11.684  14.427  -14.422 0.0000000000
129100  12.083  14.105  -14.220 0.0000000000
129101  11.982  15.760  -14.022 0.0000000000
129102  12.245  14.922  -13.968 0.0000000000
129103  12.551  13.909  -14.059 0.0000000000
129104  12.951  13.646  -14.020 0.0000000000
129105  13.384  13.466  -13.923 0.0000000000
129106  13.896  13.260  -13.926 0.0000000000
129107  12.898  18.343  -13.449 0.0000000000
129108  13.077  17.518  -13.298 0.0000000000
129109  13.249  16.721  -13.233 0.0000000000
129111  13.770  16.548  -13.193 0.0000000000
129112  13.488  15.884  -13.254 0.0000000000
129113  13.754  15.007  -13.403 0.0000000000
129114  14.042  14.044  -13.661 0.0000000000
129115  14.328  12.971  -14.036 0.0000000000
129116  14.775  12.770  -14.101 0.0000000000
129117  15.190  12.587  -14.167 0.0000000000
129118  15.594  12.348  -14.256 0.0000000000
129119  15.621  14.046  -13.855 0.0000000000
129120  15.796  13.047  -14.098 0.0000000000
129121  15.949  12.089  -14.386 0.0000000000
129122  16.378  11.881  -14.526 0.0000000000
129123  16.812  11.603  -14.700 0.0000000000
129124  17.224  11.384  -14.880 0.0000000000
134889  7.353  22.296  -14.894 0.0000000000
134890  7.205  22.057  -15.306 0.0000000000
134891  7.007  21.793  -15.765 0.0000000000
134899  6.790  22.462  -16.527 0.0000000000
134900  6.803  21.520  -16.212 0.0000000000
134901  6.675  21.204  -16.592 0.0000000000
134902  6.502  20.894  -16.991 0.0000000000
134903  6.318  20.572  -17.353 0.0000000000
134904  5.987  22.111  -18.499 0.0000000000
134905  6.086  21.111  -18.092 0.0000000000
134906  6.208  20.217  -17.770 0.0000000000
134907  6.070  19.880  -18.247 0.0000000000
134908  5.983  19.547  -18.768 0.0000000000
134909  6.052  19.168  -19.199 0.0000000000
134910  6.210  18.825  -19.584 0.0000000000
134911  5.954  19.642  -19.939 0.0000000000
134912  5.951  20.181  -20.668 0.0000000000
134913  6.073  20.763  -21.371 0.0000000000
134914  5.717  21.993  -21.445 0.0000000000
134915  5.982  21.656  -21.723 0.0000000000
134916  6.243  21.342  -21.921 0.0000000000
134917  6.393  21.981  -22.354 0.0000000000
139109  11.457  12.782  -14.825 0.0000000000
139110  11.768  11.616  -14.919 0.0000000000
139111  12.052  10.464  -15.074 0.0000000000
139112  12.581  11.134  -14.886 0.0000000000
139113  12.460  10.226  -15.092 0.0000000000
139114  12.386  9.273  -15.219 0.0000000000
139115  12.803  7.971  -15.315 0.0000000000
139116  13.096  6.669  -15.142 0.0000000000
139117  13.402  5.447  -14.857 0.0000000000
139118  14.279  10.304  -15.068 0.0000000000
139119  14.181  9.411  -15.330 0.0000000000
139120  14.054  8.439  -15.476 0.0000000000
139124  13.837  6.359  -15.231 0.0000000000
139125  13.772  5.366  -15.013 0.0000000000
139126  13.735  4.287  -14.463 0.0000000000
141564  5.381  16.758  -7.200 0.0000000000
141570  5.130  18.027  -6.680 0.0000000000
141571  5.294  17.837  -6.995 0.0000000000
141572  5.440  17.680  -7.269 0.0000000000
141573  5.577  17.498  -7.573 0.0000000000
141574  5.756  18.181  -7.992 0.0000000000
141575  5.949  18.851  -8.457 0.0000000000
141576  6.097  19.604  -9.048 0.0000000000
141578  6.123  20.503  -9.366 0.0000000000
141579  6.266  20.345  -9.704 0.0000000000
155687  7.019  21.370  -12.234 0.0000000000
155688  6.923  20.491  -11.919 0.0000000000
155689  6.869  19.542  -11.564 0.0000000000
155690  7.121  20.074  -12.671 0.0000000000
155691  6.972  19.370  -11.944 0.0000000000
155692  6.869  18.601  -11.213 0.0000000000
155693  6.919  17.522  -10.876 0.0000000000
155694  6.858  16.381  -10.607 0.0000000000
155695  6.717  15.106  -10.431 0.0000000000
155696  7.181  19.255  -14.216 0.0000000000
155697  7.142  18.544  -13.450 0.0000000000
155698  7.101  17.731  -12.699 0.0000000000
155699  7.068  16.408  -12.798 0.0000000000
155700  7.054  16.612  -12.341 0.0000000000
155701  7.056  16.832  -11.964 0.0000000000
155702  7.009  15.916  -11.287 0.0000000000
155703  6.819  14.878  -10.776 0.0000000000
155704  6.585  13.789  -10.348 0.0000000000
155705  6.401  12.419  -10.296 0.0000000000
155723  7.087  10.196  -12.973 0.0000000000
155726  7.368  7.930  -13.445 0.0000000000
155750  8.289  9.931  -15.277 0.0000000000
155751  8.589  9.524  -15.244 0.0000000000
155752  8.863  9.014  -15.145 0.0000000000
155753  8.623  11.502  -16.430 0.0000000000
155754  8.893  10.009  -15.653 0.0000000000
155755  9.152  8.631  -15.026 0.0000000000
155757  9.768  7.849  -14.822 0.0000000000
155759  10.077  8.460  -15.090 0.0000000000
155760  10.158  9.650  -15.339 0.0000000000
155761  10.196  10.742  -15.609 0.0000000000
155762  9.710  12.449  -16.259 0.0000000000
155763  9.975  12.119  -15.986 0.0000000000
155764  10.242  11.740  -15.723 0.0000000000
155765  10.316  12.692  -15.698 0.0000000000
155766  10.460  13.582  -15.685 0.0000000000
155767  10.551  14.484  -15.579 0.0000000000
155768  6.451  18.467  -19.810 0.0000000000
155769  6.735  18.135  -20.006 0.0000000000
155770  7.038  17.865  -20.053 0.0000000000
155771  6.865  19.176  -20.959 0.0000000000
155772  7.077  18.402  -20.504 0.0000000000
155773  7.277  17.610  -19.992 0.0000000000
155774  7.540  17.403  -19.880 0.0000000000
155775  7.861  17.152  -19.723 0.0000000000
155776  8.173  16.900  -19.486 0.0000000000
155778  7.454  20.839  -21.838 0.0000000000
155779  7.618  19.995  -21.386 0.0000000000
155780  7.984  20.412  -21.205 0.0000000000
155781  7.883  19.790  -21.054 0.0000000000
155782  7.784  19.144  -20.834 0.0000000000
155783  7.976  18.305  -20.320 0.0000000000
155784  8.189  17.466  -19.782 0.0000000000
155785  8.487  16.666  -19.179 0.0000000000
155786  8.819  16.513  -18.818 0.0000000000
155787  9.171  16.396  -18.287 0.0000000000
155788  9.503  16.299  -17.710 0.0000000000
155789  9.291  17.794  -18.363 0.0000000000
155790  9.575  17.016  -17.716 0.0000000000
155791  9.802  16.165  -17.118 0.0000000000
155792  10.068  15.943  -16.482 0.0000000000
155793  10.362  15.638  -15.929 0.0000000000
155794  10.647  15.282  -15.483 0.0000000000
155795  10.775  15.980  -15.389 0.0000000000
155796  10.938  16.598  -15.243 0.0000000000
155797  11.068  17.282  -15.044 0.0000000000
155798  10.665  18.628  -15.904 0.0000000000
155799  10.945  18.296  -15.354 0.0000000000
155800  11.242  17.926  -14.847 0.0000000000
155801  11.433  18.578  -14.649 0.0000000000
155802  11.626  19.207  -14.469 0.0000000000
155803  11.848  19.711  -14.361 0.0000000000
155809  11.062  21.407  -15.709 0.0000000000
