#!ascii label  , from subject fsaverage vox2ras=TkReg
120
1236  9.095  -49.157  6.852 0.0000000000
9410  8.141  -48.689  12.622 0.0000000000
9411  8.820  -48.174  11.557 0.0000000000
9420  9.195  -47.519  10.475 0.0000000000
9422  9.838  -46.304  8.339 0.0000000000
9423  10.096  -45.735  7.390 0.0000000000
9426  10.681  -45.076  6.542 0.0000000000
9427  11.351  -44.364  5.830 0.0000000000
10836  8.162  -50.077  8.409 0.0000000000
20968  8.460  -48.458  12.062 0.0000000000
20993  9.337  -47.231  9.923 0.0000000000
20998  9.958  -46.103  7.766 0.0000000000
24114  8.753  -49.445  7.404 0.0000000000
38471  7.751  -48.888  13.173 0.0000000000
38474  7.735  -49.264  10.734 0.0000000000
38475  7.974  -48.978  10.204 0.0000000000
38501  9.120  -47.897  11.025 0.0000000000
38502  8.188  -48.754  9.564 0.0000000000
38503  8.474  -48.490  9.103 0.0000000000
38504  8.720  -48.222  8.565 0.0000000000
38505  8.896  -47.904  8.004 0.0000000000
38508  9.103  -47.647  7.460 0.0000000000
38509  9.274  -47.358  6.932 0.0000000000
38510  9.497  -47.001  6.469 0.0000000000
38511  9.826  -46.646  6.120 0.0000000000
38519  10.318  -45.396  6.914 0.0000000000
38520  10.134  -46.332  5.702 0.0000000000
38526  11.400  -44.610  4.286 0.0000000000
45951  9.267  -49.018  6.588 0.0000000000
55551  8.581  -49.583  7.654 0.0000000000
85931  6.711  -49.776  13.634 0.0000000000
85932  6.827  -49.666  13.368 0.0000000000
85934  7.017  -49.510  13.047 0.0000000000
85940  7.931  -48.755  12.915 0.0000000000
85941  7.379  -49.272  12.522 0.0000000000
85942  7.531  -49.128  12.249 0.0000000000
85944  7.716  -49.036  11.951 0.0000000000
85945  8.676  -48.339  11.817 0.0000000000
85946  7.988  -48.827  11.379 0.0000000000
85947  8.259  -48.688  11.153 0.0000000000
85948  7.879  -49.090  10.487 0.0000000000
85949  8.399  -48.562  10.888 0.0000000000
86013  9.320  -46.978  11.095 0.0000000000
86015  9.104  -47.698  10.719 0.0000000000
86016  8.611  -48.308  10.285 0.0000000000
86017  8.711  -48.189  9.991 0.0000000000
86018  8.373  -48.659  9.345 0.0000000000
86019  8.810  -48.003  9.780 0.0000000000
86021  9.045  -47.738  9.238 0.0000000000
86022  9.138  -47.579  8.984 0.0000000000
86023  8.800  -48.059  8.287 0.0000000000
86024  9.221  -47.393  8.744 0.0000000000
86031  9.391  -47.148  8.154 0.0000000000
86032  9.467  -46.917  7.940 0.0000000000
86033  9.232  -47.478  7.229 0.0000000000
86034  9.542  -46.812  7.656 0.0000000000
86035  9.935  -45.883  7.548 0.0000000000
86036  9.662  -46.542  7.109 0.0000000000
86037  9.739  -46.373  6.880 0.0000000000
86038  9.661  -46.825  6.283 0.0000000000
86039  9.901  -46.209  6.712 0.0000000000
86058  10.585  -44.537  7.028 0.0000000000
86060  10.629  -45.295  6.762 0.0000000000
86061  10.214  -45.879  6.265 0.0000000000
86062  10.400  -45.734  6.101 0.0000000000
86064  10.518  -45.571  5.907 0.0000000000
86065  11.177  -44.579  5.973 0.0000000000
86069  11.229  -44.743  5.276 0.0000000000
86077  11.834  -44.076  4.719 0.0000000000
86078  11.669  -44.329  4.174 0.0000000000
86079  12.083  -43.814  4.594 0.0000000000
93234  8.310  -49.906  8.176 0.0000000000
111470  8.314  -48.592  12.336 0.0000000000
111471  8.870  -48.074  12.722 0.0000000000
111472  8.984  -47.893  12.472 0.0000000000
111473  9.109  -47.706  12.232 0.0000000000
111514  9.310  -46.786  10.800 0.0000000000
111515  9.211  -47.362  10.198 0.0000000000
111524  9.840  -46.184  8.059 0.0000000000
111526  9.935  -45.273  8.172 0.0000000000
111541  10.751  -44.362  6.842 0.0000000000
156375  7.542  -48.982  13.418 0.0000000000
156376  7.198  -49.360  12.744 0.0000000000
156380  7.120  -50.293  10.902 0.0000000000
156381  7.267  -50.184  10.591 0.0000000000
156382  7.868  -48.969  11.649 0.0000000000
156383  7.522  -49.416  10.962 0.0000000000
156384  7.380  -50.006  10.311 0.0000000000
156462  9.259  -47.535  11.941 0.0000000000
156464  9.260  -47.351  11.644 0.0000000000
156465  8.956  -48.002  11.289 0.0000000000
156466  8.486  -48.394  10.611 0.0000000000
156467  8.089  -48.854  9.889 0.0000000000
156468  7.910  -49.414  9.233 0.0000000000
156469  8.058  -49.379  8.955 0.0000000000
156470  8.196  -49.240  8.714 0.0000000000
156471  8.336  -49.086  8.473 0.0000000000
156472  8.916  -47.862  9.523 0.0000000000
156473  8.582  -48.358  8.829 0.0000000000
156474  8.414  -48.907  8.195 0.0000000000
156475  8.556  -48.763  7.927 0.0000000000
156476  8.703  -48.649  7.622 0.0000000000
156477  8.803  -48.499  7.319 0.0000000000
156484  9.290  -47.280  8.436 0.0000000000
156485  8.952  -47.768  7.723 0.0000000000
156486  8.967  -48.404  7.068 0.0000000000
156487  9.121  -48.242  6.817 0.0000000000
156488  9.274  -48.068  6.598 0.0000000000
156489  9.403  -47.877  6.379 0.0000000000
156490  9.575  -46.691  7.374 0.0000000000
156491  9.443  -47.191  6.714 0.0000000000
156492  9.519  -47.707  6.158 0.0000000000
156493  9.623  -47.506  5.973 0.0000000000
156494  9.750  -47.308  5.738 0.0000000000
156495  9.959  -47.127  5.596 0.0000000000
156519  10.179  -45.565  7.156 0.0000000000
156520  10.067  -46.039  6.513 0.0000000000
156521  9.978  -46.456  5.927 0.0000000000
156522  10.102  -46.977  5.416 0.0000000000
156537  11.483  -44.154  5.607 0.0000000000
