#!ascii label  , from subject fsaverage vox2ras=TkReg
723
56  40.986  39.800  -4.868 0.0000000000
258  51.835  32.833  -1.332 0.0000000000
259  49.264  32.803  -8.704 0.0000000000
738  51.297  28.518  1.345 0.0000000000
739  47.387  30.278  -0.546 0.0000000000
1136  43.476  31.310  -6.276 0.0000000000
1616  47.582  37.409  -2.626 0.0000000000
1617  45.958  35.978  -7.301 0.0000000000
1618  50.516  32.896  -5.147 0.0000000000
1619  44.891  32.298  -3.268 0.0000000000
2194  46.740  38.360  -12.350 0.0000000000
3053  40.676  43.288  -5.046 0.0000000000
3055  42.215  41.585  -7.302 0.0000000000
3653  50.561  35.519  -1.929 0.0000000000
3654  50.189  35.314  -4.189 0.0000000000
3655  51.325  33.203  -3.179 0.0000000000
3656  44.054  30.222  0.882 0.0000000000
3657  46.006  31.486  -1.665 0.0000000000
3658  42.821  31.551  -0.335 0.0000000000
3659  41.656  32.163  -1.752 0.0000000000
4846  48.456  34.373  -8.149 0.0000000000
4847  46.298  37.323  -10.268 0.0000000000
4848  47.924  34.931  -10.794 0.0000000000
5936  51.914  30.285  -0.313 0.0000000000
5937  50.793  30.808  -1.701 0.0000000000
5938  49.062  29.080  0.431 0.0000000000
5939  45.452  28.822  1.876 0.0000000000
6652  47.082  31.864  -8.227 0.0000000000
6653  48.505  32.805  -11.035 0.0000000000
6654  46.655  31.379  -9.967 0.0000000000
7610  43.727  37.909  -3.673 0.0000000000
7611  43.358  37.719  -6.357 0.0000000000
7612  46.920  36.407  -5.047 0.0000000000
7613  49.412  34.745  -6.274 0.0000000000
7614  50.007  32.801  -6.826 0.0000000000
7615  49.353  31.657  -2.870 0.0000000000
7616  48.072  32.072  -4.354 0.0000000000
7617  47.345  32.306  -6.120 0.0000000000
7618  44.163  32.276  -5.158 0.0000000000
8232  47.755  36.651  -0.889 0.0000000000
8233  50.334  34.521  -0.213 0.0000000000
8235  50.119  33.888  1.795 0.0000000000
8236  52.109  32.130  0.534 0.0000000000
9142  44.164  39.368  -9.030 0.0000000000
9143  45.677  41.125  -11.128 0.0000000000
10733  40.490  41.524  -5.182 0.0000000000
10734  41.313  42.467  -6.235 0.0000000000
10735  41.440  40.571  -6.166 0.0000000000
11333  51.369  34.146  -1.634 0.0000000000
11334  51.197  34.424  -2.688 0.0000000000
11335  51.607  33.116  -2.253 0.0000000000
11337  43.433  31.013  0.306 0.0000000000
12526  49.199  33.551  -8.516 0.0000000000
12527  48.103  34.615  -9.490 0.0000000000
12528  48.866  33.748  -9.820 0.0000000000
13733  51.769  29.323  0.494 0.0000000000
13734  50.848  29.455  -0.158 0.0000000000
13735  50.237  28.734  0.780 0.0000000000
13737  46.575  28.406  2.366 0.0000000000
14926  45.360  31.626  -7.404 0.0000000000
14927  46.950  31.612  -9.214 0.0000000000
14928  45.191  31.200  -8.188 0.0000000000
16718  45.575  37.545  -3.173 0.0000000000
16719  45.180  37.144  -4.408 0.0000000000
16720  47.270  36.858  -3.893 0.0000000000
16721  50.662  34.049  -4.832 0.0000000000
16722  49.857  34.884  -5.362 0.0000000000
16723  50.412  33.845  -5.854 0.0000000000
16724  50.109  33.774  -6.752 0.0000000000
16725  50.209  32.828  -5.988 0.0000000000
16726  49.236  30.292  -1.162 0.0000000000
16727  50.084  31.281  -2.251 0.0000000000
16728  48.431  30.986  -1.639 0.0000000000
16729  45.386  31.929  -2.411 0.0000000000
16730  47.060  31.806  -3.028 0.0000000000
16731  46.518  32.183  -3.830 0.0000000000
16732  47.622  32.197  -5.112 0.0000000000
16733  46.086  32.325  -4.693 0.0000000000
16734  45.797  32.338  -5.721 0.0000000000
16735  44.467  32.384  -4.247 0.0000000000
16737  41.169  32.097  -2.435 0.0000000000
18091  42.862  38.668  -2.175 0.0000000000
18096  49.078  35.539  -0.579 0.0000000000
18097  48.899  34.950  0.311 0.0000000000
18102  50.041  33.847  2.984 0.0000000000
18104  51.366  33.076  1.176 0.0000000000
18106  52.394  30.987  0.906 0.0000000000
20296  44.605  36.848  -6.887 0.0000000000
20297  43.562  38.379  -7.764 0.0000000000
20298  44.649  37.443  -8.355 0.0000000000
20299  46.762  38.061  -11.367 0.0000000000
20300  46.030  39.361  -10.792 0.0000000000
20301  46.373  39.909  -11.886 0.0000000000
20304  48.044  32.622  -11.812 0.0000000000
20305  48.040  33.815  -11.931 0.0000000000
23217  49.688  28.281  1.878 0.0000000000
23930  42.285  43.346  -7.219 0.0000000000
23931  43.162  42.433  -8.186 0.0000000000
23932  41.592  31.073  -5.006 0.0000000000
23933  43.209  30.895  -6.864 0.0000000000
25007  49.347  36.810  -2.220 0.0000000000
25008  49.116  36.597  -3.387 0.0000000000
25009  50.465  35.630  -3.061 0.0000000000
25010  50.981  34.320  -3.743 0.0000000000
25011  50.889  33.119  -4.158 0.0000000000
25012  45.649  30.233  0.248 0.0000000000
25013  46.746  30.961  -1.008 0.0000000000
25014  45.017  30.930  -0.402 0.0000000000
25015  44.409  31.519  -1.050 0.0000000000
25016  43.848  31.964  -1.827 0.0000000000
25017  43.343  32.280  -2.645 0.0000000000
25018  42.202  31.941  -1.059 0.0000000000
27154  47.178  35.129  -7.759 0.0000000000
27155  45.831  36.488  -8.816 0.0000000000
27156  46.930  35.470  -9.161 0.0000000000
27157  47.186  36.214  -10.536 0.0000000000
27158  47.306  36.653  -11.664 0.0000000000
29210  52.106  31.403  -0.896 0.0000000000
29211  51.637  31.718  -1.726 0.0000000000
29212  51.348  30.392  -1.070 0.0000000000
29213  49.913  29.766  -0.769 0.0000000000
29214  48.076  29.605  -0.105 0.0000000000
29215  48.454  28.649  1.573 0.0000000000
29216  47.258  28.983  1.152 0.0000000000
29217  46.318  29.597  0.703 0.0000000000
29218  44.678  29.462  1.421 0.0000000000
30880  48.461  32.168  -8.676 0.0000000000
30881  48.931  32.905  -10.020 0.0000000000
30882  48.265  32.105  -9.798 0.0000000000
30883  47.959  32.019  -10.714 0.0000000000
30885  44.947  31.009  -8.808 0.0000000000
33272  42.115  38.606  -4.280 0.0000000000
33273  42.202  38.837  -5.695 0.0000000000
33274  43.425  37.726  -5.063 0.0000000000
33275  44.935  36.851  -5.648 0.0000000000
33276  46.359  36.072  -6.068 0.0000000000
33277  48.798  36.042  -4.524 0.0000000000
33278  48.289  35.588  -5.586 0.0000000000
33279  47.683  35.348  -6.567 0.0000000000
33280  48.898  34.565  -7.130 0.0000000000
33281  49.708  33.607  -7.540 0.0000000000
33282  49.613  32.706  -7.600 0.0000000000
33283  51.230  31.994  -2.523 0.0000000000
33284  50.664  32.220  -3.265 0.0000000000
33285  50.084  32.227  -4.040 0.0000000000
33286  47.724  31.487  -2.244 0.0000000000
33287  48.698  31.857  -3.529 0.0000000000
33288  49.526  32.177  -4.811 0.0000000000
33289  49.196  32.213  -5.671 0.0000000000
33290  48.886  32.301  -6.495 0.0000000000
33291  48.635  32.238  -7.494 0.0000000000
33292  47.205  32.202  -7.214 0.0000000000
33293  45.556  32.028  -6.658 0.0000000000
33294  43.848  31.851  -5.844 0.0000000000
33295  42.923  32.305  -3.549 0.0000000000
33296  42.484  32.068  -4.199 0.0000000000
33297  42.041  31.605  -4.658 0.0000000000
34962  39.853  42.604  -4.176 0.0000000000
34963  39.985  40.806  -4.117 0.0000000000
34990  40.892  39.339  -3.706 0.0000000000
34992  44.243  38.184  -2.685 0.0000000000
34993  46.103  37.942  -2.038 0.0000000000
34995  46.449  37.746  -0.998 0.0000000000
34996  47.794  37.357  -1.638 0.0000000000
34997  49.279  36.261  -1.396 0.0000000000
34998  50.565  35.041  -1.068 0.0000000000
34999  51.366  33.764  -0.785 0.0000000000
35005  48.823  34.486  1.298 0.0000000000
35006  50.249  34.041  0.720 0.0000000000
35007  51.401  33.370  0.167 0.0000000000
35008  52.011  32.430  -0.428 0.0000000000
35009  52.297  31.158  -0.034 0.0000000000
35010  52.339  30.066  0.599 0.0000000000
37666  42.449  39.474  -6.963 0.0000000000
37667  43.106  40.476  -8.136 0.0000000000
37668  44.121  41.493  -9.114 0.0000000000
37669  45.272  38.475  -9.700 0.0000000000
37670  45.067  40.384  -10.092 0.0000000000
37675  48.510  33.945  -11.082 0.0000000000
37676  47.803  35.137  -11.769 0.0000000000
41453  40.615  40.601  -5.040 0.0000000000
41454  40.963  41.039  -5.683 0.0000000000
41455  41.163  40.118  -5.531 0.0000000000
42053  51.655  33.487  -1.516 0.0000000000
42054  51.544  33.679  -1.949 0.0000000000
42055  51.749  32.985  -1.792 0.0000000000
43246  49.394  33.168  -8.631 0.0000000000
43247  49.046  33.648  -9.094 0.0000000000
43248  49.172  33.242  -9.262 0.0000000000
44453  51.567  28.853  0.865 0.0000000000
44454  51.097  28.934  0.537 0.0000000000
44455  50.796  28.591  1.026 0.0000000000
45646  44.447  31.477  -6.888 0.0000000000
45647  45.264  31.399  -7.781 0.0000000000
45648  44.359  31.212  -7.201 0.0000000000
47438  46.569  37.444  -2.864 0.0000000000
47439  46.425  37.206  -3.517 0.0000000000
47440  47.433  37.124  -3.282 0.0000000000
47441  50.706  33.435  -5.107 0.0000000000
47442  50.562  33.921  -5.381 0.0000000000
47443  50.533  33.348  -5.553 0.0000000000
47444  50.407  33.310  -5.994 0.0000000000
47445  50.369  32.830  -5.591 0.0000000000
47446  48.315  30.204  -0.853 0.0000000000
47447  48.844  30.640  -1.403 0.0000000000
47448  47.999  30.600  -1.090 0.0000000000
47449  45.115  32.120  -2.823 0.0000000000
47450  45.952  32.116  -3.145 0.0000000000
47451  45.670  32.215  -3.519 0.0000000000
47452  46.266  32.253  -4.222 0.0000000000
47453  45.475  32.341  -3.967 0.0000000000
47454  45.302  32.402  -4.464 0.0000000000
47455  44.719  32.402  -3.743 0.0000000000
48817  48.192  35.103  0.542 0.0000000000
51016  45.311  36.446  -7.126 0.0000000000
51017  44.609  37.027  -7.585 0.0000000000
51018  45.170  36.602  -7.848 0.0000000000
51019  46.840  38.268  -11.942 0.0000000000
51020  46.621  38.998  -11.670 0.0000000000
51024  47.722  32.532  -12.095 0.0000000000
51025  47.813  33.090  -12.278 0.0000000000
55241  41.728  42.045  -6.782 0.0000000000
55242  41.762  42.947  -6.725 0.0000000000
55243  42.172  42.514  -7.242 0.0000000000
55244  42.714  42.912  -7.693 0.0000000000
55245  42.669  42.042  -7.725 0.0000000000
57038  50.034  36.236  -2.080 0.0000000000
57039  50.024  36.316  -2.657 0.0000000000
57040  50.532  35.634  -2.499 0.0000000000
57041  51.328  33.850  -2.961 0.0000000000
57042  51.104  34.424  -3.211 0.0000000000
57043  51.242  33.748  -3.459 0.0000000000
57044  51.034  33.690  -3.988 0.0000000000
57045  51.098  33.181  -3.657 0.0000000000
57046  44.855  30.243  0.572 0.0000000000
57047  45.384  30.588  -0.062 0.0000000000
57048  44.534  30.616  0.254 0.0000000000
57049  43.135  31.291  0.021 0.0000000000
57050  43.942  31.288  -0.373 0.0000000000
57051  43.622  31.555  -0.712 0.0000000000
57052  44.118  31.765  -1.422 0.0000000000
57053  43.324  31.768  -1.090 0.0000000000
57054  43.017  31.947  -1.472 0.0000000000
57055  42.521  31.758  -0.712 0.0000000000
60616  47.847  34.765  -7.932 0.0000000000
60617  47.055  35.242  -8.426 0.0000000000
60618  47.623  34.840  -8.577 0.0000000000
60619  48.035  34.772  -10.172 0.0000000000
60620  47.566  35.304  -9.992 0.0000000000
60621  47.589  35.548  -10.650 0.0000000000
60622  47.251  36.447  -11.117 0.0000000000
60623  47.565  35.763  -11.262 0.0000000000
64238  52.011  30.835  -0.611 0.0000000000
64239  51.757  30.891  -1.039 0.0000000000
64240  51.632  30.329  -0.691 0.0000000000
64241  50.017  29.208  0.081 0.0000000000
64242  50.364  29.569  -0.488 0.0000000000
64243  49.454  29.386  -0.187 0.0000000000
64244  49.037  29.672  -0.468 0.0000000000
64245  48.485  29.297  0.133 0.0000000000
64247  49.099  28.513  1.691 0.0000000000
64248  48.133  28.408  2.121 0.0000000000
64249  45.978  28.569  2.145 0.0000000000
64250  46.904  28.686  1.814 0.0000000000
64251  46.330  28.936  1.555 0.0000000000
64252  46.740  29.301  0.915 0.0000000000
64253  45.864  29.224  1.301 0.0000000000
64254  45.445  29.527  1.100 0.0000000000
64255  45.050  29.139  1.630 0.0000000000
67816  47.829  32.016  -8.499 0.0000000000
67817  48.377  32.129  -9.265 0.0000000000
67818  47.779  31.918  -9.064 0.0000000000
67819  46.837  31.500  -9.631 0.0000000000
67820  47.587  31.778  -10.038 0.0000000000
67825  44.062  30.940  -7.809 0.0000000000
67828  45.471  30.887  -9.967 0.0000000000
73193  42.836  38.141  -3.979 0.0000000000
73194  42.751  38.188  -4.670 0.0000000000
73195  43.531  37.823  -4.362 0.0000000000
73196  46.036  36.739  -4.737 0.0000000000
73197  45.040  36.974  -5.042 0.0000000000
73198  45.895  36.604  -5.337 0.0000000000
73199  45.646  36.465  -5.867 0.0000000000
73200  46.625  36.215  -5.550 0.0000000000
73201  49.734  36.019  -3.790 0.0000000000
73202  48.945  36.317  -4.006 0.0000000000
73203  49.543  35.690  -4.394 0.0000000000
73204  49.659  34.804  -5.780 0.0000000000
73205  49.150  35.309  -5.459 0.0000000000
73206  48.888  35.196  -5.944 0.0000000000
73207  47.942  35.492  -6.046 0.0000000000
73208  48.595  35.081  -6.380 0.0000000000
73209  48.325  34.986  -6.831 0.0000000000
73210  49.172  34.663  -6.695 0.0000000000
73211  50.120  33.265  -6.820 0.0000000000
73212  49.889  33.669  -7.122 0.0000000000
73213  49.989  33.185  -7.219 0.0000000000
73214  49.772  33.137  -7.624 0.0000000000
73215  49.792  32.754  -7.197 0.0000000000
73216  51.337  31.193  -1.783 0.0000000000
73217  51.447  31.853  -2.143 0.0000000000
73218  51.065  31.393  -2.116 0.0000000000
73219  49.732  31.513  -2.588 0.0000000000
73220  50.405  31.775  -2.775 0.0000000000
73221  50.064  31.877  -3.089 0.0000000000
73222  50.417  32.251  -3.638 0.0000000000
73223  49.742  31.987  -3.463 0.0000000000
73224  46.355  31.228  -1.338 0.0000000000
73225  47.227  31.234  -1.616 0.0000000000
73226  46.866  31.464  -1.983 0.0000000000
73227  47.573  31.950  -3.739 0.0000000000
73228  47.896  31.794  -3.331 0.0000000000
73229  48.377  31.960  -3.949 0.0000000000
73230  49.100  32.054  -4.154 0.0000000000
73231  48.844  32.098  -4.586 0.0000000000
73232  49.346  32.190  -5.285 0.0000000000
73233  48.640  32.114  -5.017 0.0000000000
73234  47.439  32.299  -5.592 0.0000000000
73235  48.262  32.229  -5.804 0.0000000000
73236  48.119  32.253  -6.291 0.0000000000
73237  48.718  32.275  -6.944 0.0000000000
73238  48.020  32.229  -6.809 0.0000000000
73239  47.951  32.210  -7.382 0.0000000000
73240  47.287  32.257  -6.654 0.0000000000
73241  44.987  32.333  -5.468 0.0000000000
73242  45.657  32.224  -6.201 0.0000000000
73243  44.855  32.181  -5.920 0.0000000000
73244  44.763  31.973  -6.361 0.0000000000
73245  44.036  32.103  -5.576 0.0000000000
73246  42.506  32.242  -2.250 0.0000000000
73247  43.129  32.323  -3.111 0.0000000000
73248  42.264  32.272  -2.654 0.0000000000
73249  40.926  31.972  -2.709 0.0000000000
73250  41.797  32.091  -3.341 0.0000000000
73251  41.589  31.928  -3.601 0.0000000000
73252  42.273  31.871  -4.460 0.0000000000
73253  41.368  31.726  -3.825 0.0000000000
73254  41.117  31.462  -3.943 0.0000000000
73255  40.451  31.613  -3.155 0.0000000000
77241  39.781  41.704  -4.217 0.0000000000
77242  39.569  41.408  -3.724 0.0000000000
77310  40.996  39.190  -3.189 0.0000000000
77311  41.567  38.834  -3.453 0.0000000000
77314  43.535  38.423  -2.410 0.0000000000
77316  45.197  38.073  -2.387 0.0000000000
77317  45.443  38.185  -1.828 0.0000000000
77323  47.091  37.250  -0.911 0.0000000000
77324  47.114  37.547  -1.291 0.0000000000
77325  47.799  37.061  -1.228 0.0000000000
77326  48.552  36.881  -1.526 0.0000000000
77327  48.526  36.475  -1.199 0.0000000000
77328  49.745  35.023  -0.369 0.0000000000
77329  49.865  35.303  -0.810 0.0000000000
77330  50.427  34.771  -0.626 0.0000000000
77331  50.957  34.454  -0.931 0.0000000000
77332  50.904  34.226  -0.477 0.0000000000
77343  49.262  34.224  3.951 0.0000000000
77344  50.078  33.907  2.386 0.0000000000
77345  49.374  34.251  2.734 0.0000000000
77346  49.414  34.223  2.136 0.0000000000
77348  49.470  34.206  1.554 0.0000000000
77349  49.522  34.271  0.986 0.0000000000
77350  50.180  33.938  1.262 0.0000000000
77351  51.857  32.605  0.866 0.0000000000
77352  51.413  33.212  0.733 0.0000000000
77353  51.799  32.762  0.393 0.0000000000
77354  51.786  32.936  -0.110 0.0000000000
77355  52.054  32.274  0.060 0.0000000000
77356  52.215  31.742  -0.271 0.0000000000
77357  52.259  31.646  0.231 0.0000000000
77358  52.490  30.410  1.151 0.0000000000
77359  52.401  30.525  0.683 0.0000000000
77360  52.455  29.980  0.990 0.0000000000
77361  52.294  29.572  0.921 0.0000000000
83926  42.780  38.262  -6.071 0.0000000000
83927  42.256  39.079  -6.388 0.0000000000
83928  42.810  38.495  -6.702 0.0000000000
83929  43.783  38.792  -8.416 0.0000000000
83930  43.269  39.373  -8.018 0.0000000000
83931  43.622  39.835  -8.583 0.0000000000
83932  43.626  40.988  -8.655 0.0000000000
83933  44.101  40.411  -9.137 0.0000000000
83934  46.035  36.905  -9.564 0.0000000000
83935  45.489  37.482  -9.356 0.0000000000
83936  45.831  37.925  -10.041 0.0000000000
83937  45.894  40.270  -10.957 0.0000000000
83938  45.592  39.878  -10.437 0.0000000000
83939  45.463  40.797  -10.569 0.0000000000
83940  44.994  41.278  -10.127 0.0000000000
83949  48.730  32.826  -10.586 0.0000000000
83950  48.811  33.366  -10.600 0.0000000000
83951  48.559  33.352  -11.088 0.0000000000
83952  47.716  34.399  -12.293 0.0000000000
83953  47.942  34.476  -11.884 0.0000000000
83954  47.601  35.118  -12.222 0.0000000000
83955  47.485  35.884  -12.176 0.0000000000
93047  40.559  42.453  -5.145 0.0000000000
93048  40.972  42.883  -5.652 0.0000000000
93049  40.916  41.979  -5.723 0.0000000000
93050  41.313  41.540  -6.290 0.0000000000
93051  41.790  41.091  -6.755 0.0000000000
94127  51.009  34.788  -1.819 0.0000000000
94128  50.945  34.964  -2.346 0.0000000000
94129  51.280  34.319  -2.154 0.0000000000
94130  51.449  33.814  -2.448 0.0000000000
94131  51.487  33.217  -2.730 0.0000000000
94133  43.736  30.622  0.589 0.0000000000
94134  42.936  30.638  0.973 0.0000000000
94135  42.633  30.967  0.745 0.0000000000
94136  42.334  31.292  0.454 0.0000000000
94137  42.014  31.543  0.099 0.0000000000
96274  48.957  33.946  -8.350 0.0000000000
96275  48.202  34.434  -8.779 0.0000000000
96276  48.689  34.050  -8.961 0.0000000000
96277  48.542  34.160  -9.678 0.0000000000
96278  48.413  34.308  -10.350 0.0000000000
98447  51.847  29.785  0.063 0.0000000000
98448  51.458  29.803  -0.274 0.0000000000
98449  51.353  29.366  0.146 0.0000000000
98450  50.582  29.072  0.312 0.0000000000
98451  49.652  28.937  0.645 0.0000000000
98455  45.686  28.211  2.677 0.0000000000
98456  45.081  28.424  2.433 0.0000000000
100594  46.260  31.747  -7.935 0.0000000000
100595  47.029  31.738  -8.787 0.0000000000
100596  46.136  31.552  -8.301 0.0000000000
100597  46.068  31.393  -8.726 0.0000000000
100598  45.972  31.280  -9.122 0.0000000000
103820  44.627  37.704  -3.443 0.0000000000
103821  44.429  37.548  -4.049 0.0000000000
103822  45.310  37.325  -3.799 0.0000000000
103823  46.205  36.970  -4.139 0.0000000000
103824  47.097  36.608  -4.480 0.0000000000
103825  50.507  34.697  -4.538 0.0000000000
103826  49.997  35.066  -4.806 0.0000000000
103827  50.340  34.506  -5.110 0.0000000000
103828  50.215  34.373  -5.590 0.0000000000
103829  50.084  34.315  -6.105 0.0000000000
103830  49.820  34.267  -6.543 0.0000000000
103831  50.237  33.804  -6.312 0.0000000000
103832  50.276  33.282  -6.442 0.0000000000
103833  50.099  32.876  -6.417 0.0000000000
103834  50.049  30.476  -1.472 0.0000000000
103835  50.468  31.021  -1.965 0.0000000000
103836  49.710  30.769  -1.715 0.0000000000
103837  49.273  31.147  -1.983 0.0000000000
103838  48.895  31.324  -2.243 0.0000000000
103839  45.655  31.703  -2.008 0.0000000000
103840  46.522  31.657  -2.336 0.0000000000
103841  46.239  31.874  -2.719 0.0000000000
103842  46.761  32.001  -3.430 0.0000000000
103843  47.276  32.088  -4.107 0.0000000000
103844  47.830  32.133  -4.743 0.0000000000
103845  47.032  32.185  -4.458 0.0000000000
103846  46.867  32.275  -4.927 0.0000000000
103847  46.696  32.334  -5.410 0.0000000000
103848  46.589  32.358  -5.943 0.0000000000
103849  45.915  32.341  -5.187 0.0000000000
103850  45.123  32.358  -4.985 0.0000000000
103851  44.288  32.350  -4.725 0.0000000000
103853  41.389  32.158  -2.089 0.0000000000
103854  40.521  32.080  -1.524 0.0000000000
103855  40.277  31.997  -1.817 0.0000000000
106300  48.403  36.080  -0.773 0.0000000000
106302  48.938  35.264  -0.144 0.0000000000
106303  49.628  34.758  0.025 0.0000000000
106310  49.990  33.783  3.602 0.0000000000
106313  50.747  33.459  2.045 0.0000000000
106314  50.804  33.521  1.464 0.0000000000
106315  51.347  32.979  1.683 0.0000000000
106316  51.814  32.503  1.346 0.0000000000
106317  52.132  32.030  1.008 0.0000000000
106318  52.312  31.543  0.695 0.0000000000
106320  52.457  30.878  1.407 0.0000000000
110260  43.981  37.292  -6.649 0.0000000000
110261  43.369  37.985  -7.067 0.0000000000
110262  43.981  37.525  -7.355 0.0000000000
110263  44.107  37.826  -8.039 0.0000000000
110264  44.335  38.379  -8.762 0.0000000000
110265  46.526  37.722  -10.856 0.0000000000
110266  46.142  38.367  -10.591 0.0000000000
110267  46.448  38.781  -11.129 0.0000000000
110268  46.291  39.695  -11.329 0.0000000000
110269  46.032  40.535  -11.509 0.0000000000
110274  48.311  32.745  -11.436 0.0000000000
110275  48.351  33.290  -11.516 0.0000000000
110276  48.092  33.213  -11.911 0.0000000000
110277  47.779  33.729  -12.311 0.0000000000
115610  51.050  28.177  1.851 0.0000000000
115611  50.501  28.322  1.583 0.0000000000
115612  50.233  28.051  2.095 0.0000000000
117274  41.421  43.353  -6.142 0.0000000000
117278  43.243  43.358  -8.187 0.0000000000
117279  43.640  42.871  -8.716 0.0000000000
117280  42.524  31.208  -5.632 0.0000000000
117281  43.332  31.098  -6.551 0.0000000000
117282  42.360  30.956  -5.926 0.0000000000
117283  42.264  30.776  -6.242 0.0000000000
119789  48.501  37.193  -2.371 0.0000000000
119790  48.376  36.996  -3.024 0.0000000000
119791  49.243  36.749  -2.783 0.0000000000
119792  49.876  36.182  -3.212 0.0000000000
119793  50.366  35.500  -3.609 0.0000000000
119794  50.901  35.015  -2.892 0.0000000000
119795  50.839  34.958  -3.449 0.0000000000
119796  50.652  34.851  -3.978 0.0000000000
119797  50.825  34.199  -4.281 0.0000000000
119798  50.839  33.573  -4.521 0.0000000000
119799  50.662  32.981  -4.653 0.0000000000
119800  46.515  30.282  -0.152 0.0000000000
119801  47.085  30.633  -0.761 0.0000000000
119802  46.211  30.615  -0.389 0.0000000000
119803  45.876  30.916  -0.699 0.0000000000
119804  45.521  31.259  -1.026 0.0000000000
119805  44.210  30.965  -0.076 0.0000000000
119806  44.698  31.263  -0.724 0.0000000000
119807  45.205  31.529  -1.356 0.0000000000
119808  44.876  31.726  -1.717 0.0000000000
119809  44.615  31.940  -2.124 0.0000000000
119810  44.379  32.143  -2.550 0.0000000000
119811  44.161  32.315  -3.002 0.0000000000
119812  43.610  32.155  -2.238 0.0000000000
119813  42.753  32.115  -1.846 0.0000000000
119814  41.923  32.075  -1.402 0.0000000000
119815  41.684  31.758  -0.242 0.0000000000
124798  46.571  35.570  -7.529 0.0000000000
124799  45.823  36.164  -8.046 0.0000000000
124800  46.381  35.626  -8.228 0.0000000000
124801  46.430  35.968  -8.993 0.0000000000
124802  46.548  36.354  -9.759 0.0000000000
124803  47.528  35.061  -9.307 0.0000000000
124804  47.053  35.853  -9.890 0.0000000000
124805  46.747  36.760  -10.428 0.0000000000
124806  46.914  37.144  -10.985 0.0000000000
124807  47.040  37.357  -11.533 0.0000000000
124808  47.041  37.544  -12.031 0.0000000000
129752  51.948  32.167  -1.084 0.0000000000
129753  51.815  32.304  -1.548 0.0000000000
129754  51.819  31.560  -1.318 0.0000000000
129755  51.543  31.004  -1.434 0.0000000000
129756  51.084  30.542  -1.395 0.0000000000
129757  51.087  29.886  -0.623 0.0000000000
129758  50.734  29.986  -0.968 0.0000000000
129759  50.367  30.175  -1.268 0.0000000000
129760  49.558  30.032  -0.980 0.0000000000
129761  48.668  29.951  -0.675 0.0000000000
129762  47.704  29.877  -0.296 0.0000000000
129763  49.941  28.513  1.342 0.0000000000
129764  49.346  28.718  1.172 0.0000000000
129765  48.751  28.856  1.042 0.0000000000
129766  47.510  28.534  1.987 0.0000000000
129767  47.838  28.776  1.406 0.0000000000
129768  48.158  29.025  0.782 0.0000000000
129769  47.606  29.280  0.514 0.0000000000
129770  47.127  29.592  0.317 0.0000000000
129771  46.825  29.944  0.080 0.0000000000
129772  45.962  29.913  0.483 0.0000000000
129773  45.117  29.843  0.864 0.0000000000
129774  44.346  29.839  1.158 0.0000000000
129775  44.302  29.067  1.951 0.0000000000
129776  43.912  29.402  1.753 0.0000000000
134284  48.989  32.482  -8.752 0.0000000000
134285  49.123  32.833  -9.357 0.0000000000
134286  48.815  32.494  -9.362 0.0000000000
134287  48.722  32.460  -9.954 0.0000000000
134288  48.494  32.404  -10.454 0.0000000000
134289  47.718  31.827  -9.574 0.0000000000
134290  48.163  32.024  -10.281 0.0000000000
134291  48.325  32.394  -10.893 0.0000000000
134292  48.095  32.304  -11.285 0.0000000000
134295  44.184  31.055  -7.509 0.0000000000
134296  45.052  31.100  -8.518 0.0000000000
134297  45.875  31.188  -9.493 0.0000000000
134299  45.704  31.066  -9.726 0.0000000000
134300  46.521  31.286  -10.275 0.0000000000
140978  41.501  39.138  -4.609 0.0000000000
140979  41.601  39.323  -5.335 0.0000000000
140980  42.115  38.684  -4.972 0.0000000000
140981  42.753  38.194  -5.366 0.0000000000
140982  43.436  37.694  -5.743 0.0000000000
140983  44.263  37.404  -4.710 0.0000000000
140984  44.176  37.282  -5.393 0.0000000000
140985  44.071  37.185  -6.020 0.0000000000
140986  44.749  36.811  -6.244 0.0000000000
140987  45.417  36.392  -6.451 0.0000000000
140988  46.147  36.013  -6.676 0.0000000000
140989  48.231  36.752  -3.665 0.0000000000
140990  48.051  36.478  -4.240 0.0000000000
140991  47.912  36.235  -4.772 0.0000000000
140992  49.346  35.451  -4.961 0.0000000000
140993  48.568  35.788  -5.083 0.0000000000
140994  47.672  35.994  -5.288 0.0000000000
140995  47.339  35.820  -5.781 0.0000000000
140996  47.071  35.663  -6.258 0.0000000000
140997  46.779  35.610  -6.881 0.0000000000
140998  47.391  35.216  -7.141 0.0000000000
140999  48.044  34.848  -7.395 0.0000000000
141000  48.688  34.447  -7.590 0.0000000000
141001  49.625  34.205  -6.936 0.0000000000
141002  49.409  34.112  -7.368 0.0000000000
141003  49.179  33.991  -7.836 0.0000000000
141004  49.509  33.548  -8.014 0.0000000000
141005  49.521  33.104  -8.093 0.0000000000
141006  49.433  32.748  -8.124 0.0000000000
141007  51.666  32.414  -2.011 0.0000000000
141008  51.525  32.499  -2.499 0.0000000000
141009  51.312  32.613  -2.894 0.0000000000
141010  50.747  31.598  -2.436 0.0000000000
141011  50.957  32.140  -2.903 0.0000000000
141012  51.063  32.664  -3.295 0.0000000000
141013  50.843  32.670  -3.733 0.0000000000
141014  50.617  32.607  -4.165 0.0000000000
141015  50.372  32.511  -4.631 0.0000000000
141016  47.615  30.952  -1.335 0.0000000000
141017  48.051  31.251  -1.907 0.0000000000
141018  48.568  31.532  -2.546 0.0000000000
141019  47.345  31.630  -2.651 0.0000000000
141020  48.230  31.700  -2.882 0.0000000000
141021  49.018  31.792  -3.184 0.0000000000
141022  49.408  32.010  -3.802 0.0000000000
141023  49.786  32.210  -4.426 0.0000000000
141024  50.143  32.445  -5.044 0.0000000000
141025  49.935  32.442  -5.436 0.0000000000
141026  49.826  32.450  -5.875 0.0000000000
141027  49.677  32.440  -6.283 0.0000000000
141028  48.461  32.140  -5.395 0.0000000000
141029  49.052  32.217  -6.079 0.0000000000
141030  49.548  32.437  -6.693 0.0000000000
141031  49.366  32.443  -7.097 0.0000000000
141032  49.180  32.435  -7.560 0.0000000000
141033  49.098  32.464  -8.144 0.0000000000
141034  48.550  32.275  -8.096 0.0000000000
141035  47.927  32.119  -7.994 0.0000000000
141036  47.130  32.027  -7.703 0.0000000000
141037  46.485  32.297  -6.463 0.0000000000
141038  46.381  32.110  -6.920 0.0000000000
141039  46.298  31.902  -7.377 0.0000000000
141040  45.500  31.832  -7.128 0.0000000000
141041  44.588  31.728  -6.647 0.0000000000
141042  43.661  31.582  -6.083 0.0000000000
141043  43.929  32.361  -3.472 0.0000000000
141044  43.712  32.349  -3.941 0.0000000000
141045  43.500  32.295  -4.373 0.0000000000
141046  42.033  32.205  -3.023 0.0000000000
141047  42.690  32.218  -3.909 0.0000000000
141048  43.371  32.182  -4.752 0.0000000000
141049  43.159  31.978  -5.029 0.0000000000
141050  42.941  31.725  -5.278 0.0000000000
141051  42.729  31.454  -5.461 0.0000000000
141052  41.773  31.314  -4.747 0.0000000000
145907  40.166  42.065  -4.670 0.0000000000
145908  40.207  41.150  -4.632 0.0000000000
145909  40.444  40.281  -4.490 0.0000000000
145989  40.358  39.994  -3.930 0.0000000000
145990  40.886  39.503  -4.279 0.0000000000
145991  41.481  38.958  -4.006 0.0000000000
145992  42.220  38.494  -3.701 0.0000000000
145993  43.054  38.190  -3.412 0.0000000000
145994  42.599  38.532  -2.637 0.0000000000
145995  43.251  38.298  -2.902 0.0000000000
145996  43.948  38.028  -3.166 0.0000000000
145997  44.925  37.884  -2.951 0.0000000000
145998  45.850  37.773  -2.597 0.0000000000
145999  46.823  37.668  -2.307 0.0000000000
146006  46.340  37.926  -1.486 0.0000000000
146007  47.046  37.751  -1.744 0.0000000000
146008  47.728  37.456  -2.090 0.0000000000
146009  48.548  37.105  -1.930 0.0000000000
146010  49.336  36.641  -1.796 0.0000000000
146011  49.978  35.903  -1.654 0.0000000000
146012  49.194  35.875  -1.011 0.0000000000
146013  49.947  35.597  -1.244 0.0000000000
146014  50.545  35.257  -1.510 0.0000000000
146015  50.997  34.632  -1.362 0.0000000000
146016  51.352  33.986  -1.216 0.0000000000
146017  51.689  33.276  -1.079 0.0000000000
146030  49.319  34.327  3.351 0.0000000000
146031  48.663  34.628  3.081 0.0000000000
146036  48.857  34.659  0.753 0.0000000000
146037  49.583  34.442  0.460 0.0000000000
146038  50.324  34.227  0.194 0.0000000000
146039  50.838  33.597  0.968 0.0000000000
146040  50.959  33.729  0.430 0.0000000000
146041  50.907  33.959  -0.062 0.0000000000
146042  51.383  33.578  -0.354 0.0000000000
146043  51.725  33.092  -0.611 0.0000000000
146044  51.902  32.636  -0.863 0.0000000000
146045  52.093  31.930  -0.688 0.0000000000
146046  52.176  31.278  -0.467 0.0000000000
146047  52.165  30.711  -0.182 0.0000000000
146048  52.383  31.058  0.436 0.0000000000
146049  52.337  30.600  0.273 0.0000000000
146050  52.147  30.160  0.152 0.0000000000
146051  52.106  29.678  0.528 0.0000000000
146052  51.977  29.210  0.869 0.0000000000
146053  51.806  28.760  1.260 0.0000000000
146061  52.087  28.607  1.655 0.0000000000
146062  51.609  28.341  1.725 0.0000000000
153958  41.749  39.646  -5.979 0.0000000000
153959  41.947  40.074  -6.601 0.0000000000
153960  42.256  40.546  -7.138 0.0000000000
153961  42.985  38.880  -7.422 0.0000000000
153962  42.713  39.973  -7.563 0.0000000000
153963  42.668  41.064  -7.704 0.0000000000
153964  43.143  41.574  -8.206 0.0000000000
153965  43.632  41.983  -8.691 0.0000000000
153966  44.092  42.361  -9.163 0.0000000000
153967  45.240  36.991  -8.606 0.0000000000
153968  44.880  37.962  -9.093 0.0000000000
153969  44.695  38.929  -9.398 0.0000000000
153970  45.641  38.906  -10.286 0.0000000000
153971  45.142  39.446  -9.932 0.0000000000
153972  44.607  39.918  -9.597 0.0000000000
153973  44.586  40.899  -9.610 0.0000000000
153974  44.518  41.811  -9.649 0.0000000000
153985  49.015  33.302  -9.992 0.0000000000
153986  48.695  33.863  -10.493 0.0000000000
153987  48.259  34.458  -10.943 0.0000000000
153988  48.272  33.898  -11.516 0.0000000000
153989  48.127  34.554  -11.496 0.0000000000
153990  47.865  35.124  -11.371 0.0000000000
153991  47.559  35.903  -11.772 0.0000000000
153992  47.266  36.769  -12.147 0.0000000000
