#!ascii label  , from subject fsaverage vox2ras=TkReg
1985
145  37.599  -29.330  12.569 0.0000000000
146  59.355  -31.619  10.173 0.0000000000
318  45.093  -37.150  17.710 0.0000000000
319  56.480  -36.409  18.049 0.0000000000
590  42.383  -23.404  7.683 0.0000000000
591  51.135  -23.287  4.070 0.0000000000
593  46.929  -31.255  8.915 0.0000000000
798  49.634  -37.862  23.008 0.0000000000
799  55.305  -38.122  22.313 0.0000000000
800  60.587  -36.805  18.482 0.0000000000
801  59.756  -37.894  23.198 0.0000000000
1308  35.340  -27.595  9.237 0.0000000000
1309  39.979  -26.192  10.456 0.0000000000
1310  47.213  -22.882  7.022 0.0000000000
1311  44.202  -26.603  7.664 0.0000000000
1315  51.567  -34.540  13.353 0.0000000000
1316  45.654  -34.890  12.601 0.0000000000
1317  53.112  -31.212  9.505 0.0000000000
1318  54.858  -27.092  7.427 0.0000000000
1725  44.688  -36.943  23.050 0.0000000000
1726  50.434  -36.853  17.918 0.0000000000
1727  57.673  -34.231  14.185 0.0000000000
2405  38.005  -26.733  5.390 0.0000000000
2412  35.778  -32.623  15.285 0.0000000000
2413  40.181  -36.425  18.031 0.0000000000
2414  40.360  -34.641  12.772 0.0000000000
2415  41.709  -30.943  8.985 0.0000000000
2416  48.962  -27.305  6.350 0.0000000000
2417  56.647  -23.224  5.991 0.0000000000
2720  57.663  -38.047  22.617 0.0000000000
3227  35.214  -29.050  13.361 0.0000000000
3228  36.420  -28.103  11.592 0.0000000000
3229  38.856  -27.782  11.532 0.0000000000
3230  42.488  -26.288  9.685 0.0000000000
3231  40.985  -28.141  10.230 0.0000000000
3235  55.383  -33.051  11.640 0.0000000000
3236  52.196  -32.960  11.298 0.0000000000
3237  56.306  -31.466  9.585 0.0000000000
3238  57.211  -29.626  7.846 0.0000000000
3835  52.960  -37.371  20.370 0.0000000000
3836  49.890  -37.496  20.472 0.0000000000
3837  53.400  -36.565  18.132 0.0000000000
3838  54.006  -35.576  15.841 0.0000000000
3839  57.037  -35.286  16.272 0.0000000000
3840  60.162  -34.042  14.976 0.0000000000
3841  59.588  -35.320  16.577 0.0000000000
3842  62.234  -37.510  19.153 0.0000000000
5365  39.007  -26.162  8.172 0.0000000000
5366  36.667  -27.135  7.314 0.0000000000
5367  40.270  -25.447  6.334 0.0000000000
5371  46.053  -21.149  7.417 0.0000000000
5372  48.794  -23.012  4.784 0.0000000000
5373  50.026  -21.026  4.362 0.0000000000
5374  52.292  -21.347  3.087 0.0000000000
5376  54.798  -21.454  3.601 0.0000000000
5384  35.701  -33.572  17.257 0.0000000000
5385  42.732  -36.865  20.454 0.0000000000
5386  40.658  -36.108  20.721 0.0000000000
5387  42.574  -36.960  17.745 0.0000000000
5388  46.213  -33.160  10.603 0.0000000000
5389  42.869  -34.990  12.488 0.0000000000
5390  43.448  -33.185  10.409 0.0000000000
5391  40.932  -32.919  10.677 0.0000000000
5392  44.314  -31.289  8.580 0.0000000000
5393  45.253  -29.269  7.029 0.0000000000
5394  47.924  -29.307  7.575 0.0000000000
5395  58.955  -25.305  6.518 0.0000000000
5396  55.718  -25.043  6.943 0.0000000000
6044  47.107  -37.072  25.485 0.0000000000
6045  49.528  -37.827  25.544 0.0000000000
6046  52.457  -37.990  22.694 0.0000000000
6047  55.651  -37.416  20.071 0.0000000000
6048  58.824  -36.432  18.249 0.0000000000
6049  57.978  -37.425  20.208 0.0000000000
6050  60.030  -37.548  20.482 0.0000000000
6051  61.668  -37.922  21.451 0.0000000000
6962  32.349  -26.683  11.306 0.0000000000
6963  34.001  -28.003  11.348 0.0000000000
6964  37.740  -27.051  9.917 0.0000000000
6965  41.228  -24.666  9.140 0.0000000000
6966  45.002  -22.876  8.306 0.0000000000
6967  43.827  -24.505  9.115 0.0000000000
6968  45.732  -24.698  7.480 0.0000000000
6969  47.481  -25.007  5.412 0.0000000000
6975  48.038  -36.101  15.333 0.0000000000
6976  45.340  -36.257  14.963 0.0000000000
6977  48.573  -34.681  13.025 0.0000000000
6978  49.169  -32.964  11.076 0.0000000000
6979  50.060  -31.051  9.328 0.0000000000
6980  50.789  -29.120  7.946 0.0000000000
6981  53.986  -29.317  8.195 0.0000000000
6982  58.145  -27.426  6.739 0.0000000000
7860  34.412  -29.932  15.008 0.0000000000
7864  42.946  -36.002  22.964 0.0000000000
7865  44.855  -37.392  20.362 0.0000000000
7866  46.996  -37.675  22.934 0.0000000000
7867  47.253  -37.615  20.357 0.0000000000
7868  47.718  -37.042  17.806 0.0000000000
7869  50.971  -35.813  15.607 0.0000000000
7870  54.585  -34.390  13.741 0.0000000000
7871  58.516  -32.942  12.191 0.0000000000
7873  60.931  -33.057  13.090 0.0000000000
7876  61.422  -35.922  16.697 0.0000000000
9769  33.315  -26.565  9.120 0.0000000000
9778  48.486  -21.065  6.801 0.0000000000
9792  36.485  -31.063  13.667 0.0000000000
9795  37.990  -35.379  18.608 0.0000000000
9796  42.614  -36.300  14.925 0.0000000000
9797  40.103  -35.901  15.256 0.0000000000
9798  37.706  -35.028  16.021 0.0000000000
9799  37.966  -33.945  13.738 0.0000000000
9800  38.655  -32.170  11.730 0.0000000000
9801  39.684  -30.135  10.627 0.0000000000
9802  42.784  -28.757  7.892 0.0000000000
9803  46.340  -27.139  5.946 0.0000000000
9804  50.164  -25.389  5.318 0.0000000000
9805  51.602  -27.168  7.148 0.0000000000
9806  52.718  -25.205  6.345 0.0000000000
9807  53.841  -23.298  4.963 0.0000000000
9808  57.727  -21.582  4.788 0.0000000000
10907  36.387  -29.201  13.120 0.0000000000
10908  36.930  -28.592  12.403 0.0000000000
10909  38.183  -28.595  12.054 0.0000000000
10910  39.986  -27.907  11.074 0.0000000000
10911  39.298  -28.772  11.452 0.0000000000
10915  57.369  -32.314  10.844 0.0000000000
10916  55.878  -32.266  10.567 0.0000000000
10917  57.816  -31.568  9.830 0.0000000000
10918  58.214  -30.748  8.851 0.0000000000
10919  59.650  -30.841  9.179 0.0000000000
11515  54.683  -37.027  19.103 0.0000000000
11516  53.235  -37.012  19.230 0.0000000000
11517  54.978  -36.479  18.078 0.0000000000
11518  55.267  -35.935  17.124 0.0000000000
11519  56.773  -35.819  17.138 0.0000000000
11520  58.306  -35.234  16.486 0.0000000000
11521  58.076  -35.805  17.269 0.0000000000
11522  62.660  -37.995  19.435 0.0000000000
13045  40.647  -24.765  7.848 0.0000000000
13046  39.664  -25.735  7.259 0.0000000000
13047  41.269  -24.302  6.976 0.0000000000
13048  41.812  -23.917  6.098 0.0000000000
13049  42.914  -22.864  6.953 0.0000000000
13050  44.734  -21.515  7.018 0.0000000000
13051  44.197  -22.268  7.637 0.0000000000
13052  49.950  -23.196  4.141 0.0000000000
13053  50.479  -22.119  3.729 0.0000000000
13054  51.663  -22.347  3.532 0.0000000000
13055  53.630  -21.396  3.206 0.0000000000
13056  52.951  -22.372  3.738 0.0000000000
13064  35.864  -33.776  18.439 0.0000000000
13065  43.783  -37.250  19.051 0.0000000000
13066  42.628  -37.014  19.130 0.0000000000
13067  43.844  -37.064  17.654 0.0000000000
13068  46.577  -32.181  9.733 0.0000000000
13069  44.850  -33.170  10.425 0.0000000000
13070  45.198  -32.230  9.552 0.0000000000
13071  43.846  -32.262  9.482 0.0000000000
13072  45.672  -31.293  8.728 0.0000000000
13073  46.109  -30.367  7.950 0.0000000000
13074  47.443  -30.269  8.196 0.0000000000
13913  48.388  -37.232  26.774 0.0000000000
13915  53.661  -38.332  23.832 0.0000000000
13916  52.237  -38.235  23.998 0.0000000000
13917  53.884  -38.080  22.540 0.0000000000
13918  54.013  -37.769  21.280 0.0000000000
13919  55.331  -37.903  21.112 0.0000000000
13920  56.822  -37.401  20.149 0.0000000000
13921  56.516  -37.863  21.171 0.0000000000
13922  58.776  -38.002  22.836 0.0000000000
13923  58.778  -37.791  21.503 0.0000000000
13924  59.774  -37.765  21.787 0.0000000000
13925  60.924  -37.689  20.915 0.0000000000
13926  60.701  -37.768  22.264 0.0000000000
15443  32.610  -27.589  12.386 0.0000000000
15444  33.447  -28.165  12.459 0.0000000000
15445  38.215  -27.213  11.028 0.0000000000
15446  37.079  -27.586  10.773 0.0000000000
15447  38.799  -26.523  10.343 0.0000000000
15448  39.419  -25.811  9.539 0.0000000000
15449  40.552  -25.419  9.842 0.0000000000
15450  42.516  -24.524  9.362 0.0000000000
15451  41.867  -25.309  9.882 0.0000000000
15452  43.432  -26.451  8.772 0.0000000000
15453  44.221  -25.489  8.630 0.0000000000
15454  44.975  -25.640  7.588 0.0000000000
15455  46.538  -24.815  6.300 0.0000000000
15456  45.716  -25.838  6.470 0.0000000000
15465  49.737  -35.345  14.332 0.0000000000
15466  48.328  -35.440  14.106 0.0000000000
15467  50.054  -34.643  13.238 0.0000000000
15468  52.640  -32.081  10.355 0.0000000000
15469  50.652  -32.902  11.239 0.0000000000
15470  51.113  -31.980  10.343 0.0000000000
15471  49.573  -32.017  10.158 0.0000000000
15472  51.548  -31.051  9.541 0.0000000000
15473  51.908  -30.155  8.782 0.0000000000
15474  53.555  -30.268  8.798 0.0000000000
15475  59.154  -28.875  7.131 0.0000000000
15476  57.668  -28.559  7.139 0.0000000000
15478  60.069  -26.517  6.145 0.0000000000
17255  33.377  -29.406  15.332 0.0000000000
17256  33.226  -29.709  16.210 0.0000000000
17260  43.936  -35.959  24.164 0.0000000000
17261  43.204  -35.292  24.015 0.0000000000
17262  43.754  -36.474  23.078 0.0000000000
17263  43.676  -36.916  21.793 0.0000000000
17264  44.754  -37.283  21.762 0.0000000000
17265  48.259  -37.673  24.271 0.0000000000
17266  46.996  -37.394  24.242 0.0000000000
17267  48.262  -37.763  23.002 0.0000000000
17268  50.176  -37.241  19.125 0.0000000000
17269  48.530  -37.604  20.365 0.0000000000
17270  48.801  -37.329  19.084 0.0000000000
17271  47.479  -37.388  19.116 0.0000000000
17272  49.023  -36.942  17.903 0.0000000000
17273  49.303  -36.461  16.704 0.0000000000
17274  50.713  -36.374  16.740 0.0000000000
17275  55.803  -34.907  14.993 0.0000000000
17276  54.324  -34.967  14.784 0.0000000000
17277  56.166  -34.315  13.960 0.0000000000
17278  56.560  -33.669  12.893 0.0000000000
17279  58.097  -33.615  13.109 0.0000000000
17280  59.720  -33.018  12.577 0.0000000000
17281  59.331  -33.589  13.606 0.0000000000
17282  61.325  -34.268  15.153 0.0000000000
17287  59.678  -36.574  18.270 0.0000000000
17288  60.091  -36.101  17.403 0.0000000000
17289  60.939  -36.395  17.525 0.0000000000
21855  33.572  -27.363  10.216 0.0000000000
21856  32.810  -26.622  10.176 0.0000000000
21857  34.208  -27.231  9.135 0.0000000000
21858  37.364  -26.927  6.333 0.0000000000
21859  35.463  -26.945  7.116 0.0000000000
21860  36.114  -26.794  6.137 0.0000000000
21877  46.237  -22.857  7.933 0.0000000000
21878  46.863  -21.982  7.651 0.0000000000
21879  47.889  -22.009  6.863 0.0000000000
21880  51.696  -20.153  3.274 0.0000000000
21881  50.721  -20.031  4.405 0.0000000000
21910  34.815  -32.301  17.009 0.0000000000
21912  34.892  -31.795  16.142 0.0000000000
21913  35.114  -31.155  15.311 0.0000000000
21914  36.043  -31.907  14.440 0.0000000000
21918  40.372  -36.382  19.322 0.0000000000
21919  39.636  -35.554  20.868 0.0000000000
21920  39.262  -35.883  19.638 0.0000000000
21921  38.292  -35.241  19.844 0.0000000000
21922  39.042  -35.965  18.254 0.0000000000
21923  45.528  -35.645  13.744 0.0000000000
21924  43.939  -36.336  14.941 0.0000000000
21925  44.021  -35.742  13.699 0.0000000000
21926  41.580  -34.865  12.589 0.0000000000
21927  41.454  -35.602  13.770 0.0000000000
21928  40.205  -35.361  13.950 0.0000000000
21929  38.897  -35.524  15.571 0.0000000000
21930  38.964  -35.020  14.321 0.0000000000
21931  37.788  -34.566  14.838 0.0000000000
21932  39.110  -34.370  13.238 0.0000000000
21933  41.349  -31.962  9.761 0.0000000000
21934  39.774  -32.619  11.097 0.0000000000
21935  40.161  -31.609  10.276 0.0000000000
21936  39.123  -31.159  11.065 0.0000000000
21937  40.701  -30.554  9.615 0.0000000000
21938  41.249  -29.469  9.227 0.0000000000
21939  42.225  -29.849  8.350 0.0000000000
21940  47.108  -28.353  6.555 0.0000000000
21941  45.821  -28.190  6.412 0.0000000000
21942  47.697  -27.300  5.997 0.0000000000
21943  48.254  -26.317  5.503 0.0000000000
21944  49.627  -26.321  5.864 0.0000000000
21945  52.789  -28.099  7.649 0.0000000000
21946  51.187  -28.163  7.540 0.0000000000
21947  53.194  -27.045  7.326 0.0000000000
21948  56.146  -24.091  6.565 0.0000000000
21949  54.151  -25.052  6.764 0.0000000000
21950  54.617  -24.158  6.231 0.0000000000
21951  53.303  -24.236  5.709 0.0000000000
21952  55.167  -23.290  5.567 0.0000000000
21953  55.755  -22.447  4.845 0.0000000000
21954  57.226  -22.419  5.385 0.0000000000
23327  55.198  -38.335  23.598 0.0000000000
23328  56.499  -38.147  22.418 0.0000000000
23329  56.411  -38.304  23.746 0.0000000000
23330  57.729  -38.182  23.936 0.0000000000
24241  33.999  -28.787  13.514 0.0000000000
24242  34.576  -28.541  12.461 0.0000000000
24243  35.779  -28.599  12.492 0.0000000000
24244  37.646  -27.914  11.713 0.0000000000
24245  39.472  -26.957  11.016 0.0000000000
24246  41.277  -26.160  10.269 0.0000000000
24247  40.714  -27.041  10.626 0.0000000000
24248  41.759  -27.219  9.939 0.0000000000
24249  42.653  -27.363  8.939 0.0000000000
24255  53.463  -33.754  12.449 0.0000000000
24256  51.889  -33.778  12.304 0.0000000000
24257  53.864  -32.962  11.362 0.0000000000
24258  54.249  -32.224  10.388 0.0000000000
24259  54.818  -31.325  9.441 0.0000000000
24260  55.227  -30.429  8.648 0.0000000000
24261  56.800  -30.601  8.677 0.0000000000
25334  44.843  -36.507  24.218 0.0000000000
25335  51.251  -37.717  21.577 0.0000000000
25336  49.737  -37.704  21.711 0.0000000000
25337  51.427  -37.409  20.444 0.0000000000
25338  51.654  -37.105  19.236 0.0000000000
25339  51.880  -36.733  17.982 0.0000000000
25340  52.192  -36.266  16.849 0.0000000000
25341  53.698  -36.135  16.976 0.0000000000
25342  55.555  -35.419  16.028 0.0000000000
25343  57.285  -34.785  15.260 0.0000000000
25344  58.930  -34.132  14.614 0.0000000000
25345  58.534  -34.684  15.585 0.0000000000
25346  59.813  -34.682  15.804 0.0000000000
25347  60.963  -34.944  15.763 0.0000000000
25348  61.488  -37.146  18.780 0.0000000000
25349  61.878  -36.768  17.867 0.0000000000
25350  62.631  -37.098  18.162 0.0000000000
25351  63.438  -37.333  17.451 0.0000000000
28089  37.213  -27.221  8.619 0.0000000000
28090  35.977  -27.361  8.293 0.0000000000
28091  37.929  -26.894  7.675 0.0000000000
28092  38.599  -26.565  6.749 0.0000000000
28093  39.249  -26.263  5.816 0.0000000000
28095  40.903  -25.057  5.426 0.0000000000
28102  47.927  -22.938  5.827 0.0000000000
28103  48.627  -22.014  5.692 0.0000000000
28104  49.382  -22.035  4.524 0.0000000000
28105  51.046  -21.136  3.451 0.0000000000
28123  34.851  -32.601  18.041 0.0000000000
28124  35.643  -33.173  16.251 0.0000000000
28125  41.876  -36.049  21.855 0.0000000000
28126  40.960  -35.633  21.916 0.0000000000
28127  41.682  -36.505  20.591 0.0000000000
28128  41.503  -36.741  19.218 0.0000000000
28129  41.337  -36.749  17.797 0.0000000000
28130  45.903  -34.062  11.570 0.0000000000
28131  44.245  -34.965  12.504 0.0000000000
28132  44.505  -34.079  11.431 0.0000000000
28133  43.140  -34.101  11.402 0.0000000000
28134  41.811  -34.030  11.491 0.0000000000
28135  40.580  -33.826  11.703 0.0000000000
28136  42.152  -33.138  10.496 0.0000000000
28137  42.527  -32.188  9.525 0.0000000000
28138  43.013  -31.171  8.590 0.0000000000
28139  43.455  -30.155  7.832 0.0000000000
28140  44.771  -30.310  7.756 0.0000000000
28141  46.562  -29.356  7.216 0.0000000000
28142  48.373  -28.300  6.933 0.0000000000
28143  56.888  -26.203  7.063 0.0000000000
28144  55.323  -26.062  7.217 0.0000000000
28145  57.343  -25.169  6.904 0.0000000000
28146  57.750  -24.160  6.651 0.0000000000
28147  58.191  -23.227  6.238 0.0000000000
28148  58.751  -22.406  5.714 0.0000000000
29462  46.315  -36.031  26.558 0.0000000000
29463  47.282  -36.671  26.699 0.0000000000
29464  48.287  -37.470  25.544 0.0000000000
29465  49.593  -37.864  24.274 0.0000000000
29467  50.905  -38.071  24.124 0.0000000000
29468  51.022  -37.930  22.818 0.0000000000
29469  52.680  -37.669  21.465 0.0000000000
29470  54.324  -37.397  20.188 0.0000000000
29471  56.081  -36.991  19.016 0.0000000000
29472  57.707  -36.413  18.132 0.0000000000
29473  57.216  -36.936  19.181 0.0000000000
29474  58.331  -36.944  19.215 0.0000000000
29475  59.213  -37.056  19.282 0.0000000000
29476  57.679  -37.805  21.332 0.0000000000
29477  58.960  -37.464  20.314 0.0000000000
29478  60.271  -37.187  19.426 0.0000000000
29479  61.197  -37.461  19.800 0.0000000000
29480  61.889  -37.775  20.246 0.0000000000
29481  62.362  -38.271  20.623 0.0000000000
31606  33.038  -27.462  11.290 0.0000000000
31607  34.664  -27.864  10.277 0.0000000000
31608  35.165  -28.242  11.493 0.0000000000
31609  35.884  -27.887  10.470 0.0000000000
31610  36.563  -27.536  9.528 0.0000000000
31611  38.357  -26.574  9.040 0.0000000000
31612  39.989  -25.301  8.714 0.0000000000
31613  41.772  -24.027  8.462 0.0000000000
31614  43.700  -22.995  8.220 0.0000000000
31615  43.006  -23.762  8.810 0.0000000000
31616  44.415  -23.670  8.737 0.0000000000
31617  45.585  -23.708  8.243 0.0000000000
31618  43.174  -25.359  9.419 0.0000000000
31619  44.912  -24.581  8.423 0.0000000000
31620  46.482  -23.810  7.270 0.0000000000
31621  47.215  -23.871  6.102 0.0000000000
31622  48.134  -24.013  5.155 0.0000000000
31623  49.283  -24.192  4.615 0.0000000000
31634  36.690  -33.457  20.539 0.0000000000
31635  46.465  -36.742  16.470 0.0000000000
31636  45.146  -36.800  16.270 0.0000000000
31637  46.685  -36.198  15.152 0.0000000000
31638  46.920  -35.518  13.948 0.0000000000
31639  47.098  -34.784  12.811 0.0000000000
31640  50.333  -33.806  12.192 0.0000000000
31641  48.775  -33.853  12.018 0.0000000000
31642  47.348  -33.960  11.776 0.0000000000
31643  47.646  -33.069  10.808 0.0000000000
31644  48.048  -32.122  9.902 0.0000000000
31645  48.398  -31.165  9.096 0.0000000000
31646  48.852  -30.199  8.377 0.0000000000
31647  50.394  -30.108  8.576 0.0000000000
31648  52.338  -29.176  8.123 0.0000000000
31649  54.471  -28.185  7.682 0.0000000000
31650  55.608  -29.494  8.032 0.0000000000
31651  56.089  -28.399  7.460 0.0000000000
31652  56.508  -27.266  7.203 0.0000000000
31653  58.504  -26.259  6.546 0.0000000000
31654  60.528  -25.449  6.028 0.0000000000
33952  33.636  -29.112  14.434 0.0000000000
33953  34.731  -29.495  14.256 0.0000000000
33954  35.905  -29.780  13.785 0.0000000000
33962  42.208  -35.459  22.923 0.0000000000
33963  42.787  -36.533  21.779 0.0000000000
33964  43.737  -37.174  20.451 0.0000000000
33965  44.978  -37.356  19.035 0.0000000000
33966  46.014  -36.521  25.423 0.0000000000
33967  45.864  -37.056  24.227 0.0000000000
33968  45.830  -37.409  22.979 0.0000000000
33969  48.374  -37.788  21.679 0.0000000000
33970  47.106  -37.744  21.621 0.0000000000
33971  45.863  -37.551  21.650 0.0000000000
33972  46.002  -37.532  20.348 0.0000000000
33973  46.213  -37.373  19.020 0.0000000000
33974  46.395  -37.122  17.740 0.0000000000
33975  47.856  -36.609  16.595 0.0000000000
33976  49.497  -35.907  15.467 0.0000000000
33977  51.232  -35.200  14.413 0.0000000000
33978  52.499  -35.666  15.713 0.0000000000
33979  52.766  -35.067  14.601 0.0000000000
33980  53.045  -34.466  13.522 0.0000000000
33981  55.027  -33.717  12.602 0.0000000000
33982  56.961  -33.007  11.888 0.0000000000
33983  58.918  -32.324  11.194 0.0000000000
33984  60.448  -31.782  10.652 0.0000000000
33985  60.101  -32.400  11.646 0.0000000000
33986  61.265  -32.481  12.093 0.0000000000
33988  60.516  -33.515  14.128 0.0000000000
33994  59.280  -35.877  17.293 0.0000000000
33995  60.581  -35.558  16.543 0.0000000000
33996  61.930  -35.353  15.878 0.0000000000
33998  62.851  -35.855  16.102 0.0000000000
39544  34.833  -27.065  8.064 0.0000000000
39545  33.832  -26.490  8.055 0.0000000000
39568  45.588  -22.014  7.870 0.0000000000
39569  47.326  -21.067  7.402 0.0000000000
39570  48.990  -20.050  6.639 0.0000000000
39571  49.298  -21.045  5.646 0.0000000000
39610  34.169  -30.438  15.914 0.0000000000
39611  35.423  -30.503  14.544 0.0000000000
39612  37.009  -30.205  13.079 0.0000000000
39616  40.065  -35.046  21.996 0.0000000000
39620  37.415  -34.458  20.131 0.0000000000
39621  36.995  -34.584  19.031 0.0000000000
39622  43.815  -36.789  16.293 0.0000000000
39623  42.549  -36.737  16.322 0.0000000000
39624  41.358  -36.596  16.371 0.0000000000
39625  42.764  -35.703  13.614 0.0000000000
39626  41.296  -36.170  15.047 0.0000000000
39627  40.121  -36.294  16.551 0.0000000000
39628  38.916  -35.891  16.896 0.0000000000
39629  37.708  -35.312  17.389 0.0000000000
39630  36.779  -34.638  17.811 0.0000000000
39631  36.644  -34.395  16.634 0.0000000000
39632  36.709  -33.973  15.418 0.0000000000
39633  36.847  -33.382  14.435 0.0000000000
39634  39.324  -33.576  12.161 0.0000000000
39635  38.230  -33.130  12.712 0.0000000000
39636  37.145  -32.568  13.455 0.0000000000
39637  37.567  -31.616  12.637 0.0000000000
39638  38.105  -30.681  12.058 0.0000000000
39639  38.716  -29.752  11.677 0.0000000000
39640  40.375  -29.112  10.375 0.0000000000
39641  41.919  -28.424  9.013 0.0000000000
39642  43.467  -27.646  7.727 0.0000000000
39643  43.890  -29.113  7.222 0.0000000000
39644  44.463  -27.927  6.749 0.0000000000
39645  45.102  -26.849  6.532 0.0000000000
39646  46.884  -26.142  5.655 0.0000000000
39647  48.815  -25.307  5.063 0.0000000000
39648  50.684  -24.349  4.687 0.0000000000
39649  49.338  -29.207  7.808 0.0000000000
39650  49.730  -28.235  7.309 0.0000000000
39651  50.237  -27.231  6.829 0.0000000000
39652  53.651  -26.062  7.079 0.0000000000
39653  52.139  -26.136  6.796 0.0000000000
39654  50.817  -26.222  6.333 0.0000000000
39655  51.450  -25.314  5.821 0.0000000000
39656  51.982  -24.334  5.150 0.0000000000
39657  52.485  -23.353  4.422 0.0000000000
39658  54.343  -22.388  4.241 0.0000000000
41627  36.984  -29.264  12.886 0.0000000000
41628  37.268  -28.924  12.594 0.0000000000
41629  37.893  -28.965  12.321 0.0000000000
41630  38.760  -28.668  11.789 0.0000000000
41631  38.444  -29.070  11.985 0.0000000000
41635  58.357  -31.990  10.490 0.0000000000
41636  57.610  -31.948  10.301 0.0000000000
41637  58.574  -31.595  9.949 0.0000000000
41638  58.753  -31.194  9.484 0.0000000000
41639  59.482  -31.232  9.666 0.0000000000
41640  60.210  -30.913  9.356 0.0000000000
41641  60.084  -31.298  9.869 0.0000000000
42235  55.569  -36.742  18.581 0.0000000000
42236  54.864  -36.756  18.575 0.0000000000
42237  55.754  -36.449  18.058 0.0000000000
42238  55.881  -36.149  17.580 0.0000000000
42239  56.659  -36.099  17.549 0.0000000000
42240  57.426  -35.768  17.185 0.0000000000
42241  57.254  -36.124  17.620 0.0000000000
42242  62.745  -38.346  19.581 0.0000000000
42243  62.891  -38.185  19.004 0.0000000000
42244  62.903  -38.550  19.081 0.0000000000
43765  41.497  -24.047  7.718 0.0000000000
43766  40.953  -24.520  7.440 0.0000000000
43767  41.815  -23.782  7.333 0.0000000000
43768  42.030  -23.589  6.947 0.0000000000
43769  42.651  -23.120  7.312 0.0000000000
43770  43.556  -22.497  7.314 0.0000000000
43771  43.279  -22.854  7.637 0.0000000000
43772  50.552  -23.211  4.039 0.0000000000
43773  50.786  -22.749  3.806 0.0000000000
43774  51.400  -22.825  3.806 0.0000000000
43775  52.319  -22.362  3.598 0.0000000000
43776  52.038  -22.855  3.873 0.0000000000
43780  36.103  -33.065  20.318 0.0000000000
43782  35.839  -33.187  19.811 0.0000000000
43783  35.600  -33.266  19.265 0.0000000000
43784  35.999  -33.724  19.048 0.0000000000
43785  44.452  -37.232  18.349 0.0000000000
43786  43.825  -37.160  18.347 0.0000000000
43787  44.495  -37.125  17.645 0.0000000000
43788  46.744  -31.729  9.331 0.0000000000
43789  45.877  -32.241  9.649 0.0000000000
43790  46.067  -31.750  9.223 0.0000000000
43791  45.419  -31.755  9.130 0.0000000000
43792  46.320  -31.251  8.799 0.0000000000
43793  46.525  -30.796  8.449 0.0000000000
43794  47.209  -30.767  8.546 0.0000000000
44635  54.529  -38.235  23.061 0.0000000000
44636  53.807  -38.223  23.150 0.0000000000
44637  54.614  -38.105  22.417 0.0000000000
44638  54.620  -37.993  21.813 0.0000000000
44639  55.326  -38.004  21.702 0.0000000000
44640  55.908  -37.868  21.118 0.0000000000
44641  55.888  -38.009  21.726 0.0000000000
44642  59.227  -37.967  23.031 0.0000000000
44643  59.231  -37.904  22.312 0.0000000000
44644  59.726  -37.836  22.521 0.0000000000
44645  60.238  -37.743  22.032 0.0000000000
44646  60.232  -37.792  22.707 0.0000000000
46164  33.230  -28.248  12.977 0.0000000000
46165  39.068  -26.674  10.779 0.0000000000
46166  38.487  -26.870  10.708 0.0000000000
46167  39.356  -26.329  10.445 0.0000000000
46168  39.626  -25.956  10.101 0.0000000000
46169  40.242  -25.796  10.193 0.0000000000
46170  41.193  -25.340  9.922 0.0000000000
46171  40.911  -25.734  10.171 0.0000000000
46172  43.835  -26.523  8.219 0.0000000000
46173  44.241  -26.043  8.182 0.0000000000
46174  44.562  -26.138  7.643 0.0000000000
46175  45.345  -25.722  7.019 0.0000000000
46176  44.939  -26.225  7.064 0.0000000000
46185  50.638  -34.950  13.846 0.0000000000
46186  49.899  -35.002  13.774 0.0000000000
46187  50.800  -34.590  13.301 0.0000000000
46188  52.906  -31.634  9.901 0.0000000000
46189  51.860  -32.026  10.348 0.0000000000
46190  52.103  -31.582  9.930 0.0000000000
46191  51.313  -31.542  9.934 0.0000000000
46192  52.273  -31.146  9.559 0.0000000000
46193  52.474  -30.678  9.188 0.0000000000
46194  53.283  -30.742  9.145 0.0000000000
46195  60.112  -28.484  6.804 0.0000000000
46196  59.399  -28.314  6.783 0.0000000000
47980  44.245  -36.491  23.643 0.0000000000
47981  43.817  -36.235  23.615 0.0000000000
47982  44.192  -36.766  23.015 0.0000000000
47983  44.181  -36.933  22.438 0.0000000000
47984  44.703  -37.138  22.403 0.0000000000
47985  48.924  -37.817  23.666 0.0000000000
47986  48.313  -37.761  23.607 0.0000000000
47987  48.939  -37.815  23.040 0.0000000000
47988  50.332  -37.073  18.499 0.0000000000
47989  49.447  -37.299  19.098 0.0000000000
47990  49.615  -37.112  18.476 0.0000000000
47991  48.898  -37.147  18.487 0.0000000000
47992  49.719  -36.895  17.911 0.0000000000
47993  49.851  -36.669  17.341 0.0000000000
47994  50.532  -36.614  17.358 0.0000000000
47995  56.725  -34.581  14.596 0.0000000000
47996  55.971  -34.629  14.482 0.0000000000
47997  56.906  -34.315  14.095 0.0000000000
47998  57.104  -33.991  13.506 0.0000000000
47999  57.885  -33.932  13.656 0.0000000000
48000  58.726  -33.614  13.358 0.0000000000
48001  58.524  -33.889  13.875 0.0000000000
48002  61.817  -34.477  15.110 0.0000000000
48003  62.035  -34.150  14.822 0.0000000000
48004  62.502  -34.412  14.840 0.0000000000
48006  62.978  -34.700  14.916 0.0000000000
48007  60.104  -36.665  18.341 0.0000000000
48008  60.323  -36.453  17.885 0.0000000000
48009  60.783  -36.594  18.006 0.0000000000
52575  34.397  -27.541  9.691 0.0000000000
52576  33.872  -27.307  9.675 0.0000000000
52577  34.733  -27.456  9.182 0.0000000000
52578  37.677  -26.821  5.865 0.0000000000
52579  36.732  -26.950  6.218 0.0000000000
52580  37.059  -26.830  5.733 0.0000000000
52581  36.458  -26.720  5.650 0.0000000000
52582  37.407  -26.742  5.253 0.0000000000
52597  46.761  -22.874  7.540 0.0000000000
52598  47.079  -22.444  7.417 0.0000000000
52599  47.561  -22.455  6.954 0.0000000000
52630  35.273  -32.499  16.155 0.0000000000
52631  34.853  -32.060  16.552 0.0000000000
52632  35.356  -32.228  15.703 0.0000000000
52633  35.427  -31.895  15.303 0.0000000000
52634  35.893  -32.293  14.847 0.0000000000
52637  40.974  -34.713  22.961 0.0000000000
52638  40.257  -36.415  18.677 0.0000000000
52639  39.780  -36.123  19.489 0.0000000000
52640  39.688  -36.186  18.814 0.0000000000
52641  39.150  -35.930  18.941 0.0000000000
52642  39.613  -36.208  18.123 0.0000000000
52643  45.581  -35.285  13.172 0.0000000000
52644  44.765  -35.712  13.719 0.0000000000
52645  44.796  -35.339  13.120 0.0000000000
52646  40.959  -34.767  12.667 0.0000000000
52647  40.873  -35.142  13.248 0.0000000000
52648  40.277  -35.028  13.354 0.0000000000
52649  39.589  -35.206  14.106 0.0000000000
52650  39.666  -34.858  13.499 0.0000000000
52651  39.028  -34.711  13.776 0.0000000000
52652  39.752  -34.508  12.957 0.0000000000
52653  41.547  -31.443  9.340 0.0000000000
52654  40.766  -31.783  9.960 0.0000000000
52655  40.939  -31.272  9.599 0.0000000000
52656  40.378  -31.082  9.944 0.0000000000
52657  41.190  -30.763  9.262 0.0000000000
52658  41.438  -30.214  8.968 0.0000000000
52659  41.990  -30.403  8.629 0.0000000000
52660  48.005  -27.847  6.395 0.0000000000
52661  47.418  -27.799  6.251 0.0000000000
52662  48.350  -27.313  6.138 0.0000000000
52663  48.657  -26.826  5.880 0.0000000000
52664  49.311  -26.812  6.094 0.0000000000
52665  53.854  -27.549  7.543 0.0000000000
52666  52.979  -27.557  7.476 0.0000000000
52667  54.019  -27.049  7.409 0.0000000000
52668  56.403  -23.639  6.276 0.0000000000
52669  55.409  -24.078  6.395 0.0000000000
52670  55.634  -23.677  6.105 0.0000000000
52671  54.901  -23.725  5.903 0.0000000000
52672  55.889  -23.284  5.803 0.0000000000
52673  56.168  -22.859  5.470 0.0000000000
52674  56.938  -22.834  5.677 0.0000000000
54237  54.270  -38.449  25.015 0.0000000000
54238  54.340  -38.385  24.338 0.0000000000
54239  55.115  -38.423  24.265 0.0000000000
54240  55.797  -38.345  23.665 0.0000000000
54241  55.756  -38.399  24.333 0.0000000000
54243  57.067  -38.279  24.544 0.0000000000
55762  34.602  -28.941  13.454 0.0000000000
55763  34.826  -28.782  12.994 0.0000000000
55764  35.486  -28.827  12.915 0.0000000000
55765  37.900  -28.196  11.950 0.0000000000
55766  37.307  -28.247  12.048 0.0000000000
55767  38.206  -27.821  11.664 0.0000000000
55768  38.486  -27.453  11.352 0.0000000000
55769  39.116  -27.398  11.279 0.0000000000
55770  40.138  -26.974  10.858 0.0000000000
55771  39.790  -27.419  11.125 0.0000000000
55772  40.534  -28.016  10.684 0.0000000000
55773  40.865  -27.590  10.501 0.0000000000
55774  41.351  -27.700  10.076 0.0000000000
55775  42.218  -27.300  9.480 0.0000000000
55776  41.814  -27.783  9.590 0.0000000000
55785  54.429  -33.390  11.996 0.0000000000
55786  53.646  -33.367  11.888 0.0000000000
55787  54.610  -32.994  11.477 0.0000000000
55788  56.095  -31.892  10.062 0.0000000000
55789  55.090  -32.240  10.450 0.0000000000
55790  55.296  -31.847  9.962 0.0000000000
55791  54.488  -31.803  9.912 0.0000000000
55792  55.562  -31.396  9.502 0.0000000000
55793  55.829  -30.963  9.044 0.0000000000
55794  56.516  -31.036  9.116 0.0000000000
55795  59.127  -30.419  8.494 0.0000000000
55796  58.471  -30.327  8.372 0.0000000000
57583  44.495  -35.936  24.734 0.0000000000
57584  44.926  -36.244  24.780 0.0000000000
57585  52.077  -37.555  20.973 0.0000000000
57586  51.329  -37.576  20.994 0.0000000000
57587  52.192  -37.397  20.401 0.0000000000
57588  53.303  -36.782  18.710 0.0000000000
57589  52.438  -37.046  19.266 0.0000000000
57590  52.524  -36.831  18.697 0.0000000000
57591  51.737  -36.932  18.612 0.0000000000
57592  52.646  -36.638  18.082 0.0000000000
57593  52.793  -36.431  17.469 0.0000000000
57594  53.544  -36.353  17.547 0.0000000000
57595  56.162  -35.606  16.701 0.0000000000
57596  55.437  -35.657  16.559 0.0000000000
57597  56.301  -35.347  16.159 0.0000000000
57598  56.419  -35.105  15.650 0.0000000000
57599  57.150  -35.064  15.744 0.0000000000
57600  57.887  -34.747  15.431 0.0000000000
57601  57.752  -35.005  15.911 0.0000000000
57602  58.977  -35.260  16.551 0.0000000000
57603  59.081  -34.955  16.160 0.0000000000
57604  59.683  -35.000  16.207 0.0000000000
57605  60.375  -34.786  15.814 0.0000000000
57606  60.265  -35.112  16.172 0.0000000000
57607  61.930  -37.316  18.947 0.0000000000
57608  62.068  -37.124  18.483 0.0000000000
57609  62.414  -37.302  18.624 0.0000000000
62175  38.117  -26.753  8.374 0.0000000000
62176  37.544  -27.047  8.140 0.0000000000
62177  38.462  -26.593  7.899 0.0000000000
62178  39.936  -25.580  6.816 0.0000000000
62179  39.133  -26.217  6.986 0.0000000000
62180  39.421  -26.056  6.549 0.0000000000
62181  38.912  -26.432  6.267 0.0000000000
62182  39.781  -25.895  6.059 0.0000000000
62183  40.120  -25.735  5.607 0.0000000000
62184  40.600  -25.249  5.870 0.0000000000
62192  45.370  -21.277  7.306 0.0000000000
62196  46.887  -20.611  7.277 0.0000000000
62197  48.343  -22.954  5.261 0.0000000000
62198  48.670  -22.483  5.147 0.0000000000
62199  49.085  -22.521  4.644 0.0000000000
62200  51.367  -21.740  3.378 0.0000000000
62201  50.762  -21.603  3.539 0.0000000000
62202  51.641  -21.254  3.206 0.0000000000
62203  51.948  -20.749  3.058 0.0000000000
62204  52.611  -20.844  2.907 0.0000000000
62206  53.286  -20.880  2.903 0.0000000000
62207  54.203  -21.440  3.403 0.0000000000
62232  35.252  -33.094  17.655 0.0000000000
62233  35.217  -32.976  17.145 0.0000000000
62234  35.636  -33.397  16.741 0.0000000000
62235  42.271  -36.514  21.179 0.0000000000
62236  41.765  -36.288  21.254 0.0000000000
62237  42.187  -36.674  20.547 0.0000000000
62238  42.627  -37.009  18.442 0.0000000000
62239  42.067  -36.904  19.158 0.0000000000
62240  42.016  -36.913  18.467 0.0000000000
62241  41.435  -36.762  18.510 0.0000000000
62242  41.950  -36.872  17.765 0.0000000000
62243  46.038  -33.620  11.083 0.0000000000
62244  45.194  -34.079  11.501 0.0000000000
62245  45.343  -33.627  10.999 0.0000000000
62246  44.147  -33.188  10.399 0.0000000000
62247  44.003  -33.627  10.874 0.0000000000
62248  43.279  -33.654  10.906 0.0000000000
62249  42.444  -34.088  11.445 0.0000000000
62250  42.598  -33.636  10.941 0.0000000000
62251  41.983  -33.598  10.988 0.0000000000
62252  42.791  -33.177  10.446 0.0000000000
62253  44.058  -31.795  9.034 0.0000000000
62254  43.171  -32.245  9.490 0.0000000000
62255  43.401  -31.757  9.017 0.0000000000
62256  42.752  -31.697  9.064 0.0000000000
62257  43.668  -31.241  8.554 0.0000000000
62258  43.882  -30.749  8.138 0.0000000000
62259  44.558  -30.802  8.158 0.0000000000
62260  47.019  -29.857  7.732 0.0000000000
62261  46.328  -29.880  7.569 0.0000000000
62262  47.232  -29.346  7.398 0.0000000000
62263  47.472  -28.830  7.058 0.0000000000
62264  48.134  -28.799  7.251 0.0000000000
62265  57.936  -25.733  6.812 0.0000000000
62266  57.140  -25.676  7.014 0.0000000000
62267  58.165  -25.234  6.753 0.0000000000
64780  48.939  -37.580  26.160 0.0000000000
64781  48.335  -37.362  26.187 0.0000000000
64782  48.887  -37.650  25.564 0.0000000000
64783  48.916  -37.714  24.933 0.0000000000
64784  49.551  -37.848  24.915 0.0000000000
64788  52.363  -38.142  23.362 0.0000000000
64789  51.577  -38.162  24.051 0.0000000000
64790  51.621  -38.089  23.409 0.0000000000
64791  50.921  -38.015  23.479 0.0000000000
64792  51.732  -37.954  22.754 0.0000000000
64793  51.850  -37.820  22.116 0.0000000000
64794  52.560  -37.828  22.061 0.0000000000
64795  54.771  -37.622  20.671 0.0000000000
64796  54.154  -37.575  20.742 0.0000000000
64797  54.965  -37.421  20.134 0.0000000000
64798  55.152  -37.220  19.597 0.0000000000
64799  55.862  -37.218  19.537 0.0000000000
64800  56.655  -36.984  19.074 0.0000000000
64801  56.440  -37.187  19.608 0.0000000000
64802  57.413  -37.405  20.180 0.0000000000
64803  57.584  -37.168  19.709 0.0000000000
64804  58.172  -37.153  19.719 0.0000000000
64805  58.800  -36.980  19.240 0.0000000000
64806  58.623  -37.209  19.753 0.0000000000
64807  57.074  -38.121  22.507 0.0000000000
64808  57.087  -37.988  21.858 0.0000000000
64809  57.653  -37.949  21.952 0.0000000000
64810  59.373  -37.652  20.968 0.0000000000
64811  58.871  -37.594  20.861 0.0000000000
64812  59.487  -37.507  20.380 0.0000000000
64813  59.603  -37.306  19.848 0.0000000000
64814  60.155  -37.394  19.925 0.0000000000
64815  60.778  -37.321  19.545 0.0000000000
64816  60.640  -37.461  20.118 0.0000000000
64817  61.311  -37.804  21.178 0.0000000000
64818  61.452  -37.677  20.614 0.0000000000
64819  61.758  -37.861  20.832 0.0000000000
64820  62.170  -37.985  20.459 0.0000000000
64821  62.031  -38.074  21.036 0.0000000000
69370  33.231  -27.828  11.863 0.0000000000
69371  32.813  -27.505  11.846 0.0000000000
69372  33.447  -27.766  11.326 0.0000000000
69373  33.738  -27.709  10.775 0.0000000000
69374  34.274  -27.923  10.823 0.0000000000
69375  35.501  -28.403  11.995 0.0000000000
69376  34.858  -28.379  11.957 0.0000000000
69377  35.821  -28.205  11.517 0.0000000000
69378  37.425  -27.319  10.347 0.0000000000
69379  36.487  -27.780  10.603 0.0000000000
69380  36.845  -27.543  10.171 0.0000000000
69381  36.231  -27.728  9.992 0.0000000000
69382  37.168  -27.326  9.707 0.0000000000
69383  37.509  -27.128  9.244 0.0000000000
69384  38.050  -26.806  9.468 0.0000000000
69385  40.263  -25.253  9.297 0.0000000000
69386  39.685  -25.569  9.118 0.0000000000
69387  40.548  -24.949  8.943 0.0000000000
69388  40.876  -24.665  8.542 0.0000000000
69389  41.508  -24.370  8.811 0.0000000000
69390  42.424  -23.852  8.693 0.0000000000
69391  42.166  -24.175  9.012 0.0000000000
69392  43.184  -24.506  9.319 0.0000000000
69393  43.471  -24.104  9.068 0.0000000000
69394  44.122  -24.090  8.932 0.0000000000
69395  45.041  -23.674  8.552 0.0000000000
69396  44.720  -24.099  8.698 0.0000000000
69397  41.906  -26.222  10.018 0.0000000000
69398  42.235  -25.749  9.865 0.0000000000
69399  42.800  -25.819  9.589 0.0000000000
69400  44.978  -25.106  8.060 0.0000000000
69401  44.585  -25.030  8.530 0.0000000000
69402  45.359  -24.644  7.978 0.0000000000
69403  45.710  -24.211  7.909 0.0000000000
69404  46.089  -24.259  7.379 0.0000000000
69405  46.822  -23.840  6.693 0.0000000000
69406  46.454  -24.297  6.797 0.0000000000
69407  46.990  -24.899  5.819 0.0000000000
69408  47.331  -24.410  5.691 0.0000000000
69409  47.807  -24.520  5.305 0.0000000000
69410  48.653  -24.140  4.797 0.0000000000
69411  48.361  -24.624  5.012 0.0000000000
69435  47.226  -36.450  15.903 0.0000000000
69436  46.551  -36.483  15.790 0.0000000000
69437  47.370  -36.150  15.233 0.0000000000
69438  48.464  -35.075  13.561 0.0000000000
69439  47.632  -35.482  14.029 0.0000000000
69440  47.724  -35.111  13.476 0.0000000000
69441  47.005  -35.163  13.365 0.0000000000
69442  47.774  -34.744  12.957 0.0000000000
69443  52.067  -33.373  11.789 0.0000000000
69444  51.113  -33.800  12.259 0.0000000000
69445  51.243  -33.376  11.766 0.0000000000
69446  49.914  -32.912  11.179 0.0000000000
69447  49.719  -33.367  11.631 0.0000000000
69448  48.939  -33.425  11.556 0.0000000000
69449  48.023  -33.921  11.943 0.0000000000
69450  48.208  -33.476  11.441 0.0000000000
69451  47.513  -33.502  11.263 0.0000000000
69452  48.428  -32.996  10.930 0.0000000000
69453  49.848  -31.525  9.736 0.0000000000
69454  48.807  -32.062  10.021 0.0000000000
69455  49.036  -31.581  9.586 0.0000000000
69456  48.249  -31.640  9.486 0.0000000000
69457  49.217  -31.105  9.200 0.0000000000
69458  49.414  -30.640  8.814 0.0000000000
69459  50.251  -30.561  8.926 0.0000000000
69460  52.906  -29.731  8.481 0.0000000000
69461  52.056  -29.679  8.463 0.0000000000
69462  53.155  -29.245  8.204 0.0000000000
69463  53.432  -28.657  7.919 0.0000000000
69464  54.224  -28.783  7.933 0.0000000000
69465  56.260  -30.021  8.217 0.0000000000
69466  55.411  -29.948  8.299 0.0000000000
69467  56.457  -29.526  7.875 0.0000000000
69468  57.874  -28.008  6.936 0.0000000000
69469  56.846  -28.454  7.290 0.0000000000
69470  57.111  -27.898  7.109 0.0000000000
69471  56.307  -27.804  7.316 0.0000000000
69472  57.334  -27.349  6.969 0.0000000000
69473  57.521  -26.795  6.874 0.0000000000
69474  58.342  -26.852  6.613 0.0000000000
69476  60.303  -25.978  6.070 0.0000000000
74807  33.878  -29.678  15.197 0.0000000000
74808  34.020  -29.491  14.785 0.0000000000
74809  34.559  -29.701  14.640 0.0000000000
74810  35.323  -29.635  14.047 0.0000000000
74811  35.135  -29.891  14.415 0.0000000000
74823  43.069  -35.688  23.550 0.0000000000
74824  42.845  -35.003  23.938 0.0000000000
74825  42.676  -35.422  23.440 0.0000000000
74826  42.311  -35.123  23.466 0.0000000000
74827  42.565  -35.756  22.895 0.0000000000
74828  42.462  -36.035  22.347 0.0000000000
74829  42.859  -36.297  22.359 0.0000000000
74830  44.234  -37.247  21.063 0.0000000000
74831  43.683  -37.115  21.132 0.0000000000
74832  44.281  -37.299  20.402 0.0000000000
74833  44.338  -37.319  19.732 0.0000000000
74834  44.904  -37.383  19.701 0.0000000000
74835  46.684  -36.611  26.043 0.0000000000
74837  46.535  -36.836  25.426 0.0000000000
74838  46.970  -37.555  23.588 0.0000000000
74839  46.392  -37.257  24.213 0.0000000000
74840  46.380  -37.438  23.591 0.0000000000
74841  45.831  -37.281  23.631 0.0000000000
74842  46.400  -37.552  22.933 0.0000000000
74843  49.780  -37.595  21.109 0.0000000000
74844  49.018  -37.733  21.715 0.0000000000
74845  49.113  -37.655  21.080 0.0000000000
74846  47.876  -37.621  20.362 0.0000000000
74847  47.806  -37.730  20.991 0.0000000000
74848  47.184  -37.728  20.977 0.0000000000
74849  46.469  -37.666  21.619 0.0000000000
74850  46.517  -37.666  20.971 0.0000000000
74851  45.908  -37.554  21.010 0.0000000000
74852  46.635  -37.583  20.348 0.0000000000
74853  47.593  -37.231  18.466 0.0000000000
74854  46.866  -37.374  19.059 0.0000000000
74855  46.972  -37.240  18.407 0.0000000000
74856  46.322  -37.250  18.381 0.0000000000
74857  47.049  -37.087  17.785 0.0000000000
74858  47.097  -36.924  17.173 0.0000000000
74859  47.784  -36.848  17.207 0.0000000000
74860  50.110  -36.148  16.152 0.0000000000
74861  49.386  -36.189  16.091 0.0000000000
74862  50.226  -35.859  15.552 0.0000000000
74863  50.366  -35.576  14.938 0.0000000000
74864  51.136  -35.504  15.007 0.0000000000
74865  53.090  -35.925  16.331 0.0000000000
74866  52.340  -35.979  16.282 0.0000000000
74867  53.258  -35.615  15.779 0.0000000000
74868  54.463  -34.681  14.264 0.0000000000
74869  53.555  -34.998  14.686 0.0000000000
74870  53.652  -34.715  14.165 0.0000000000
74871  52.878  -34.784  14.067 0.0000000000
74872  53.804  -34.416  13.633 0.0000000000
74873  54.060  -34.065  13.068 0.0000000000
74874  54.812  -34.024  13.147 0.0000000000
74875  57.526  -33.318  12.523 0.0000000000
74876  56.771  -33.337  12.391 0.0000000000
74877  57.744  -32.978  12.052 0.0000000000
74878  57.957  -32.645  11.522 0.0000000000
74879  58.745  -32.621  11.695 0.0000000000
74880  59.526  -32.360  11.417 0.0000000000
74881  59.329  -32.669  11.908 0.0000000000
74882  60.338  -33.036  12.823 0.0000000000
74883  60.494  -32.744  12.322 0.0000000000
74884  61.141  -32.763  12.564 0.0000000000
74885  61.881  -32.508  12.358 0.0000000000
74886  61.682  -32.829  12.857 0.0000000000
74887  59.522  -34.102  14.834 0.0000000000
74888  59.713  -33.813  14.370 0.0000000000
74889  60.333  -33.797  14.564 0.0000000000
74902  58.326  -36.401  18.183 0.0000000000
74903  58.531  -36.137  17.683 0.0000000000
74904  59.047  -36.181  17.741 0.0000000000
74905  60.747  -35.981  17.028 0.0000000000
74906  60.351  -35.779  16.961 0.0000000000
74907  61.003  -35.723  16.602 0.0000000000
74908  61.240  -35.472  16.181 0.0000000000
74909  61.661  -35.642  16.273 0.0000000000
74910  62.503  -36.782  17.574 0.0000000000
74914  63.225  -36.043  16.268 0.0000000000
74915  63.443  -35.811  15.837 0.0000000000
74916  63.055  -35.556  15.715 0.0000000000
88608  33.074  -26.608  9.631 0.0000000000
88609  32.531  -26.190  10.182 0.0000000000
88612  33.004  -26.140  9.107 0.0000000000
88613  36.290  -27.267  7.783 0.0000000000
88614  35.371  -27.256  8.178 0.0000000000
88615  35.688  -27.178  7.688 0.0000000000
88616  34.926  -26.703  7.064 0.0000000000
88617  34.615  -26.756  7.558 0.0000000000
88618  34.144  -26.448  7.549 0.0000000000
88672  44.354  -22.920  8.322 0.0000000000
88673  44.668  -22.504  8.064 0.0000000000
88674  45.307  -22.461  8.117 0.0000000000
88675  47.686  -21.519  7.248 0.0000000000
88676  47.114  -21.522  7.536 0.0000000000
88677  47.957  -21.033  7.180 0.0000000000
88678  48.212  -20.534  7.055 0.0000000000
88679  48.732  -20.561  6.728 0.0000000000
88680  49.315  -21.499  5.004 0.0000000000
88681  48.944  -21.549  5.663 0.0000000000
88682  49.643  -21.035  4.997 0.0000000000
88683  51.057  -19.519  4.434 0.0000000000
88684  50.321  -20.034  5.059 0.0000000000
88780  35.753  -31.173  14.523 0.0000000000
88781  35.268  -30.833  14.928 0.0000000000
88782  35.955  -30.784  14.151 0.0000000000
88783  36.207  -30.393  13.792 0.0000000000
88784  36.755  -30.641  13.343 0.0000000000
88793  40.815  -35.935  21.332 0.0000000000
88794  40.496  -35.355  21.958 0.0000000000
88795  40.307  -35.639  21.416 0.0000000000
88796  39.192  -35.234  20.897 0.0000000000
88797  39.410  -34.968  21.477 0.0000000000
88803  38.133  -35.340  19.259 0.0000000000
88804  37.846  -34.894  19.963 0.0000000000
88805  37.644  -34.964  19.382 0.0000000000
88806  37.192  -34.524  19.596 0.0000000000
88807  37.477  -35.009  18.795 0.0000000000
88808  45.243  -36.546  15.633 0.0000000000
88809  44.467  -36.818  16.359 0.0000000000
88810  44.559  -36.557  15.609 0.0000000000
88811  43.254  -36.340  14.939 0.0000000000
88812  43.218  -36.598  15.613 0.0000000000
88813  42.570  -36.550  15.630 0.0000000000
88814  41.951  -36.678  16.355 0.0000000000
88815  41.974  -36.479  15.620 0.0000000000
88816  43.587  -34.968  12.469 0.0000000000
88817  43.492  -35.364  13.040 0.0000000000
88818  42.803  -35.368  13.056 0.0000000000
88819  40.770  -35.795  14.471 0.0000000000
88820  41.364  -35.899  14.396 0.0000000000
88821  40.699  -36.055  15.149 0.0000000000
88822  40.673  -36.274  15.804 0.0000000000
88823  40.078  -36.119  15.927 0.0000000000
88824  39.502  -36.118  16.733 0.0000000000
88825  39.487  -35.933  16.064 0.0000000000
88826  38.290  -35.303  15.799 0.0000000000
88827  38.267  -35.476  16.495 0.0000000000
88828  37.692  -35.183  16.690 0.0000000000
88829  37.208  -34.979  17.573 0.0000000000
88830  37.186  -34.872  16.916 0.0000000000
88831  36.710  -34.538  17.213 0.0000000000
88832  37.151  -34.725  16.303 0.0000000000
88833  37.876  -34.268  14.267 0.0000000000
88834  37.213  -34.282  15.101 0.0000000000
88835  37.295  -34.002  14.569 0.0000000000
88836  36.754  -33.697  14.921 0.0000000000
88837  37.378  -33.677  14.065 0.0000000000
88838  40.743  -33.399  11.192 0.0000000000
88839  39.965  -33.722  11.892 0.0000000000
88840  40.116  -33.267  11.391 0.0000000000
88841  39.190  -32.415  11.399 0.0000000000
88842  38.959  -32.905  11.912 0.0000000000
88843  38.424  -32.670  12.205 0.0000000000
88844  37.687  -32.859  13.057 0.0000000000
88845  37.896  -32.391  12.549 0.0000000000
88846  37.342  -32.113  13.011 0.0000000000
88847  38.109  -31.905  12.152 0.0000000000
88848  39.414  -30.668  10.805 0.0000000000
88849  38.619  -30.932  11.544 0.0000000000
88850  38.899  -30.427  11.318 0.0000000000
88851  38.384  -30.228  11.863 0.0000000000
88852  39.195  -29.927  11.166 0.0000000000
88853  39.550  -29.429  11.043 0.0000000000
88854  40.030  -29.611  10.480 0.0000000000
88855  42.020  -29.144  8.544 0.0000000000
88856  41.612  -28.932  9.057 0.0000000000
88857  42.346  -28.580  8.405 0.0000000000
88858  42.678  -28.039  8.353 0.0000000000
88859  43.126  -28.193  7.769 0.0000000000
88860  44.332  -29.731  7.388 0.0000000000
88861  43.698  -29.629  7.503 0.0000000000
88862  44.543  -29.210  7.075 0.0000000000
88863  46.046  -27.663  6.150 0.0000000000
88864  45.112  -28.085  6.481 0.0000000000
88865  45.372  -27.523  6.326 0.0000000000
88866  44.781  -27.376  6.648 0.0000000000
88867  45.695  -27.000  6.159 0.0000000000
88868  46.002  -26.488  6.065 0.0000000000
88869  46.646  -26.627  5.800 0.0000000000
88870  49.192  -25.888  5.384 0.0000000000
88871  48.539  -25.823  5.293 0.0000000000
88872  49.486  -25.383  5.136 0.0000000000
88873  49.782  -24.843  4.837 0.0000000000
88874  50.476  -24.883  5.013 0.0000000000
88875  49.829  -29.658  8.167 0.0000000000
88876  49.089  -29.700  8.077 0.0000000000
88877  50.010  -29.163  7.866 0.0000000000
88878  51.401  -27.639  7.309 0.0000000000
88879  50.430  -28.214  7.428 0.0000000000
88880  50.677  -27.700  7.189 0.0000000000
88881  49.995  -27.740  7.059 0.0000000000
88882  50.876  -27.199  7.011 0.0000000000
88883  55.496  -25.538  7.097 0.0000000000
88884  54.469  -26.053  7.176 0.0000000000
88885  54.674  -25.541  7.034 0.0000000000
88886  53.417  -25.113  6.568 0.0000000000
88887  53.159  -25.594  6.784 0.0000000000
88888  52.430  -25.672  6.591 0.0000000000
88889  51.435  -26.197  6.588 0.0000000000
88890  51.769  -25.735  6.365 0.0000000000
88891  51.176  -25.758  6.103 0.0000000000
88892  52.095  -25.235  6.091 0.0000000000
88893  53.578  -23.775  5.336 0.0000000000
88894  52.637  -24.290  5.441 0.0000000000
88895  52.901  -23.797  5.069 0.0000000000
88896  52.242  -23.833  4.767 0.0000000000
88897  53.168  -23.312  4.676 0.0000000000
88898  53.410  -22.843  4.325 0.0000000000
88899  54.101  -22.851  4.616 0.0000000000
88900  56.754  -22.011  4.773 0.0000000000
88901  56.001  -21.976  4.470 0.0000000000
88988  61.189  -31.513  10.361 0.0000000000
93361  35.803  -29.137  13.285 0.0000000000
93362  36.105  -28.864  12.846 0.0000000000
93363  36.685  -28.896  12.748 0.0000000000
93364  37.546  -28.583  12.268 0.0000000000
93365  38.525  -28.160  11.800 0.0000000000
93366  39.436  -27.825  11.347 0.0000000000
93367  39.081  -28.256  11.601 0.0000000000
93368  39.664  -28.325  11.257 0.0000000000
93369  40.192  -28.422  10.857 0.0000000000
93375  56.385  -32.651  11.257 0.0000000000
93376  55.636  -32.634  11.120 0.0000000000
93377  56.617  -32.277  10.718 0.0000000000
93378  56.856  -31.916  10.165 0.0000000000
93379  57.102  -31.521  9.684 0.0000000000
93380  57.285  -31.107  9.215 0.0000000000
93381  58.012  -31.160  9.336 0.0000000000
93382  58.927  -30.801  8.980 0.0000000000
93383  59.827  -30.471  8.672 0.0000000000
93384  60.690  -30.150  8.325 0.0000000000
93385  60.411  -30.566  8.859 0.0000000000
94455  53.846  -37.196  19.710 0.0000000000
94456  53.104  -37.196  19.789 0.0000000000
94457  54.025  -36.989  19.123 0.0000000000
94458  54.111  -36.756  18.596 0.0000000000
94459  54.174  -36.515  18.126 0.0000000000
94460  54.282  -36.270  17.607 0.0000000000
94461  55.066  -36.219  17.645 0.0000000000
94462  56.008  -35.895  17.167 0.0000000000
94463  56.906  -35.558  16.729 0.0000000000
94464  57.649  -35.273  16.384 0.0000000000
94465  57.543  -35.519  16.798 0.0000000000
94466  58.200  -35.487  16.861 0.0000000000
94467  58.872  -35.544  16.947 0.0000000000
94468  62.472  -37.729  19.313 0.0000000000
94469  62.673  -37.537  18.764 0.0000000000
94470  62.814  -37.856  18.916 0.0000000000
94471  63.058  -38.033  18.531 0.0000000000
97209  39.812  -25.462  8.007 0.0000000000
97210  39.344  -25.927  7.720 0.0000000000
97211  40.135  -25.243  7.568 0.0000000000
97212  40.450  -25.049  7.103 0.0000000000
97213  40.742  -24.894  6.607 0.0000000000
97214  41.059  -24.699  6.170 0.0000000000
97215  41.531  -24.126  6.536 0.0000000000
97216  42.299  -23.368  6.542 0.0000000000
97217  43.185  -22.541  6.581 0.0000000000
97219  43.850  -22.129  6.992 0.0000000000
97220  44.470  -21.889  7.337 0.0000000000
97221  45.143  -21.689  7.543 0.0000000000
97222  49.325  -23.105  4.404 0.0000000000
97223  49.613  -22.554  4.183 0.0000000000
97224  50.195  -22.650  3.917 0.0000000000
97225  51.064  -22.235  3.558 0.0000000000
97226  51.972  -21.820  3.298 0.0000000000
97227  52.987  -21.371  3.068 0.0000000000
97228  52.614  -21.861  3.323 0.0000000000
97229  53.254  -21.883  3.448 0.0000000000
97230  53.856  -21.913  3.633 0.0000000000
97244  35.766  -33.702  17.822 0.0000000000
97245  43.238  -37.097  19.764 0.0000000000
97246  42.673  -36.956  19.803 0.0000000000
97247  43.196  -37.120  19.121 0.0000000000
97248  43.216  -37.083  18.384 0.0000000000
97249  43.206  -37.021  17.702 0.0000000000
97250  46.414  -32.673  10.138 0.0000000000
97251  45.525  -33.151  10.497 0.0000000000
97252  45.707  -32.699  10.058 0.0000000000
97253  44.996  -32.721  9.989 0.0000000000
97254  44.329  -32.710  9.921 0.0000000000
97255  43.684  -32.698  9.890 0.0000000000
97256  44.529  -32.245  9.492 0.0000000000
97257  44.742  -31.790  9.079 0.0000000000
97258  44.982  -31.310  8.648 0.0000000000
97259  45.209  -30.848  8.229 0.0000000000
97260  45.862  -30.845  8.339 0.0000000000
97261  46.779  -30.331  8.080 0.0000000000
97262  47.695  -29.787  7.855 0.0000000000
97264  59.200  -24.833  6.495 0.0000000000
98775  52.837  -38.349  24.610 0.0000000000
98776  52.139  -38.287  24.679 0.0000000000
98777  52.940  -38.281  23.931 0.0000000000
98778  53.106  -38.192  23.240 0.0000000000
98779  53.185  -38.036  22.626 0.0000000000
98780  53.285  -37.869  21.969 0.0000000000
98781  53.924  -37.940  21.908 0.0000000000
98782  54.625  -37.851  21.209 0.0000000000
98783  55.451  -37.647  20.574 0.0000000000
98784  56.222  -37.423  20.096 0.0000000000
98785  56.043  -37.654  20.602 0.0000000000
98786  56.658  -37.623  20.639 0.0000000000
98787  57.253  -37.655  20.686 0.0000000000
98788  58.236  -38.006  22.712 0.0000000000
98789  58.202  -37.919  22.089 0.0000000000
98790  58.721  -37.958  22.140 0.0000000000
98791  59.267  -37.841  21.599 0.0000000000
98792  59.872  -37.697  21.079 0.0000000000
98793  60.500  -37.586  20.678 0.0000000000
98794  60.354  -37.725  21.264 0.0000000000
98795  60.803  -37.767  21.547 0.0000000000
98796  61.216  -37.840  21.835 0.0000000000
101527  32.981  -27.894  12.438 0.0000000000
101528  33.713  -28.109  11.899 0.0000000000
101529  37.352  -27.696  11.300 0.0000000000
101530  36.760  -27.843  11.187 0.0000000000
101531  37.652  -27.392  10.928 0.0000000000
101532  37.958  -27.094  10.533 0.0000000000
101533  38.291  -26.751  10.144 0.0000000000
101534  38.591  -26.461  9.717 0.0000000000
101535  39.111  -26.170  9.940 0.0000000000
101536  39.936  -25.583  9.702 0.0000000000
101537  40.913  -25.010  9.444 0.0000000000
101538  41.875  -24.558  9.297 0.0000000000
101539  41.544  -24.938  9.636 0.0000000000
101540  42.168  -24.918  9.643 0.0000000000
101541  42.844  -24.924  9.512 0.0000000000
101542  43.004  -26.354  9.281 0.0000000000
101543  43.346  -25.880  9.174 0.0000000000
101544  43.830  -25.953  8.701 0.0000000000
101545  44.589  -25.581  8.137 0.0000000000
101546  45.347  -25.174  7.533 0.0000000000
101547  46.116  -24.754  6.865 0.0000000000
101548  45.742  -25.224  6.945 0.0000000000
101549  46.135  -25.315  6.394 0.0000000000
101550  46.625  -25.415  5.925 0.0000000000
101565  48.865  -35.719  14.821 0.0000000000
101566  48.260  -35.753  14.678 0.0000000000
101567  49.028  -35.393  14.220 0.0000000000
101568  49.165  -35.053  13.668 0.0000000000
101569  49.314  -34.672  13.138 0.0000000000
101570  52.392  -32.538  10.826 0.0000000000
101571  51.403  -32.933  11.286 0.0000000000
101572  51.595  -32.490  10.814 0.0000000000
101573  50.857  -32.447  10.774 0.0000000000
101574  50.132  -32.441  10.692 0.0000000000
101575  49.363  -32.488  10.582 0.0000000000
101576  50.331  -31.996  10.276 0.0000000000
101577  50.561  -31.517  9.868 0.0000000000
101578  50.850  -31.024  9.453 0.0000000000
101579  51.019  -30.584  9.063 0.0000000000
101580  51.731  -30.616  9.152 0.0000000000
101581  52.711  -30.206  8.815 0.0000000000
101582  53.833  -29.782  8.444 0.0000000000
101583  58.169  -29.231  7.476 0.0000000000
101584  57.443  -29.107  7.477 0.0000000000
101585  58.407  -28.716  7.114 0.0000000000
101586  58.644  -28.144  6.821 0.0000000000
101587  58.894  -27.560  6.566 0.0000000000
101588  59.132  -26.973  6.402 0.0000000000
104789  33.307  -29.564  15.748 0.0000000000
104790  33.769  -29.870  15.628 0.0000000000
104796  43.729  -35.297  24.565 0.0000000000
104798  43.567  -35.629  24.080 0.0000000000
104799  43.437  -35.968  23.588 0.0000000000
104800  43.343  -36.230  23.048 0.0000000000
104801  43.269  -36.500  22.426 0.0000000000
104802  43.691  -36.684  22.476 0.0000000000
104803  44.172  -37.087  21.782 0.0000000000
104804  44.839  -37.364  21.033 0.0000000000
104805  47.627  -37.415  24.887 0.0000000000
104806  47.032  -37.241  24.853 0.0000000000
104807  47.612  -37.540  24.242 0.0000000000
104808  47.612  -37.656  23.612 0.0000000000
104809  47.614  -37.716  22.954 0.0000000000
104810  50.016  -37.391  19.790 0.0000000000
104811  49.205  -37.573  20.398 0.0000000000
104812  49.312  -37.442  19.736 0.0000000000
104813  48.633  -37.474  19.722 0.0000000000
104814  47.999  -37.491  19.730 0.0000000000
104815  47.375  -37.502  19.734 0.0000000000
104816  48.151  -37.360  19.101 0.0000000000
104817  48.212  -37.201  18.508 0.0000000000
104818  48.358  -36.990  17.875 0.0000000000
104819  48.486  -36.765  17.239 0.0000000000
104820  49.184  -36.705  17.293 0.0000000000
104821  49.997  -36.425  16.738 0.0000000000
104822  50.833  -36.107  16.187 0.0000000000
104823  54.932  -35.227  15.426 0.0000000000
104824  54.192  -35.255  15.303 0.0000000000
104825  55.056  -34.957  14.881 0.0000000000
104826  55.223  -34.654  14.364 0.0000000000
104827  55.380  -34.355  13.847 0.0000000000
104828  55.576  -34.022  13.308 0.0000000000
104829  56.345  -34.000  13.409 0.0000000000
104830  57.319  -33.654  13.001 0.0000000000
104831  58.309  -33.281  12.627 0.0000000000
104832  59.105  -32.991  12.360 0.0000000000
104833  58.926  -33.305  12.835 0.0000000000
104834  59.525  -33.329  13.092 0.0000000000
104835  60.107  -33.330  13.379 0.0000000000
104836  60.778  -34.112  15.107 0.0000000000
104837  60.966  -33.821  14.711 0.0000000000
104838  61.581  -33.944  14.856 0.0000000000
104845  59.269  -36.491  18.251 0.0000000000
104846  59.472  -36.253  17.818 0.0000000000
104847  59.882  -36.338  17.819 0.0000000000
104848  60.502  -36.237  17.449 0.0000000000
104849  61.169  -36.184  17.125 0.0000000000
113067  32.834  -27.091  10.795 0.0000000000
113069  33.154  -27.027  10.205 0.0000000000
113070  33.467  -26.994  9.625 0.0000000000
113071  33.764  -26.933  9.091 0.0000000000
113072  37.023  -27.030  6.817 0.0000000000
113073  36.054  -27.089  7.194 0.0000000000
113074  36.399  -27.006  6.712 0.0000000000
113075  35.784  -26.868  6.633 0.0000000000
113076  35.234  -26.646  6.543 0.0000000000
113107  45.653  -22.835  8.171 0.0000000000
113108  45.961  -22.417  7.991 0.0000000000
113109  46.543  -22.428  7.762 0.0000000000
113110  47.384  -21.984  7.359 0.0000000000
113111  48.201  -21.528  6.815 0.0000000000
113112  50.824  -20.574  3.809 0.0000000000
113113  50.362  -20.550  4.356 0.0000000000
113114  51.150  -20.052  3.786 0.0000000000
113166  34.418  -32.012  17.860 0.0000000000
113169  34.429  -31.609  16.926 0.0000000000
113170  34.458  -31.346  16.490 0.0000000000
113171  34.541  -31.068  16.038 0.0000000000
113172  34.985  -31.483  15.704 0.0000000000
113173  35.580  -31.551  14.911 0.0000000000
113174  36.245  -31.498  14.054 0.0000000000
113180  40.506  -36.258  20.045 0.0000000000
113181  40.124  -35.843  20.799 0.0000000000
113182  39.962  -36.015  20.137 0.0000000000
113183  39.448  -35.742  20.238 0.0000000000
113184  38.976  -35.438  20.330 0.0000000000
113186  38.757  -35.553  19.755 0.0000000000
113187  38.618  -35.645  19.082 0.0000000000
113188  38.508  -35.694  18.425 0.0000000000
113189  45.423  -35.961  14.341 0.0000000000
113190  44.649  -36.286  14.924 0.0000000000
113191  44.716  -36.005  14.279 0.0000000000
113192  43.954  -36.060  14.312 0.0000000000
113193  43.292  -36.036  14.259 0.0000000000
113194  42.233  -34.926  12.520 0.0000000000
113195  42.131  -35.326  13.109 0.0000000000
113196  41.517  -35.236  13.169 0.0000000000
113197  40.813  -35.485  13.849 0.0000000000
113198  40.157  -35.663  14.582 0.0000000000
113199  39.508  -35.718  15.379 0.0000000000
113200  39.500  -35.475  14.713 0.0000000000
113201  38.939  -35.314  14.886 0.0000000000
113202  38.345  -35.102  15.146 0.0000000000
113203  37.722  -34.828  15.436 0.0000000000
113204  38.369  -34.826  14.580 0.0000000000
113205  38.445  -34.510  14.024 0.0000000000
113206  38.549  -34.189  13.466 0.0000000000
113207  41.152  -32.443  10.201 0.0000000000
113208  40.327  -32.790  10.862 0.0000000000
113209  40.572  -32.292  10.403 0.0000000000
113210  39.999  -32.122  10.662 0.0000000000
113211  39.415  -31.926  10.974 0.0000000000
113212  38.852  -31.674  11.384 0.0000000000
113213  39.631  -31.382  10.635 0.0000000000
113214  39.910  -30.847  10.305 0.0000000000
113215  40.193  -30.344  10.088 0.0000000000
113216  40.471  -29.816  9.923 0.0000000000
113217  40.934  -30.001  9.394 0.0000000000
113218  41.708  -29.661  8.739 0.0000000000
113219  42.505  -29.295  8.121 0.0000000000
113220  46.185  -28.830  6.754 0.0000000000
113221  45.525  -28.738  6.718 0.0000000000
113222  46.470  -28.298  6.448 0.0000000000
113223  46.744  -27.774  6.146 0.0000000000
113224  47.019  -27.258  5.930 0.0000000000
113225  47.317  -26.737  5.704 0.0000000000
113226  47.979  -26.815  5.760 0.0000000000
113227  48.949  -26.343  5.643 0.0000000000
113228  49.923  -25.851  5.602 0.0000000000
113229  51.784  -28.605  7.778 0.0000000000
113230  50.995  -28.642  7.723 0.0000000000
113231  51.975  -28.102  7.581 0.0000000000
113232  52.165  -27.582  7.414 0.0000000000
113233  52.372  -27.116  7.260 0.0000000000
113234  55.933  -24.548  6.782 0.0000000000
113235  54.896  -25.027  6.886 0.0000000000
113236  55.136  -24.544  6.694 0.0000000000
113237  54.378  -24.590  6.522 0.0000000000
113238  53.672  -24.648  6.300 0.0000000000
113239  53.008  -24.705  6.044 0.0000000000
113240  53.987  -24.178  5.982 0.0000000000
113241  54.241  -23.742  5.636 0.0000000000
113242  54.515  -23.304  5.256 0.0000000000
113243  54.794  -22.891  4.932 0.0000000000
113244  55.478  -22.878  5.230 0.0000000000
113245  56.497  -22.441  5.125 0.0000000000
113246  57.513  -22.005  5.057 0.0000000000
113296  62.140  -31.942  11.374 0.0000000000
115869  53.578  -38.390  24.499 0.0000000000
115870  54.439  -38.334  23.697 0.0000000000
115871  55.319  -38.242  22.945 0.0000000000
115872  55.899  -38.143  22.356 0.0000000000
115873  55.904  -38.262  22.994 0.0000000000
115874  56.466  -38.252  23.082 0.0000000000
115875  57.066  -38.196  23.177 0.0000000000
115876  56.416  -38.342  24.422 0.0000000000
115877  57.097  -38.236  23.854 0.0000000000
115878  57.715  -38.099  23.273 0.0000000000
115879  58.283  -38.084  23.358 0.0000000000
115880  58.827  -38.038  23.513 0.0000000000
115881  59.362  -37.973  23.701 0.0000000000
118003  33.424  -28.582  13.545 0.0000000000
118004  33.726  -28.498  12.978 0.0000000000
118005  34.254  -28.678  12.982 0.0000000000
118006  35.171  -28.590  12.490 0.0000000000
118007  36.094  -28.357  12.056 0.0000000000
118008  36.386  -28.590  12.466 0.0000000000
118009  36.724  -28.297  12.086 0.0000000000
118010  37.034  -28.006  11.676 0.0000000000
118011  37.950  -27.567  11.354 0.0000000000
118012  38.811  -27.059  11.063 0.0000000000
118013  39.750  -26.571  10.733 0.0000000000
118014  40.625  -26.140  10.406 0.0000000000
118015  40.403  -26.550  10.626 0.0000000000
118016  41.022  -26.590  10.452 0.0000000000
118017  41.616  -26.677  10.167 0.0000000000
118018  40.343  -27.466  10.865 0.0000000000
118019  41.252  -27.129  10.316 0.0000000000
118020  42.134  -26.753  9.803 0.0000000000
118021  42.606  -26.836  9.362 0.0000000000
118022  43.038  -26.924  8.846 0.0000000000
118023  43.470  -26.974  8.264 0.0000000000
118035  52.507  -34.140  12.923 0.0000000000
118036  51.744  -34.167  12.822 0.0000000000
118037  52.668  -33.761  12.356 0.0000000000
118038  52.841  -33.364  11.821 0.0000000000
118039  53.037  -32.967  11.316 0.0000000000
118040  54.890  -32.609  10.951 0.0000000000
118041  54.064  -32.595  10.867 0.0000000000
118042  53.176  -32.616  10.841 0.0000000000
118043  53.414  -32.173  10.365 0.0000000000
118044  53.698  -31.709  9.898 0.0000000000
118045  53.981  -31.264  9.440 0.0000000000
118046  54.154  -30.815  9.078 0.0000000000
118047  55.019  -30.899  9.044 0.0000000000
118048  56.047  -30.514  8.633 0.0000000000
118049  57.028  -30.152  8.267 0.0000000000
118050  57.504  -30.683  8.757 0.0000000000
118051  57.791  -30.253  8.330 0.0000000000
118052  57.952  -29.727  7.884 0.0000000000
118053  58.910  -29.356  7.521 0.0000000000
118054  59.880  -28.993  7.160 0.0000000000
120552  44.097  -35.628  24.668 0.0000000000
120553  44.359  -36.210  24.193 0.0000000000
120554  44.738  -36.750  23.662 0.0000000000
120555  50.417  -37.823  22.281 0.0000000000
120556  49.683  -37.795  22.381 0.0000000000
120557  50.501  -37.706  21.658 0.0000000000
120558  50.573  -37.585  21.086 0.0000000000
120559  50.654  -37.437  20.475 0.0000000000
120560  52.314  -37.224  19.850 0.0000000000
120561  51.543  -37.235  19.859 0.0000000000
120562  50.742  -37.320  19.856 0.0000000000
120563  50.864  -37.200  19.188 0.0000000000
120564  51.027  -37.014  18.539 0.0000000000
120565  51.153  -36.814  17.941 0.0000000000
120566  51.257  -36.578  17.377 0.0000000000
120567  52.023  -36.511  17.411 0.0000000000
120568  52.937  -36.198  16.886 0.0000000000
120569  53.856  -35.858  16.396 0.0000000000
120570  54.501  -36.008  17.047 0.0000000000
120571  54.636  -35.771  16.481 0.0000000000
120572  54.776  -35.508  15.942 0.0000000000
120573  55.666  -35.174  15.549 0.0000000000
120574  56.580  -34.843  15.117 0.0000000000
120575  57.486  -34.503  14.717 0.0000000000
120576  58.311  -34.175  14.385 0.0000000000
120577  58.064  -34.470  14.934 0.0000000000
120578  58.697  -34.418  15.115 0.0000000000
120579  59.358  -34.345  15.255 0.0000000000
120580  58.421  -34.965  16.052 0.0000000000
120581  59.233  -34.630  15.719 0.0000000000
120582  60.001  -34.318  15.369 0.0000000000
120583  60.560  -34.430  15.461 0.0000000000
120584  61.108  -34.614  15.442 0.0000000000
120585  61.624  -34.828  15.465 0.0000000000
120586  61.046  -36.966  18.627 0.0000000000
120587  61.260  -36.775  18.164 0.0000000000
120588  61.671  -36.978  18.326 0.0000000000
120589  62.281  -36.959  18.000 0.0000000000
120590  62.834  -36.955  17.700 0.0000000000
120592  63.067  -37.165  17.809 0.0000000000
120593  63.324  -37.009  17.403 0.0000000000
126981  36.300  -27.500  8.909 0.0000000000
126982  35.688  -27.481  8.779 0.0000000000
126983  36.629  -27.362  8.411 0.0000000000
126984  36.940  -27.226  7.924 0.0000000000
126985  37.294  -27.074  7.480 0.0000000000
126986  38.823  -26.366  7.449 0.0000000000
126987  38.261  -26.718  7.208 0.0000000000
126988  37.650  -26.946  7.013 0.0000000000
126989  38.003  -26.800  6.532 0.0000000000
126990  38.321  -26.681  6.061 0.0000000000
126991  38.656  -26.546  5.601 0.0000000000
126993  39.595  -26.121  5.366 0.0000000000
126996  41.381  -24.468  5.706 0.0000000000
127012  47.589  -22.897  6.436 0.0000000000
127013  47.930  -22.447  6.374 0.0000000000
127014  48.289  -22.465  5.734 0.0000000000
127015  49.009  -21.990  5.022 0.0000000000
127016  49.717  -21.502  4.421 0.0000000000
127017  49.908  -22.051  4.062 0.0000000000
127018  50.190  -21.550  3.923 0.0000000000
127019  50.489  -21.050  3.850 0.0000000000
127020  51.358  -20.635  3.376 0.0000000000
127021  52.300  -20.236  2.973 0.0000000000
127061  34.491  -32.104  18.377 0.0000000000
127062  34.803  -32.503  17.513 0.0000000000
127063  35.211  -32.742  16.641 0.0000000000
127064  35.688  -32.907  15.763 0.0000000000
127065  41.584  -35.535  22.476 0.0000000000
127066  41.163  -35.334  22.457 0.0000000000
127067  41.423  -35.854  21.894 0.0000000000
127068  41.309  -36.157  21.236 0.0000000000
127069  41.179  -36.323  20.649 0.0000000000
127070  42.118  -36.813  19.875 0.0000000000
127071  41.593  -36.646  19.925 0.0000000000
127072  41.053  -36.454  19.999 0.0000000000
127073  40.936  -36.553  19.284 0.0000000000
127074  40.846  -36.607  18.560 0.0000000000
127075  40.739  -36.595  17.889 0.0000000000
127076  45.790  -34.489  12.035 0.0000000000
127077  44.924  -34.933  12.539 0.0000000000
127078  45.060  -34.526  12.011 0.0000000000
127079  44.368  -34.513  11.940 0.0000000000
127080  43.696  -34.531  11.925 0.0000000000
127081  44.692  -33.614  10.907 0.0000000000
127082  43.878  -34.062  11.360 0.0000000000
127083  43.001  -34.549  11.935 0.0000000000
127084  42.318  -34.529  11.955 0.0000000000
127085  41.690  -34.467  12.015 0.0000000000
127086  41.062  -34.371  12.076 0.0000000000
127087  40.456  -34.255  12.233 0.0000000000
127088  41.197  -33.934  11.570 0.0000000000
127089  41.358  -33.499  11.061 0.0000000000
127090  41.533  -33.048  10.564 0.0000000000
127091  42.962  -32.705  9.947 0.0000000000
127092  42.316  -32.659  9.977 0.0000000000
127093  41.738  -32.569  10.070 0.0000000000
127094  41.920  -32.099  9.620 0.0000000000
127095  42.152  -31.591  9.168 0.0000000000
127096  42.401  -31.060  8.695 0.0000000000
127097  42.592  -30.551  8.367 0.0000000000
127098  43.225  -30.662  8.200 0.0000000000
127099  44.086  -30.244  7.746 0.0000000000
127100  44.974  -29.799  7.359 0.0000000000
127101  45.445  -30.357  7.834 0.0000000000
127102  45.661  -29.872  7.438 0.0000000000
127103  45.919  -29.326  7.081 0.0000000000
127104  46.832  -28.858  6.862 0.0000000000
127105  47.735  -28.341  6.724 0.0000000000
127106  48.631  -27.818  6.613 0.0000000000
127107  55.876  -26.631  7.287 0.0000000000
127108  55.063  -26.577  7.329 0.0000000000
127109  56.119  -26.114  7.185 0.0000000000
127110  56.302  -25.599  7.095 0.0000000000
127111  56.523  -25.101  6.959 0.0000000000
127112  58.393  -24.732  6.669 0.0000000000
127113  57.586  -24.684  6.780 0.0000000000
127114  56.770  -24.615  6.793 0.0000000000
127115  56.912  -24.090  6.621 0.0000000000
127116  57.159  -23.645  6.407 0.0000000000
127117  57.387  -23.210  6.157 0.0000000000
127118  57.675  -22.827  5.867 0.0000000000
130438  46.799  -36.378  26.617 0.0000000000
130439  47.199  -36.871  26.104 0.0000000000
130440  47.807  -36.948  26.801 0.0000000000
130441  47.750  -37.121  26.183 0.0000000000
130442  47.692  -37.269  25.536 0.0000000000
130443  48.270  -37.578  24.923 0.0000000000
130444  48.918  -37.779  24.309 0.0000000000
130445  49.588  -37.878  23.625 0.0000000000
130449  51.489  -38.214  24.721 0.0000000000
130450  50.879  -38.124  24.754 0.0000000000
130451  50.197  -37.990  24.860 0.0000000000
130452  50.222  -37.971  24.217 0.0000000000
130453  50.254  -37.944  23.550 0.0000000000
130454  50.333  -37.897  22.898 0.0000000000
130455  51.139  -37.825  22.182 0.0000000000
130456  51.983  -37.678  21.512 0.0000000000
130457  52.817  -37.532  20.904 0.0000000000
130458  53.378  -37.700  21.367 0.0000000000
130459  53.523  -37.531  20.800 0.0000000000
130460  53.693  -37.369  20.248 0.0000000000
130461  54.518  -37.213  19.645 0.0000000000
130462  55.368  -37.003  19.068 0.0000000000
130463  56.294  -36.693  18.538 0.0000000000
130464  57.088  -36.413  18.093 0.0000000000
130465  56.893  -36.707  18.556 0.0000000000
130466  57.478  -36.684  18.637 0.0000000000
130467  58.049  -36.675  18.700 0.0000000000
130468  57.020  -37.172  19.668 0.0000000000
130469  57.827  -36.923  19.194 0.0000000000
130470  58.597  -36.690  18.721 0.0000000000
130471  58.982  -36.763  18.728 0.0000000000
130472  59.415  -36.830  18.753 0.0000000000
130473  59.878  -36.901  18.837 0.0000000000
130474  56.495  -38.025  21.792 0.0000000000
130475  57.123  -37.857  21.252 0.0000000000
130476  57.800  -37.634  20.749 0.0000000000
130477  58.255  -37.766  21.413 0.0000000000
130478  58.331  -37.611  20.809 0.0000000000
130479  58.508  -37.404  20.250 0.0000000000
130480  59.094  -37.255  19.796 0.0000000000
130481  59.743  -37.096  19.349 0.0000000000
130482  60.400  -36.980  18.958 0.0000000000
130483  60.889  -37.149  19.082 0.0000000000
130484  61.345  -37.316  19.258 0.0000000000
130485  61.736  -37.484  19.476 0.0000000000
130486  61.064  -37.538  20.367 0.0000000000
130487  61.561  -37.602  20.021 0.0000000000
130488  62.051  -37.648  19.686 0.0000000000
130489  62.310  -37.880  19.871 0.0000000000
130490  62.489  -38.177  20.051 0.0000000000
130491  62.586  -38.516  20.188 0.0000000000
136256  32.647  -27.102  11.305 0.0000000000
136257  33.281  -27.425  10.754 0.0000000000
136258  34.060  -27.636  10.223 0.0000000000
136259  34.987  -27.704  9.765 0.0000000000
136260  33.979  -28.386  12.452 0.0000000000
136261  34.219  -28.273  11.925 0.0000000000
136262  34.575  -28.164  11.409 0.0000000000
136263  36.140  -27.985  11.077 0.0000000000
136264  35.517  -28.071  10.984 0.0000000000
136265  34.922  -28.042  10.871 0.0000000000
136266  35.275  -27.919  10.367 0.0000000000
136267  35.597  -27.771  9.880 0.0000000000
136268  35.922  -27.634  9.393 0.0000000000
136269  36.898  -27.393  9.065 0.0000000000
136270  37.804  -26.930  8.813 0.0000000000
136271  38.685  -26.366  8.609 0.0000000000
136272  38.885  -26.185  9.293 0.0000000000
136273  39.159  -25.949  8.890 0.0000000000
136274  39.494  -25.716  8.453 0.0000000000
136275  40.340  -25.011  8.264 0.0000000000
136276  41.194  -24.346  8.122 0.0000000000
136277  42.082  -23.726  8.069 0.0000000000
136278  42.972  -23.184  8.011 0.0000000000
136279  42.716  -23.514  8.344 0.0000000000
136280  43.390  -23.369  8.522 0.0000000000
136281  43.990  -23.327  8.603 0.0000000000
136282  42.766  -24.137  9.101 0.0000000000
136283  43.662  -23.709  8.826 0.0000000000
136284  44.698  -23.274  8.516 0.0000000000
136285  45.343  -23.256  8.353 0.0000000000
136286  45.923  -23.272  8.090 0.0000000000
136287  46.453  -23.304  7.687 0.0000000000
136288  41.579  -25.727  10.064 0.0000000000
136289  42.557  -25.330  9.693 0.0000000000
136290  43.516  -24.937  9.272 0.0000000000
136291  43.727  -25.411  9.066 0.0000000000
136292  44.105  -24.949  8.953 0.0000000000
136293  44.397  -24.530  8.811 0.0000000000
136294  45.262  -24.138  8.372 0.0000000000
136295  46.066  -23.758  7.809 0.0000000000
136296  46.882  -23.332  7.113 0.0000000000
136297  47.229  -23.372  6.549 0.0000000000
136298  47.580  -23.411  5.990 0.0000000000
136299  47.972  -23.446  5.462 0.0000000000
136300  46.870  -24.334  6.177 0.0000000000
136301  47.654  -23.923  5.591 0.0000000000
136302  48.449  -23.503  4.988 0.0000000000
136303  48.998  -23.625  4.622 0.0000000000
136304  49.600  -23.692  4.397 0.0000000000
136305  50.229  -23.729  4.312 0.0000000000
136335  45.763  -36.989  17.076 0.0000000000
136336  45.138  -36.999  16.994 0.0000000000
136337  45.779  -36.774  16.350 0.0000000000
136338  45.902  -36.521  15.691 0.0000000000
136339  46.027  -36.239  15.046 0.0000000000
136340  47.526  -35.827  14.599 0.0000000000
136341  46.807  -35.883  14.522 0.0000000000
136342  46.110  -35.924  14.434 0.0000000000
136343  46.240  -35.576  13.801 0.0000000000
136344  46.316  -35.218  13.235 0.0000000000
136345  46.392  -34.842  12.697 0.0000000000
136346  50.954  -34.200  12.778 0.0000000000
136347  50.164  -34.255  12.698 0.0000000000
136348  49.439  -34.249  12.617 0.0000000000
136349  50.498  -33.346  11.701 0.0000000000
136350  49.598  -33.792  12.109 0.0000000000
136351  48.678  -34.278  12.521 0.0000000000
136352  47.928  -34.331  12.415 0.0000000000
136353  47.232  -34.380  12.293 0.0000000000
136354  46.539  -34.443  12.159 0.0000000000
136355  46.633  -34.013  11.649 0.0000000000
136356  46.729  -33.598  11.177 0.0000000000
136357  46.897  -33.139  10.706 0.0000000000
136358  48.576  -32.537  10.468 0.0000000000
136359  47.814  -32.597  10.357 0.0000000000
136360  47.093  -32.672  10.252 0.0000000000
136361  47.310  -32.166  9.812 0.0000000000
136362  47.468  -31.680  9.417 0.0000000000
136363  47.626  -31.218  9.020 0.0000000000
136364  47.908  -30.736  8.629 0.0000000000
136365  48.623  -30.688  8.711 0.0000000000
136366  49.612  -30.153  8.483 0.0000000000
136367  50.580  -29.627  8.268 0.0000000000
136368  51.151  -30.112  8.687 0.0000000000
136369  51.327  -29.628  8.334 0.0000000000
136370  51.547  -29.134  8.020 0.0000000000
136371  52.561  -28.638  7.852 0.0000000000
136372  53.638  -28.117  7.687 0.0000000000
136373  54.661  -27.630  7.540 0.0000000000
136374  54.328  -30.344  8.727 0.0000000000
136375  54.618  -29.869  8.395 0.0000000000
136376  54.848  -29.354  8.104 0.0000000000
136377  56.643  -29.019  7.577 0.0000000000
136378  55.844  -28.935  7.710 0.0000000000
136379  55.065  -28.852  7.829 0.0000000000
136380  55.289  -28.303  7.611 0.0000000000
136381  55.498  -27.718  7.463 0.0000000000
136382  55.684  -27.168  7.360 0.0000000000
136383  56.678  -26.734  7.150 0.0000000000
136384  57.683  -26.245  6.837 0.0000000000
136385  58.695  -25.793  6.535 0.0000000000
136386  59.290  -26.361  6.294 0.0000000000
136387  59.512  -25.835  6.270 0.0000000000
136388  59.729  -25.371  6.258 0.0000000000
142949  33.813  -28.946  13.990 0.0000000000
142950  34.399  -29.129  13.886 0.0000000000
142951  33.512  -29.252  14.883 0.0000000000
142952  34.208  -29.328  14.331 0.0000000000
142953  34.953  -29.283  13.806 0.0000000000
142954  35.522  -29.404  13.682 0.0000000000
142955  36.135  -29.484  13.470 0.0000000000
142956  36.738  -29.578  13.150 0.0000000000
142975  41.924  -34.838  23.464 0.0000000000
142977  42.035  -35.768  22.405 0.0000000000
142978  42.342  -36.284  21.767 0.0000000000
142979  42.756  -36.720  21.152 0.0000000000
142980  43.229  -36.743  21.791 0.0000000000
142981  43.219  -36.904  21.167 0.0000000000
142982  43.243  -37.017  20.463 0.0000000000
142983  43.784  -37.223  19.745 0.0000000000
142984  44.411  -37.326  19.017 0.0000000000
142985  45.042  -37.274  18.373 0.0000000000
142988  45.542  -36.282  25.324 0.0000000000
142989  46.459  -37.031  24.837 0.0000000000
142990  45.932  -36.808  24.811 0.0000000000
142991  45.433  -36.556  24.784 0.0000000000
142992  45.357  -36.805  24.231 0.0000000000
142993  45.313  -37.057  23.644 0.0000000000
142994  45.253  -37.199  23.028 0.0000000000
142995  48.953  -37.772  22.387 0.0000000000
142996  48.299  -37.779  22.334 0.0000000000
142997  47.671  -37.771  22.303 0.0000000000
142998  48.464  -37.706  21.027 0.0000000000
142999  47.747  -37.777  21.651 0.0000000000
143000  47.052  -37.723  22.282 0.0000000000
143001  46.433  -37.629  22.270 0.0000000000
143002  45.824  -37.510  22.326 0.0000000000
143003  45.254  -37.310  22.374 0.0000000000
143004  45.302  -37.416  21.717 0.0000000000
143005  45.383  -37.459  21.021 0.0000000000
143006  45.440  -37.467  20.346 0.0000000000
143007  46.739  -37.500  19.713 0.0000000000
143008  46.107  -37.473  19.688 0.0000000000
143009  45.485  -37.430  19.688 0.0000000000
143010  45.566  -37.365  19.036 0.0000000000
143011  45.673  -37.277  18.366 0.0000000000
143012  45.737  -37.144  17.712 0.0000000000
143013  46.435  -36.953  17.090 0.0000000000
143014  47.158  -36.685  16.543 0.0000000000
143015  47.921  -36.375  15.958 0.0000000000
143016  48.596  -36.515  16.643 0.0000000000
143017  48.660  -36.264  16.025 0.0000000000
143018  48.745  -36.013  15.405 0.0000000000
143019  49.613  -35.637  14.865 0.0000000000
143020  50.479  -35.277  14.382 0.0000000000
143021  51.386  -34.884  13.878 0.0000000000
143022  51.446  -36.323  16.782 0.0000000000
143023  51.577  -36.028  16.204 0.0000000000
143024  51.729  -35.737  15.655 0.0000000000
143025  53.432  -35.273  15.214 0.0000000000
143026  52.687  -35.359  15.157 0.0000000000
143027  51.914  -35.427  15.079 0.0000000000
143028  51.996  -35.151  14.524 0.0000000000
143029  52.139  -34.832  13.953 0.0000000000
143030  52.337  -34.493  13.412 0.0000000000
143031  53.295  -34.103  13.001 0.0000000000
143032  54.258  -33.736  12.518 0.0000000000
143033  55.209  -33.387  12.096 0.0000000000
143034  55.800  -33.686  12.753 0.0000000000
143035  55.990  -33.367  12.222 0.0000000000
143036  56.189  -32.980  11.724 0.0000000000
143037  57.165  -32.645  11.361 0.0000000000
143038  58.144  -32.318  11.007 0.0000000000
143039  59.099  -32.014  10.692 0.0000000000
143040  59.905  -31.699  10.415 0.0000000000
143041  59.710  -32.077  10.925 0.0000000000
143042  60.229  -32.114  11.167 0.0000000000
143043  60.823  -32.154  11.360 0.0000000000
143044  59.900  -32.713  12.109 0.0000000000
143045  60.648  -32.449  11.835 0.0000000000
143046  61.426  -32.194  11.574 0.0000000000
143050  59.141  -33.847  14.101 0.0000000000
143051  59.922  -33.552  13.863 0.0000000000
143052  60.729  -33.289  13.613 0.0000000000
143053  61.171  -33.547  14.306 0.0000000000
143054  61.335  -33.333  13.834 0.0000000000
143055  61.498  -33.086  13.356 0.0000000000
143068  57.882  -36.136  17.689 0.0000000000
143069  58.688  -35.851  17.315 0.0000000000
143070  59.424  -35.595  16.944 0.0000000000
143071  59.696  -35.974  17.352 0.0000000000
143072  59.914  -35.664  16.939 0.0000000000
143073  60.125  -35.398  16.553 0.0000000000
143074  60.784  -35.274  16.158 0.0000000000
143075  61.434  -35.149  15.792 0.0000000000
143077  61.428  -36.569  17.720 0.0000000000
143078  61.622  -36.374  17.255 0.0000000000
143079  61.861  -36.152  16.815 0.0000000000
143080  62.994  -36.306  16.691 0.0000000000
143081  62.579  -36.102  16.533 0.0000000000
143082  62.128  -35.881  16.388 0.0000000000
143083  62.398  -35.582  15.987 0.0000000000
143084  62.607  -35.271  15.610 0.0000000000
159250  62.461  -38.652  20.657 0.0000000000
159586  35.033  -27.369  8.705 0.0000000000
159587  34.538  -27.141  8.585 0.0000000000
159588  34.042  -26.862  8.567 0.0000000000
159589  35.139  -27.000  7.601 0.0000000000
159590  34.303  -26.819  8.037 0.0000000000
159591  33.588  -26.517  8.580 0.0000000000
159658  43.965  -22.647  7.894 0.0000000000
159659  44.926  -22.073  7.796 0.0000000000
159660  45.839  -21.560  7.641 0.0000000000
159661  46.235  -21.996  7.826 0.0000000000
159662  46.465  -21.549  7.684 0.0000000000
159663  46.682  -21.103  7.469 0.0000000000
159664  47.565  -20.595  7.283 0.0000000000
159667  48.279  -22.021  6.312 0.0000000000
159668  48.656  -21.530  6.253 0.0000000000
159669  48.952  -21.042  6.244 0.0000000000
159670  49.980  -20.528  5.019 0.0000000000
159671  49.611  -20.544  5.688 0.0000000000
159672  49.189  -20.574  6.275 0.0000000000
159673  49.514  -20.025  6.229 0.0000000000
159784  33.166  -29.880  16.716 0.0000000000
159785  33.675  -30.079  16.123 0.0000000000
159786  34.299  -30.205  15.490 0.0000000000
159787  34.657  -30.792  15.632 0.0000000000
159788  34.790  -30.505  15.232 0.0000000000
159789  34.922  -30.221  14.824 0.0000000000
159790  35.661  -30.146  14.173 0.0000000000
159791  36.468  -29.985  13.478 0.0000000000
159792  37.286  -29.755  12.813 0.0000000000
159803  40.323  -34.719  22.464 0.0000000000
159805  39.842  -35.316  21.469 0.0000000000
159817  37.041  -33.944  20.348 0.0000000000
159818  36.795  -34.063  19.841 0.0000000000
159819  36.579  -34.144  19.330 0.0000000000
159820  44.500  -36.983  16.972 0.0000000000
159821  43.845  -36.949  16.982 0.0000000000
159822  43.172  -36.920  16.992 0.0000000000
159823  43.886  -36.567  15.590 0.0000000000
159824  43.171  -36.771  16.287 0.0000000000
159825  42.536  -36.881  17.047 0.0000000000
159826  41.893  -36.808  17.047 0.0000000000
159827  41.289  -36.690  17.094 0.0000000000
159828  40.716  -36.552  17.205 0.0000000000
159829  44.105  -35.364  13.089 0.0000000000
159830  43.359  -35.732  13.665 0.0000000000
159831  42.686  -36.039  14.272 0.0000000000
159832  42.046  -35.690  13.704 0.0000000000
159833  42.018  -35.988  14.329 0.0000000000
159834  41.995  -36.251  14.949 0.0000000000
159835  41.320  -36.392  15.690 0.0000000000
159836  40.700  -36.467  16.460 0.0000000000
159837  40.137  -36.389  17.308 0.0000000000
159838  39.543  -36.192  17.408 0.0000000000
159839  38.948  -35.960  17.577 0.0000000000
159840  38.412  -35.704  17.736 0.0000000000
159841  38.930  -35.721  16.196 0.0000000000
159842  38.313  -35.617  17.121 0.0000000000
159843  37.848  -35.387  17.982 0.0000000000
159844  37.321  -35.013  18.187 0.0000000000
159845  36.850  -34.620  18.459 0.0000000000
159846  36.415  -34.193  18.762 0.0000000000
159847  36.324  -34.230  18.139 0.0000000000
159848  36.235  -34.155  17.531 0.0000000000
159849  36.179  -34.017  16.893 0.0000000000
159850  37.133  -34.518  15.728 0.0000000000
159851  36.627  -34.201  16.001 0.0000000000
159852  36.175  -33.871  16.264 0.0000000000
159853  36.165  -33.596  15.815 0.0000000000
159854  36.220  -33.341  15.317 0.0000000000
159855  36.318  -33.030  14.839 0.0000000000
159856  39.845  -34.107  12.402 0.0000000000
159857  39.229  -34.000  12.674 0.0000000000
159858  38.651  -33.809  12.937 0.0000000000
159859  39.515  -33.103  11.640 0.0000000000
159860  38.750  -33.365  12.440 0.0000000000
159861  38.098  -33.543  13.200 0.0000000000
159862  37.538  -33.295  13.542 0.0000000000
159863  36.966  -33.001  13.960 0.0000000000
159864  36.431  -32.666  14.346 0.0000000000
159865  36.595  -32.251  13.912 0.0000000000
159866  36.787  -31.801  13.522 0.0000000000
159867  37.032  -31.322  13.155 0.0000000000
159868  38.332  -31.428  11.826 0.0000000000
159869  37.825  -31.144  12.328 0.0000000000
159870  37.311  -30.887  12.834 0.0000000000
159871  37.589  -30.455  12.582 0.0000000000
159872  37.846  -29.989  12.375 0.0000000000
159873  38.198  -29.499  12.130 0.0000000000
159874  39.017  -29.242  11.548 0.0000000000
159875  39.871  -28.927  10.957 0.0000000000
159876  40.666  -28.622  10.353 0.0000000000
159877  40.817  -29.294  9.786 0.0000000000
159878  41.148  -28.807  9.706 0.0000000000
159879  41.473  -28.284  9.636 0.0000000000
159880  42.293  -27.881  8.962 0.0000000000
159881  43.072  -27.486  8.311 0.0000000000
159882  43.843  -27.103  7.655 0.0000000000
159883  42.837  -30.032  8.009 0.0000000000
159884  43.069  -29.472  7.757 0.0000000000
159885  43.307  -28.916  7.512 0.0000000000
159886  44.837  -28.649  6.780 0.0000000000
159887  44.180  -28.517  6.980 0.0000000000
159888  43.615  -28.345  7.312 0.0000000000
159889  43.950  -27.784  7.183 0.0000000000
159890  44.269  -27.241  7.102 0.0000000000
159891  44.610  -26.725  7.056 0.0000000000
159892  45.429  -26.346  6.488 0.0000000000
159893  46.319  -25.979  5.953 0.0000000000
159894  47.219  -25.575  5.547 0.0000000000
159895  47.612  -26.218  5.517 0.0000000000
159896  47.868  -25.722  5.347 0.0000000000
159897  48.151  -25.172  5.157 0.0000000000
159898  49.075  -24.741  4.823 0.0000000000
159899  50.030  -24.279  4.586 0.0000000000
159900  50.937  -23.818  4.378 0.0000000000
159901  48.145  -30.242  8.302 0.0000000000
159902  48.376  -29.737  7.976 0.0000000000
159903  48.607  -29.251  7.706 0.0000000000
159904  50.242  -28.696  7.656 0.0000000000
159905  49.515  -28.731  7.557 0.0000000000
159906  48.815  -28.759  7.422 0.0000000000
159907  49.044  -28.266  7.137 0.0000000000
159908  49.313  -27.778  6.865 0.0000000000
159909  49.584  -27.269  6.598 0.0000000000
159910  54.248  -26.537  7.275 0.0000000000
159911  53.421  -26.570  7.202 0.0000000000
159912  52.611  -26.624  7.110 0.0000000000
159913  53.906  -25.555  6.933 0.0000000000
159914  52.873  -26.100  6.966 0.0000000000
159915  51.842  -26.658  6.977 0.0000000000
159916  51.146  -26.686  6.800 0.0000000000
159917  50.509  -26.728  6.586 0.0000000000
159918  49.896  -26.760  6.341 0.0000000000
159919  50.241  -26.272  6.096 0.0000000000
159920  50.523  -25.844  5.845 0.0000000000
159921  50.812  -25.369  5.556 0.0000000000
159922  52.350  -24.757  5.778 0.0000000000
159923  51.733  -24.845  5.498 0.0000000000
159924  51.064  -24.896  5.216 0.0000000000
159925  51.323  -24.361  4.879 0.0000000000
159926  51.547  -23.873  4.531 0.0000000000
159927  51.796  -23.362  4.217 0.0000000000
159928  52.758  -22.852  4.068 0.0000000000
159929  53.655  -22.377  3.969 0.0000000000
159930  54.597  -21.919  3.891 0.0000000000
159931  55.036  -22.415  4.533 0.0000000000
159932  55.284  -21.943  4.167 0.0000000000
159937  58.025  -22.413  5.563 0.0000000000
