#!ascii label  , from subject fsaverage vox2ras=TkReg
1287
75  42.823  -29.670  22.006 0.0000000000
316  34.399  -23.799  20.652 0.0000000000
317  45.852  -34.667  27.292 0.0000000000
423  42.550  -21.889  19.485 0.0000000000
425  49.962  -26.104  25.104 0.0000000000
592  36.201  -33.658  19.595 0.0000000000
1312  42.858  -25.719  21.490 0.0000000000
1313  38.208  -27.248  22.259 0.0000000000
1314  38.948  -31.824  22.112 0.0000000000
1721  32.272  -24.201  17.993 0.0000000000
1723  43.644  -31.340  25.504 0.0000000000
1724  41.363  -34.983  22.976 0.0000000000
1947  43.419  -17.667  20.748 0.0000000000
1949  46.364  -21.629  18.777 0.0000000000
1950  46.542  -25.218  20.818 0.0000000000
1952  50.255  -24.231  20.908 0.0000000000
1953  46.515  -27.584  22.915 0.0000000000
1954  46.891  -29.718  26.970 0.0000000000
2410  38.235  -22.913  20.647 0.0000000000
2411  34.217  -29.136  21.031 0.0000000000
3232  42.603  -28.031  20.900 0.0000000000
3233  40.485  -28.569  21.570 0.0000000000
3234  40.735  -30.630  22.228 0.0000000000
3827  35.151  -20.888  21.006 0.0000000000
3829  33.086  -24.091  19.531 0.0000000000
3830  31.811  -26.797  17.861 0.0000000000
3831  32.603  -26.716  19.516 0.0000000000
3832  44.623  -33.071  26.399 0.0000000000
3833  43.583  -34.604  24.881 0.0000000000
3834  45.042  -35.955  25.298 0.0000000000
4278  48.422  -19.519  18.253 0.0000000000
4279  48.274  -21.734  18.184 0.0000000000
4280  46.547  -23.306  20.130 0.0000000000
4281  48.431  -23.024  19.808 0.0000000000
4287  50.049  -25.405  22.317 0.0000000000
4288  48.319  -26.235  21.273 0.0000000000
4289  48.245  -26.656  23.785 0.0000000000
4290  46.493  -28.166  25.165 0.0000000000
4291  48.344  -27.729  26.010 0.0000000000
5377  42.743  -19.824  19.046 0.0000000000
5378  40.761  -20.028  20.443 0.0000000000
5379  40.268  -22.395  19.910 0.0000000000
5380  36.514  -30.808  21.764 0.0000000000
5381  36.043  -28.361  21.973 0.0000000000
5382  34.955  -31.607  20.472 0.0000000000
5383  34.151  -31.621  18.665 0.0000000000
6042  36.709  -20.670  21.672 0.0000000000
6318  50.212  -27.676  27.063 0.0000000000
6970  42.786  -23.510  21.108 0.0000000000
6971  40.418  -24.101  21.432 0.0000000000
6972  40.456  -26.393  21.977 0.0000000000
6973  38.427  -29.617  22.032 0.0000000000
6974  37.361  -33.008  21.237 0.0000000000
7861  42.974  -30.126  24.056 0.0000000000
7862  41.320  -31.971  23.778 0.0000000000
7863  42.349  -33.241  24.533 0.0000000000
8441  45.077  -17.743  19.787 0.0000000000
8442  44.500  -19.717  18.498 0.0000000000
8444  46.409  -19.541  18.377 0.0000000000
8445  44.450  -21.632  19.195 0.0000000000
8446  44.701  -23.425  20.679 0.0000000000
8447  44.718  -25.552  21.055 0.0000000000
8448  44.593  -27.495  20.597 0.0000000000
8454  50.482  -22.728  19.776 0.0000000000
8455  48.379  -24.646  20.799 0.0000000000
8456  46.515  -26.942  20.715 0.0000000000
8457  44.717  -28.637  22.276 0.0000000000
8458  44.686  -28.932  24.565 0.0000000000
8459  45.151  -30.338  26.252 0.0000000000
8460  45.980  -32.226  27.485 0.0000000000
8461  48.742  -29.348  27.762 0.0000000000
8462  47.503  -31.632  28.470 0.0000000000
8463  47.021  -34.048  28.888 0.0000000000
9784  41.290  -17.696  21.849 0.0000000000
9785  38.791  -20.366  21.491 0.0000000000
9786  36.253  -23.396  21.060 0.0000000000
9787  38.133  -25.028  21.675 0.0000000000
9788  35.978  -25.913  21.571 0.0000000000
9789  34.027  -26.513  20.859 0.0000000000
9790  32.984  -29.367  19.414 0.0000000000
9793  39.895  -33.604  22.739 0.0000000000
9794  38.770  -34.889  20.945 0.0000000000
10912  42.662  -29.074  21.062 0.0000000000
10913  41.589  -29.366  21.364 0.0000000000
10914  41.746  -30.138  22.071 0.0000000000
11507  34.733  -22.368  20.800 0.0000000000
11508  34.067  -22.596  20.274 0.0000000000
11509  33.681  -23.991  20.184 0.0000000000
11510  32.796  -25.392  19.551 0.0000000000
11511  33.376  -25.358  20.180 0.0000000000
11512  45.202  -33.873  26.820 0.0000000000
11513  44.671  -34.568  26.047 0.0000000000
11514  45.395  -35.289  26.328 0.0000000000
11958  49.379  -20.647  17.606 0.0000000000
11959  49.295  -21.697  17.959 0.0000000000
11960  48.377  -22.423  18.907 0.0000000000
11961  49.408  -22.316  18.767 0.0000000000
11966  50.831  -25.092  23.052 0.0000000000
11967  49.970  -25.636  23.756 0.0000000000
11968  49.177  -26.061  23.034 0.0000000000
11969  49.099  -26.315  24.441 0.0000000000
11970  48.260  -27.110  24.976 0.0000000000
11971  49.158  -26.917  25.541 0.0000000000
13057  42.505  -20.933  18.879 0.0000000000
13058  41.414  -21.076  19.267 0.0000000000
13059  41.412  -22.111  19.673 0.0000000000
13060  36.108  -32.366  20.939 0.0000000000
13061  35.641  -31.326  21.250 0.0000000000
13062  35.525  -32.681  20.048 0.0000000000
13063  35.080  -32.738  19.041 0.0000000000
15457  42.785  -24.654  21.529 0.0000000000
15458  41.663  -24.880  21.725 0.0000000000
15459  41.675  -26.020  21.736 0.0000000000
15460  39.605  -30.174  21.904 0.0000000000
15461  39.459  -29.048  21.861 0.0000000000
15462  38.634  -30.804  22.006 0.0000000000
15463  37.730  -31.402  21.872 0.0000000000
15464  38.146  -32.493  21.804 0.0000000000
17245  33.031  -22.782  18.941 0.0000000000
17249  32.081  -24.257  17.113 0.0000000000
17250  31.642  -25.599  15.963 0.0000000000
17251  31.782  -25.518  16.992 0.0000000000
17252  31.912  -27.949  17.751 0.0000000000
17253  31.862  -27.920  16.706 0.0000000000
17257  43.267  -30.590  24.878 0.0000000000
17258  42.517  -31.610  24.597 0.0000000000
17259  42.943  -32.313  25.055 0.0000000000
18589  45.978  -17.791  19.456 0.0000000000
18590  44.754  -18.775  19.044 0.0000000000
18591  45.627  -18.769  18.866 0.0000000000
18595  47.263  -20.688  18.141 0.0000000000
18596  47.335  -19.558  18.288 0.0000000000
18597  46.317  -20.615  18.301 0.0000000000
18598  45.353  -20.663  18.373 0.0000000000
18599  45.445  -21.588  19.005 0.0000000000
18600  44.647  -22.436  19.961 0.0000000000
18601  45.540  -22.465  19.754 0.0000000000
18602  46.550  -24.210  20.646 0.0000000000
18603  45.674  -24.369  20.825 0.0000000000
18604  45.624  -25.369  20.884 0.0000000000
18605  44.594  -26.535  20.787 0.0000000000
18606  45.581  -26.311  20.734 0.0000000000
18618  51.078  -23.977  21.151 0.0000000000
18621  51.387  -22.539  19.937 0.0000000000
18622  50.351  -23.405  20.584 0.0000000000
18623  49.444  -23.593  20.484 0.0000000000
18624  49.321  -24.390  20.832 0.0000000000
18625  47.469  -26.951  21.970 0.0000000000
18626  47.416  -26.642  20.960 0.0000000000
18627  46.572  -27.473  21.641 0.0000000000
18628  45.648  -27.957  21.342 0.0000000000
18629  45.634  -28.094  22.566 0.0000000000
18630  44.705  -28.643  23.443 0.0000000000
18631  45.553  -28.164  23.675 0.0000000000
18632  46.652  -28.870  26.159 0.0000000000
18633  45.732  -29.137  25.867 0.0000000000
18634  45.994  -29.999  26.638 0.0000000000
18635  45.532  -31.290  26.872 0.0000000000
18636  46.340  -30.933  27.268 0.0000000000
18638  49.457  -28.464  27.387 0.0000000000
18639  49.674  -29.327  28.128 0.0000000000
18642  47.839  -32.572  29.417 0.0000000000
18643  47.153  -32.856  28.865 0.0000000000
18644  47.641  -33.745  29.587 0.0000000000
21894  42.362  -17.684  21.368 0.0000000000
21895  39.406  -21.335  20.334 0.0000000000
21896  39.793  -20.186  21.088 0.0000000000
21897  38.506  -21.606  20.895 0.0000000000
21898  37.495  -21.823  21.267 0.0000000000
21899  37.261  -23.144  20.928 0.0000000000
21900  39.305  -25.616  22.036 0.0000000000
21901  39.247  -24.574  21.575 0.0000000000
21902  38.150  -26.115  22.140 0.0000000000
21903  35.028  -28.807  21.581 0.0000000000
21904  35.937  -27.201  21.888 0.0000000000
21905  34.949  -27.523  21.578 0.0000000000
21906  34.909  -26.298  21.321 0.0000000000
21907  34.045  -27.889  21.001 0.0000000000
21908  33.275  -28.023  20.363 0.0000000000
21909  33.518  -29.326  20.302 0.0000000000
21911  34.041  -31.382  17.671 0.0000000000
21915  41.144  -33.586  23.652 0.0000000000
21916  40.592  -32.825  23.339 0.0000000000
21917  40.594  -34.383  22.927 0.0000000000
24250  42.710  -26.856  21.216 0.0000000000
24251  41.605  -27.106  21.529 0.0000000000
24252  41.566  -28.226  21.254 0.0000000000
24253  40.561  -29.744  21.661 0.0000000000
24254  39.824  -31.174  22.260 0.0000000000
25324  33.504  -22.682  19.655 0.0000000000
25325  32.611  -24.137  18.814 0.0000000000
25326  31.974  -25.480  17.958 0.0000000000
25327  32.313  -25.453  18.780 0.0000000000
25328  32.121  -26.771  18.757 0.0000000000
25329  32.170  -28.021  18.639 0.0000000000
25330  44.039  -32.174  25.978 0.0000000000
25331  43.480  -33.020  25.366 0.0000000000
25332  44.045  -33.857  25.713 0.0000000000
25333  44.270  -35.317  25.167 0.0000000000
26134  48.330  -20.655  17.914 0.0000000000
26135  47.330  -21.623  18.546 0.0000000000
26136  46.423  -22.480  19.467 0.0000000000
26137  47.375  -22.441  19.140 0.0000000000
26138  47.445  -23.218  19.946 0.0000000000
26139  47.469  -24.029  20.555 0.0000000000
26148  50.954  -24.648  21.771 0.0000000000
26149  50.085  -24.918  21.298 0.0000000000
26150  49.239  -25.222  20.964 0.0000000000
26151  49.188  -25.805  21.713 0.0000000000
26152  48.360  -26.536  22.371 0.0000000000
26153  47.403  -27.056  23.323 0.0000000000
26154  46.424  -27.724  24.090 0.0000000000
26155  47.374  -27.337  24.513 0.0000000000
26156  47.390  -27.944  25.564 0.0000000000
26157  47.557  -28.661  26.550 0.0000000000
28111  43.091  -18.756  19.965 0.0000000000
28112  42.116  -18.825  20.632 0.0000000000
28113  41.734  -19.899  19.702 0.0000000000
28114  40.390  -21.144  19.702 0.0000000000
28115  39.246  -22.613  20.242 0.0000000000
28116  37.201  -29.091  22.166 0.0000000000
28117  37.106  -27.854  22.204 0.0000000000
28118  36.228  -29.586  21.954 0.0000000000
28119  35.355  -30.022  21.521 0.0000000000
28120  34.532  -30.394  20.842 0.0000000000
28121  33.922  -30.535  20.088 0.0000000000
28122  34.452  -31.722  19.619 0.0000000000
29459  35.916  -20.757  21.433 0.0000000000
29460  35.510  -22.179  21.168 0.0000000000
29461  46.609  -35.500  27.681 0.0000000000
30101  50.837  -26.018  25.800 0.0000000000
30102  50.065  -26.816  26.157 0.0000000000
30103  50.934  -26.871  26.779 0.0000000000
31624  42.689  -22.648  20.358 0.0000000000
31625  41.522  -22.903  20.484 0.0000000000
31626  41.608  -23.794  21.283 0.0000000000
31627  40.501  -25.174  21.918 0.0000000000
31628  39.314  -26.772  22.142 0.0000000000
31629  40.505  -27.445  21.774 0.0000000000
31630  39.385  -27.927  21.992 0.0000000000
31631  38.300  -28.437  22.138 0.0000000000
31632  37.447  -30.287  22.009 0.0000000000
31633  36.893  -31.964  21.523 0.0000000000
33949  31.648  -26.781  16.900 0.0000000000
33955  42.867  -29.829  23.179 0.0000000000
33956  41.946  -30.606  23.221 0.0000000000
33957  42.134  -31.086  23.986 0.0000000000
33958  41.787  -32.651  24.252 0.0000000000
33959  41.787  -34.145  23.806 0.0000000000
33960  42.930  -33.915  24.673 0.0000000000
33961  42.489  -34.733  23.874 0.0000000000
35601  44.237  -17.690  20.266 0.0000000000
35602  43.935  -18.761  19.480 0.0000000000
35603  43.555  -19.744  18.692 0.0000000000
35604  43.427  -20.818  18.672 0.0000000000
35608  48.587  -18.579  18.983 0.0000000000
35610  46.579  -18.720  18.872 0.0000000000
35611  45.441  -19.649  18.411 0.0000000000
35612  44.346  -20.733  18.547 0.0000000000
35613  43.450  -21.715  19.414 0.0000000000
35614  43.652  -22.500  20.213 0.0000000000
35615  43.750  -23.457  20.923 0.0000000000
35616  43.755  -24.565  21.294 0.0000000000
35617  45.626  -23.374  20.401 0.0000000000
35618  44.736  -24.448  21.040 0.0000000000
35619  43.776  -25.646  21.235 0.0000000000
35620  43.673  -26.733  20.980 0.0000000000
35621  43.577  -27.767  20.715 0.0000000000
35622  43.637  -28.811  20.975 0.0000000000
35639  51.527  -22.136  18.810 0.0000000000
35640  50.506  -22.222  18.727 0.0000000000
35641  49.484  -22.871  19.734 0.0000000000
35642  48.475  -23.813  20.502 0.0000000000
35643  47.482  -24.922  20.844 0.0000000000
35644  48.330  -25.487  20.864 0.0000000000
35645  47.422  -25.764  20.755 0.0000000000
35646  46.528  -26.068  20.723 0.0000000000
35647  45.588  -27.206  20.617 0.0000000000
35648  44.671  -28.451  21.072 0.0000000000
35649  43.766  -29.178  22.090 0.0000000000
35650  43.780  -29.221  23.248 0.0000000000
35651  43.824  -29.460  24.268 0.0000000000
35652  44.009  -29.975  25.173 0.0000000000
35653  45.585  -28.477  24.836 0.0000000000
35654  44.881  -29.464  25.524 0.0000000000
35655  44.385  -30.786  25.924 0.0000000000
35656  44.740  -31.686  26.396 0.0000000000
35657  45.276  -32.612  26.953 0.0000000000
35658  45.812  -33.447  27.523 0.0000000000
35659  49.275  -27.633  26.579 0.0000000000
35660  48.495  -28.476  26.942 0.0000000000
35661  47.782  -29.469  27.322 0.0000000000
35663  48.044  -30.443  28.060 0.0000000000
35664  47.176  -30.595  27.650 0.0000000000
35665  46.723  -31.867  28.007 0.0000000000
35666  46.485  -33.107  28.229 0.0000000000
35667  46.426  -34.343  28.106 0.0000000000
39589  41.080  -18.949  21.276 0.0000000000
39590  40.074  -19.011  21.767 0.0000000000
39591  39.005  -19.010  22.053 0.0000000000
39592  37.713  -20.532  21.682 0.0000000000
39593  36.465  -22.048  21.316 0.0000000000
39594  35.277  -23.651  20.976 0.0000000000
39595  40.361  -23.222  20.565 0.0000000000
39596  39.195  -23.690  20.795 0.0000000000
39597  38.145  -24.110  21.001 0.0000000000
39598  37.016  -26.673  22.092 0.0000000000
39599  37.018  -25.556  21.697 0.0000000000
39600  37.107  -24.420  21.156 0.0000000000
39601  36.077  -24.721  21.175 0.0000000000
39602  35.072  -24.982  21.064 0.0000000000
39603  34.173  -25.215  20.682 0.0000000000
39604  33.263  -26.652  20.257 0.0000000000
39605  32.655  -28.024  19.552 0.0000000000
39606  32.573  -29.233  18.477 0.0000000000
39607  33.504  -30.562  19.142 0.0000000000
39613  40.982  -31.334  23.085 0.0000000000
39614  40.136  -32.099  22.831 0.0000000000
39615  39.376  -32.832  22.408 0.0000000000
39617  39.287  -34.328  21.926 0.0000000000
39618  38.639  -33.494  21.824 0.0000000000
39619  37.982  -34.009  21.055 0.0000000000
41632  42.722  -29.483  21.476 0.0000000000
41633  42.187  -29.645  21.537 0.0000000000
41634  42.268  -29.902  22.054 0.0000000000
42227  34.561  -23.089  20.721 0.0000000000
42228  34.183  -23.227  20.496 0.0000000000
42229  34.020  -23.900  20.434 0.0000000000
42230  33.526  -24.659  20.159 0.0000000000
42231  33.866  -24.599  20.408 0.0000000000
42232  45.506  -34.306  27.064 0.0000000000
42233  45.264  -34.624  26.622 0.0000000000
42234  45.623  -34.989  26.807 0.0000000000
42677  50.358  -21.192  17.494 0.0000000000
42678  49.813  -21.223  17.532 0.0000000000
42679  49.769  -21.687  17.844 0.0000000000
42680  49.327  -22.042  18.330 0.0000000000
42685  50.367  -25.749  24.860 0.0000000000
42687  49.935  -25.850  24.472 0.0000000000
42688  49.509  -25.968  24.100 0.0000000000
42689  49.510  -26.214  24.729 0.0000000000
42690  49.131  -26.586  25.012 0.0000000000
42691  49.552  -26.486  25.328 0.0000000000
43777  42.514  -21.457  19.112 0.0000000000
43778  41.938  -21.545  19.232 0.0000000000
43779  41.978  -21.985  19.586 0.0000000000
43781  35.791  -32.574  20.515 0.0000000000
46177  42.836  -25.194  21.523 0.0000000000
46178  42.260  -25.314  21.653 0.0000000000
46179  42.268  -25.857  21.610 0.0000000000
46180  39.233  -30.993  22.081 0.0000000000
46181  39.109  -30.480  22.013 0.0000000000
46182  38.786  -31.356  22.036 0.0000000000
46183  38.355  -31.649  21.970 0.0000000000
46184  38.548  -32.191  21.974 0.0000000000
47965  32.619  -23.504  18.455 0.0000000000
47966  32.837  -22.845  18.532 0.0000000000
47967  32.464  -23.553  18.039 0.0000000000
47969  32.172  -24.220  17.577 0.0000000000
47970  31.915  -24.895  17.051 0.0000000000
47971  32.002  -24.868  17.541 0.0000000000
47977  43.449  -30.962  25.229 0.0000000000
47978  43.063  -31.490  25.051 0.0000000000
47979  43.297  -31.836  25.299 0.0000000000
49308  46.529  -17.279  19.571 0.0000000000
49309  46.415  -17.797  19.363 0.0000000000
49310  45.798  -18.294  19.192 0.0000000000
49311  46.247  -18.280  19.111 0.0000000000
49315  46.794  -21.173  18.393 0.0000000000
49316  46.803  -20.646  18.208 0.0000000000
49317  46.341  -21.136  18.492 0.0000000000
49318  45.862  -21.148  18.594 0.0000000000
49319  45.918  -21.601  18.903 0.0000000000
49320  45.509  -22.026  19.375 0.0000000000
49321  45.936  -22.050  19.289 0.0000000000
49322  46.544  -24.738  20.794 0.0000000000
49323  46.072  -24.801  20.825 0.0000000000
49324  46.077  -25.289  20.837 0.0000000000
49325  45.596  -25.857  20.821 0.0000000000
49326  46.077  -25.763  20.819 0.0000000000
49338  50.658  -24.128  21.032 0.0000000000
49339  51.149  -23.612  20.957 0.0000000000
49340  50.728  -23.762  20.859 0.0000000000
49342  50.292  -23.827  20.799 0.0000000000
49343  49.840  -23.870  20.764 0.0000000000
49344  49.815  -24.275  20.828 0.0000000000
49345  47.029  -27.263  22.456 0.0000000000
49346  47.015  -27.244  21.783 0.0000000000
49347  46.564  -27.552  22.268 0.0000000000
49348  46.102  -27.827  22.123 0.0000000000
49349  46.086  -27.847  22.700 0.0000000000
49350  45.606  -28.107  23.123 0.0000000000
49351  46.011  -27.878  23.272 0.0000000000
49352  46.771  -29.245  26.583 0.0000000000
49353  46.324  -29.408  26.452 0.0000000000
49354  46.442  -29.841  26.806 0.0000000000
49355  46.166  -30.454  26.952 0.0000000000
49356  46.589  -30.299  27.128 0.0000000000
49358  50.010  -28.876  27.988 0.0000000000
49363  47.699  -33.140  29.569 0.0000000000
52613  42.997  -17.070  21.362 0.0000000000
52614  42.895  -17.666  21.071 0.0000000000
52615  38.821  -22.093  20.450 0.0000000000
52616  38.969  -21.455  20.659 0.0000000000
52617  38.348  -22.242  20.697 0.0000000000
52618  37.878  -22.380  20.899 0.0000000000
52619  37.755  -23.026  20.817 0.0000000000
52620  38.739  -26.408  22.220 0.0000000000
52621  38.703  -25.881  22.137 0.0000000000
52622  38.181  -26.670  22.231 0.0000000000
52623  34.617  -28.980  21.321 0.0000000000
52624  34.940  -28.151  21.578 0.0000000000
52625  34.530  -28.343  21.361 0.0000000000
52626  34.473  -27.743  21.304 0.0000000000
52627  34.084  -28.508  21.057 0.0000000000
52628  33.710  -28.600  20.713 0.0000000000
52629  33.813  -29.259  20.684 0.0000000000
52635  41.195  -34.353  23.421 0.0000000000
52636  40.845  -33.984  23.340 0.0000000000
55777  42.621  -27.412  21.074 0.0000000000
55778  42.121  -27.556  21.217 0.0000000000
55779  42.094  -28.122  21.096 0.0000000000
55780  41.134  -30.006  21.748 0.0000000000
55781  41.079  -29.549  21.504 0.0000000000
55782  40.641  -30.215  21.911 0.0000000000
55783  40.164  -30.461  21.997 0.0000000000
55784  40.272  -30.904  22.245 0.0000000000
57565  33.556  -23.395  19.915 0.0000000000
57566  33.768  -22.687  19.986 0.0000000000
57567  33.284  -23.370  19.588 0.0000000000
57568  33.042  -23.401  19.237 0.0000000000
57569  32.845  -24.094  19.185 0.0000000000
57570  32.449  -24.795  18.787 0.0000000000
57571  32.671  -24.779  19.146 0.0000000000
57572  32.668  -26.074  19.540 0.0000000000
57573  32.434  -26.085  19.181 0.0000000000
57574  32.351  -26.735  19.176 0.0000000000
57575  32.111  -27.413  18.704 0.0000000000
57576  32.271  -27.380  19.119 0.0000000000
57577  44.334  -32.665  26.148 0.0000000000
57578  44.009  -33.055  25.867 0.0000000000
57579  44.307  -33.466  26.059 0.0000000000
57580  44.793  -35.259  25.725 0.0000000000
57581  44.418  -34.928  25.607 0.0000000000
57582  44.629  -35.645  25.255 0.0000000000
58915  48.801  -21.220  17.842 0.0000000000
58916  48.829  -20.662  17.788 0.0000000000
58917  48.289  -21.242  18.024 0.0000000000
58918  47.796  -21.194  18.185 0.0000000000
58919  47.798  -21.688  18.389 0.0000000000
58920  47.339  -22.079  18.832 0.0000000000
58921  47.812  -22.117  18.635 0.0000000000
58922  48.421  -22.701  19.358 0.0000000000
58923  47.919  -22.777  19.437 0.0000000000
58924  47.949  -23.132  19.864 0.0000000000
58925  47.510  -23.627  20.323 0.0000000000
58926  47.969  -23.500  20.226 0.0000000000
58938  50.454  -25.234  22.676 0.0000000000
58939  50.907  -24.903  22.349 0.0000000000
58940  50.513  -25.036  21.980 0.0000000000
58941  50.501  -24.782  21.477 0.0000000000
58942  50.063  -25.192  21.722 0.0000000000
58943  49.627  -25.348  21.463 0.0000000000
58944  49.616  -25.620  21.997 0.0000000000
58945  48.721  -26.369  23.400 0.0000000000
58946  48.775  -26.294  22.681 0.0000000000
58947  48.334  -26.570  23.063 0.0000000000
58948  47.901  -26.785  22.829 0.0000000000
58949  47.843  -26.861  23.514 0.0000000000
58950  47.378  -27.163  23.915 0.0000000000
58951  47.808  -26.993  24.141 0.0000000000
58952  48.296  -27.424  25.510 0.0000000000
58953  47.817  -27.529  25.265 0.0000000000
58954  47.875  -27.835  25.793 0.0000000000
58955  47.458  -28.288  26.095 0.0000000000
58956  47.940  -28.168  26.266 0.0000000000
62212  42.926  -19.283  19.516 0.0000000000
62213  42.417  -19.331  19.837 0.0000000000
62214  42.237  -19.861  19.395 0.0000000000
62215  40.799  -21.711  19.513 0.0000000000
62216  40.902  -21.087  19.451 0.0000000000
62217  40.298  -21.819  19.711 0.0000000000
62218  39.805  -21.865  19.911 0.0000000000
62219  39.753  -22.520  20.030 0.0000000000
62220  36.824  -29.989  22.015 0.0000000000
62221  36.708  -29.373  22.069 0.0000000000
62222  36.361  -30.221  21.860 0.0000000000
62223  35.289  -31.448  20.916 0.0000000000
62224  35.480  -30.694  21.406 0.0000000000
62225  35.099  -30.836  21.075 0.0000000000
62226  34.939  -30.229  21.197 0.0000000000
62227  34.756  -30.995  20.679 0.0000000000
62228  34.422  -31.103  20.282 0.0000000000
62229  34.687  -31.705  20.030 0.0000000000
62230  35.330  -33.197  18.176 0.0000000000
62231  34.950  -32.687  18.539 0.0000000000
64772  36.884  -19.969  21.784 0.0000000000
64774  36.293  -20.723  21.563 0.0000000000
64775  35.701  -21.466  21.304 0.0000000000
64776  36.109  -21.411  21.440 0.0000000000
66148  51.247  -25.648  25.579 0.0000000000
66149  51.247  -26.008  26.199 0.0000000000
66150  50.875  -26.403  26.336 0.0000000000
66151  51.311  -26.453  26.676 0.0000000000
69412  42.739  -23.051  20.760 0.0000000000
69413  42.147  -23.192  20.842 0.0000000000
69414  42.199  -23.627  21.231 0.0000000000
69415  41.075  -25.616  21.881 0.0000000000
69416  41.089  -25.015  21.827 0.0000000000
69417  40.506  -25.757  21.972 0.0000000000
69418  39.914  -25.953  22.055 0.0000000000
69419  39.892  -26.577  22.042 0.0000000000
69420  41.004  -27.825  21.537 0.0000000000
69421  41.063  -27.263  21.648 0.0000000000
69422  40.507  -27.978  21.666 0.0000000000
69423  38.937  -29.360  21.971 0.0000000000
69424  39.421  -28.479  21.921 0.0000000000
69425  38.924  -28.709  22.039 0.0000000000
69426  38.870  -28.128  22.082 0.0000000000
69427  38.372  -29.017  22.075 0.0000000000
69428  37.843  -29.367  22.094 0.0000000000
69429  37.940  -29.943  22.025 0.0000000000
69430  37.507  -32.233  21.625 0.0000000000
69431  37.296  -31.676  21.733 0.0000000000
69432  37.108  -32.482  21.393 0.0000000000
69433  36.744  -32.726  21.099 0.0000000000
69434  37.015  -33.228  20.927 0.0000000000
74797  31.869  -26.146  17.914 0.0000000000
74798  31.754  -26.138  17.451 0.0000000000
74799  31.724  -26.779  17.392 0.0000000000
74812  42.890  -29.966  23.639 0.0000000000
74813  42.444  -30.366  23.665 0.0000000000
74814  42.556  -30.649  24.020 0.0000000000
74815  42.364  -32.449  24.633 0.0000000000
74816  42.136  -32.131  24.436 0.0000000000
74817  42.066  -32.939  24.405 0.0000000000
74818  41.753  -33.419  24.083 0.0000000000
74819  42.064  -33.700  24.176 0.0000000000
74820  43.515  -33.857  25.160 0.0000000000
74821  43.199  -33.467  25.000 0.0000000000
74822  43.255  -34.251  24.757 0.0000000000
74836  46.145  -36.264  26.021 0.0000000000
78807  45.231  -17.179  20.138 0.0000000000
78808  44.825  -17.139  20.394 0.0000000000
78809  44.660  -17.712  20.037 0.0000000000
78810  44.077  -18.229  19.881 0.0000000000
78811  44.507  -18.250  19.630 0.0000000000
78812  44.612  -19.246  18.730 0.0000000000
78813  44.176  -19.239  18.833 0.0000000000
78814  44.034  -19.730  18.583 0.0000000000
78815  43.455  -20.281  18.579 0.0000000000
78816  43.958  -20.252  18.437 0.0000000000
78828  46.882  -19.547  18.359 0.0000000000
78829  47.450  -19.081  18.552 0.0000000000
78830  46.989  -19.090  18.616 0.0000000000
78831  47.096  -18.687  18.904 0.0000000000
78832  46.488  -19.123  18.632 0.0000000000
78833  46.013  -19.172  18.593 0.0000000000
78834  45.924  -19.611  18.384 0.0000000000
78835  44.927  -21.123  18.695 0.0000000000
78836  44.871  -20.683  18.450 0.0000000000
78837  44.396  -21.204  18.825 0.0000000000
78838  43.893  -21.244  18.928 0.0000000000
78839  43.947  -21.685  19.308 0.0000000000
78840  43.567  -22.103  19.812 0.0000000000
78841  44.047  -22.073  19.695 0.0000000000
78842  44.704  -22.910  20.334 0.0000000000
78843  44.225  -22.912  20.472 0.0000000000
78844  44.235  -23.434  20.803 0.0000000000
78845  43.749  -23.974  21.168 0.0000000000
78846  44.247  -23.976  21.038 0.0000000000
78847  46.486  -22.891  19.814 0.0000000000
78848  46.012  -22.903  19.957 0.0000000000
78849  46.086  -23.366  20.293 0.0000000000
78850  45.166  -24.959  21.016 0.0000000000
78851  45.202  -24.361  20.955 0.0000000000
78852  44.717  -24.993  21.099 0.0000000000
78853  44.237  -25.053  21.219 0.0000000000
78854  44.259  -25.602  21.144 0.0000000000
78855  43.741  -26.187  21.140 0.0000000000
78856  44.211  -26.127  21.027 0.0000000000
78857  44.575  -27.020  20.659 0.0000000000
78858  44.067  -27.140  20.718 0.0000000000
78859  44.082  -27.641  20.605 0.0000000000
78860  43.600  -28.303  20.745 0.0000000000
78861  44.108  -28.151  20.681 0.0000000000
78903  50.978  -22.620  19.849 0.0000000000
78906  51.020  -22.182  18.762 0.0000000000
78907  50.481  -22.462  19.283 0.0000000000
78908  49.975  -22.495  19.242 0.0000000000
78909  49.963  -22.790  19.736 0.0000000000
78910  48.939  -24.108  20.700 0.0000000000
78911  48.940  -23.712  20.505 0.0000000000
78912  48.441  -24.236  20.700 0.0000000000
78913  47.978  -24.366  20.729 0.0000000000
78914  47.933  -24.786  20.827 0.0000000000
78915  48.766  -25.737  21.060 0.0000000000
78916  48.814  -25.328  20.942 0.0000000000
78917  48.314  -25.894  20.962 0.0000000000
78918  46.980  -26.765  20.862 0.0000000000
78919  47.410  -26.198  20.743 0.0000000000
78920  46.978  -26.351  20.713 0.0000000000
78921  46.992  -25.920  20.738 0.0000000000
78922  46.535  -26.498  20.677 0.0000000000
78923  46.064  -26.620  20.644 0.0000000000
78924  46.049  -27.079  20.715 0.0000000000
78925  45.197  -28.379  21.784 0.0000000000
78926  45.166  -28.205  21.193 0.0000000000
78927  44.718  -28.625  21.661 0.0000000000
78928  44.217  -28.857  21.559 0.0000000000
78929  44.247  -28.924  22.166 0.0000000000
78930  43.772  -29.179  22.689 0.0000000000
78931  44.242  -28.892  22.754 0.0000000000
78932  44.694  -28.743  23.987 0.0000000000
78933  44.251  -29.021  23.861 0.0000000000
78934  44.255  -29.185  24.406 0.0000000000
78935  43.878  -29.675  24.733 0.0000000000
78936  44.305  -29.407  24.927 0.0000000000
78937  46.443  -27.899  24.617 0.0000000000
78938  45.985  -28.081  24.434 0.0000000000
78939  46.029  -28.309  24.996 0.0000000000
78940  45.392  -29.693  26.094 0.0000000000
78941  45.273  -29.259  25.712 0.0000000000
78942  45.005  -29.879  25.913 0.0000000000
78943  44.605  -30.091  25.750 0.0000000000
78944  44.768  -30.539  26.070 0.0000000000
78945  44.547  -31.240  26.169 0.0000000000
78946  44.931  -31.007  26.356 0.0000000000
78947  45.758  -31.759  27.175 0.0000000000
78948  45.375  -31.948  26.939 0.0000000000
78949  45.637  -32.413  27.236 0.0000000000
78950  45.548  -33.055  27.230 0.0000000000
78951  45.883  -32.864  27.542 0.0000000000
78952  50.095  -27.257  26.621 0.0000000000
78953  49.657  -27.242  26.350 0.0000000000
78954  49.727  -27.641  26.810 0.0000000000
78955  49.093  -28.878  27.575 0.0000000000
78956  48.977  -28.477  27.163 0.0000000000
78957  48.615  -28.910  27.389 0.0000000000
78958  48.136  -28.947  27.166 0.0000000000
78959  48.267  -29.415  27.567 0.0000000000
78963  47.919  -31.523  28.694 0.0000000000
78964  48.199  -30.951  28.389 0.0000000000
78965  47.763  -31.022  28.231 0.0000000000
78966  47.605  -30.509  27.837 0.0000000000
78967  47.325  -31.110  28.006 0.0000000000
78968  46.919  -31.249  27.832 0.0000000000
78969  47.096  -31.762  28.251 0.0000000000
78970  47.043  -33.452  28.940 0.0000000000
78971  46.819  -32.972  28.559 0.0000000000
78972  46.732  -33.588  28.589 0.0000000000
78973  46.423  -33.722  28.235 0.0000000000
78974  46.707  -34.196  28.537 0.0000000000
78975  46.778  -34.774  28.350 0.0000000000
78976  47.059  -34.620  28.754 0.0000000000
88720  41.931  -17.050  21.801 0.0000000000
88725  41.442  -19.424  20.529 0.0000000000
88726  41.626  -18.854  20.997 0.0000000000
88727  40.924  -19.507  20.886 0.0000000000
88728  39.283  -20.274  21.352 0.0000000000
88729  39.948  -19.611  21.459 0.0000000000
88730  39.421  -19.715  21.666 0.0000000000
88731  39.555  -19.047  21.927 0.0000000000
88732  38.912  -19.705  21.803 0.0000000000
88733  38.362  -19.750  21.892 0.0000000000
88734  38.258  -20.443  21.616 0.0000000000
88735  36.873  -22.598  21.125 0.0000000000
88736  36.966  -21.946  21.316 0.0000000000
88737  36.324  -22.756  21.146 0.0000000000
88738  35.848  -22.847  21.122 0.0000000000
88739  35.734  -23.541  21.058 0.0000000000
88740  40.963  -23.488  20.998 0.0000000000
88741  40.934  -23.057  20.555 0.0000000000
88742  40.367  -23.649  21.045 0.0000000000
88743  38.660  -24.806  21.636 0.0000000000
88744  39.227  -24.071  21.196 0.0000000000
88745  38.661  -24.341  21.248 0.0000000000
88746  38.667  -23.902  20.889 0.0000000000
88747  38.163  -24.568  21.346 0.0000000000
88748  36.568  -28.060  22.125 0.0000000000
88749  37.052  -27.247  22.181 0.0000000000
88750  36.521  -27.504  22.084 0.0000000000
88751  35.915  -26.525  21.786 0.0000000000
88752  36.476  -26.332  21.866 0.0000000000
88753  36.494  -25.729  21.670 0.0000000000
88754  37.049  -24.995  21.419 0.0000000000
88755  36.520  -25.149  21.423 0.0000000000
88756  36.601  -24.540  21.159 0.0000000000
88757  36.018  -25.330  21.353 0.0000000000
88758  34.444  -26.411  21.128 0.0000000000
88759  34.978  -25.640  21.176 0.0000000000
88760  34.530  -25.731  20.991 0.0000000000
88761  34.607  -25.123  20.879 0.0000000000
88762  34.090  -25.857  20.756 0.0000000000
88763  33.675  -25.946  20.505 0.0000000000
88764  33.624  -26.587  20.568 0.0000000000
88765  33.070  -28.684  19.935 0.0000000000
88766  32.958  -28.018  19.967 0.0000000000
88767  32.776  -28.696  19.512 0.0000000000
88768  32.525  -28.725  19.061 0.0000000000
88769  32.753  -29.374  18.948 0.0000000000
88770  33.978  -31.144  19.403 0.0000000000
88771  33.670  -30.541  19.662 0.0000000000
88772  33.810  -31.111  18.927 0.0000000000
88785  41.588  -31.216  23.600 0.0000000000
88786  41.450  -30.957  23.164 0.0000000000
88787  41.130  -31.645  23.454 0.0000000000
88788  40.241  -33.246  23.089 0.0000000000
88789  40.361  -32.385  23.099 0.0000000000
88790  39.985  -32.832  22.904 0.0000000000
88791  39.753  -32.443  22.659 0.0000000000
88792  39.636  -33.257  22.578 0.0000000000
88798  39.014  -34.617  21.458 0.0000000000
88799  38.945  -33.933  21.870 0.0000000000
88800  38.655  -34.261  21.449 0.0000000000
88801  38.313  -33.766  21.454 0.0000000000
88802  38.361  -34.467  20.997 0.0000000000
93370  42.623  -28.576  20.866 0.0000000000
93371  42.092  -28.670  21.066 0.0000000000
93372  42.094  -29.276  21.161 0.0000000000
93373  41.644  -29.824  21.637 0.0000000000
93374  41.223  -30.362  22.138 0.0000000000
94441  34.901  -21.685  20.862 0.0000000000
94442  34.604  -21.740  20.656 0.0000000000
94443  34.386  -22.486  20.557 0.0000000000
94444  33.864  -23.307  20.227 0.0000000000
94445  33.364  -24.070  19.880 0.0000000000
94446  32.924  -24.760  19.523 0.0000000000
94447  33.219  -24.711  19.868 0.0000000000
94448  33.078  -25.376  19.873 0.0000000000
94449  32.952  -26.044  19.865 0.0000000000
94450  44.912  -33.465  26.628 0.0000000000
94451  44.627  -33.830  26.284 0.0000000000
94452  44.931  -34.230  26.461 0.0000000000
94453  45.019  -34.933  26.194 0.0000000000
94454  45.200  -35.590  25.845 0.0000000000
95254  49.327  -21.238  17.697 0.0000000000
95255  48.798  -21.745  18.057 0.0000000000
95256  48.318  -22.117  18.497 0.0000000000
95257  48.810  -22.099  18.402 0.0000000000
95258  48.870  -22.369  18.852 0.0000000000
95259  48.914  -22.634  19.298 0.0000000000
95268  50.430  -25.363  23.382 0.0000000000
95269  50.015  -25.540  23.028 0.0000000000
95270  49.605  -25.732  22.688 0.0000000000
95271  49.552  -25.813  23.411 0.0000000000
95272  49.101  -26.135  23.763 0.0000000000
95273  48.680  -26.483  24.104 0.0000000000
95274  48.241  -26.822  24.404 0.0000000000
95275  48.695  -26.674  24.728 0.0000000000
95276  48.730  -26.995  25.253 0.0000000000
95277  48.736  -27.335  25.762 0.0000000000
97231  42.560  -20.348  18.841 0.0000000000
97232  42.068  -20.433  19.112 0.0000000000
97233  41.946  -21.023  19.065 0.0000000000
97234  41.378  -21.635  19.397 0.0000000000
97235  40.840  -22.272  19.765 0.0000000000
97236  36.258  -31.628  21.397 0.0000000000
97237  36.077  -31.051  21.533 0.0000000000
97238  35.861  -31.857  21.092 0.0000000000
97239  35.543  -32.020  20.738 0.0000000000
97240  35.250  -32.152  20.278 0.0000000000
97241  34.981  -32.259  19.780 0.0000000000
97242  35.291  -32.767  19.532 0.0000000000
97243  35.445  -33.268  18.731 0.0000000000
98769  37.307  -19.917  21.875 0.0000000000
101551  42.819  -24.035  21.364 0.0000000000
101552  42.225  -24.169  21.458 0.0000000000
101553  42.242  -24.744  21.606 0.0000000000
101554  41.665  -25.461  21.779 0.0000000000
101555  41.057  -26.198  21.852 0.0000000000
101556  40.040  -29.354  21.704 0.0000000000
101557  39.993  -28.775  21.726 0.0000000000
101558  39.543  -29.596  21.843 0.0000000000
101559  39.008  -29.932  21.981 0.0000000000
101560  38.495  -30.225  22.007 0.0000000000
101561  38.026  -30.530  21.985 0.0000000000
101562  38.172  -31.095  21.975 0.0000000000
101563  37.917  -31.929  21.863 0.0000000000
101564  37.742  -32.766  21.533 0.0000000000
104771  33.264  -22.096  19.011 0.0000000000
104772  33.073  -22.160  18.616 0.0000000000
104778  31.776  -25.005  16.018 0.0000000000
104779  31.834  -24.941  16.556 0.0000000000
104780  31.715  -25.548  16.480 0.0000000000
104781  31.640  -26.153  16.408 0.0000000000
104782  31.813  -27.399  17.799 0.0000000000
104783  31.767  -27.379  17.310 0.0000000000
104784  31.884  -27.942  17.221 0.0000000000
104791  43.113  -30.281  24.460 0.0000000000
104792  42.721  -30.844  24.389 0.0000000000
104793  42.887  -31.122  24.741 0.0000000000
104794  42.695  -31.979  24.856 0.0000000000
104795  42.606  -32.772  24.804 0.0000000000
104797  43.381  -34.955  24.449 0.0000000000
107188  46.069  -17.259  19.701 0.0000000000
107189  45.503  -17.762  19.574 0.0000000000
107190  44.922  -18.268  19.411 0.0000000000
107191  45.341  -18.299  19.278 0.0000000000
107192  45.184  -18.802  18.965 0.0000000000
107193  45.056  -19.235  18.612 0.0000000000
107199  47.833  -20.047  18.085 0.0000000000
107201  47.290  -20.121  18.140 0.0000000000
107202  46.807  -20.070  18.205 0.0000000000
107203  46.321  -20.071  18.239 0.0000000000
107204  45.844  -20.120  18.274 0.0000000000
107205  45.814  -20.656  18.335 0.0000000000
107206  45.381  -21.139  18.659 0.0000000000
107207  44.939  -21.580  19.065 0.0000000000
107208  44.551  -22.022  19.577 0.0000000000
107209  45.049  -22.010  19.470 0.0000000000
107210  45.116  -22.454  19.824 0.0000000000
107211  45.162  -22.910  20.183 0.0000000000
107212  46.574  -23.737  20.407 0.0000000000
107213  46.157  -23.833  20.533 0.0000000000
107214  46.100  -24.310  20.734 0.0000000000
107215  45.611  -24.893  20.929 0.0000000000
107216  45.163  -25.470  20.978 0.0000000000
107217  44.674  -26.038  20.947 0.0000000000
107218  45.137  -25.944  20.868 0.0000000000
107219  45.065  -26.433  20.728 0.0000000000
107220  45.078  -26.885  20.633 0.0000000000
107247  50.859  -22.948  20.325 0.0000000000
107248  50.435  -23.032  20.224 0.0000000000
107249  49.965  -23.127  20.169 0.0000000000
107250  49.918  -23.448  20.551 0.0000000000
107251  49.398  -23.980  20.709 0.0000000000
107252  48.857  -24.511  20.793 0.0000000000
107253  47.884  -26.674  21.543 0.0000000000
107254  47.864  -26.426  21.118 0.0000000000
107255  47.429  -26.871  21.371 0.0000000000
107256  47.000  -27.091  21.234 0.0000000000
107257  46.555  -27.282  21.088 0.0000000000
107258  46.068  -27.459  20.996 0.0000000000
107259  46.110  -27.703  21.490 0.0000000000
107260  45.648  -28.068  21.955 0.0000000000
107261  45.172  -28.366  22.417 0.0000000000
107262  44.710  -28.619  22.869 0.0000000000
107263  45.167  -28.322  23.027 0.0000000000
107264  45.146  -28.381  23.572 0.0000000000
107265  45.136  -28.512  24.129 0.0000000000
107266  46.564  -28.501  25.691 0.0000000000
107267  46.077  -28.633  25.561 0.0000000000
107268  46.208  -29.002  26.039 0.0000000000
107269  45.874  -29.547  26.285 0.0000000000
107270  45.534  -30.155  26.437 0.0000000000
107271  45.307  -30.813  26.554 0.0000000000
107272  45.714  -30.629  26.768 0.0000000000
107273  45.931  -31.104  27.095 0.0000000000
107274  46.100  -31.593  27.379 0.0000000000
107276  49.833  -28.046  27.224 0.0000000000
107277  49.937  -28.466  27.603 0.0000000000
107278  49.567  -28.881  27.776 0.0000000000
107279  49.211  -29.328  27.944 0.0000000000
107284  47.665  -32.132  28.982 0.0000000000
107285  47.289  -32.263  28.710 0.0000000000
107286  47.491  -32.719  29.169 0.0000000000
107287  47.380  -33.299  29.256 0.0000000000
107288  47.305  -33.911  29.279 0.0000000000
107289  47.346  -34.481  29.130 0.0000000000
107290  47.632  -34.343  29.501 0.0000000000
113137  42.467  -17.062  21.603 0.0000000000
113138  41.840  -17.691  21.605 0.0000000000
113139  40.073  -20.666  20.367 0.0000000000
113140  40.276  -20.111  20.777 0.0000000000
113141  39.615  -20.758  20.693 0.0000000000
113142  39.145  -20.851  20.999 0.0000000000
113143  38.655  -20.980  21.173 0.0000000000
113144  38.138  -21.078  21.349 0.0000000000
113145  38.016  -21.728  21.086 0.0000000000
113146  37.411  -22.485  21.021 0.0000000000
113147  36.774  -23.253  21.011 0.0000000000
113148  39.869  -24.821  21.787 0.0000000000
113149  39.829  -24.334  21.481 0.0000000000
113150  39.272  -25.082  21.845 0.0000000000
113151  38.678  -25.323  21.971 0.0000000000
113152  38.125  -25.582  21.963 0.0000000000
113153  35.526  -28.615  21.806 0.0000000000
113154  35.983  -27.789  21.948 0.0000000000
113155  35.449  -28.029  21.785 0.0000000000
113156  35.408  -27.372  21.742 0.0000000000
113157  35.421  -26.723  21.631 0.0000000000
113158  35.465  -26.111  21.459 0.0000000000
113159  34.893  -26.932  21.484 0.0000000000
113160  34.446  -27.114  21.209 0.0000000000
113161  34.002  -27.201  20.954 0.0000000000
113162  33.600  -27.293  20.647 0.0000000000
113163  33.643  -27.946  20.701 0.0000000000
113164  33.369  -28.642  20.354 0.0000000000
113165  33.243  -29.341  19.867 0.0000000000
113167  34.058  -31.533  18.178 0.0000000000
113168  34.412  -31.821  17.394 0.0000000000
113175  41.188  -32.771  23.797 0.0000000000
113176  40.950  -32.407  23.570 0.0000000000
113177  40.857  -33.211  23.524 0.0000000000
113178  40.520  -33.662  23.217 0.0000000000
113179  40.226  -34.013  22.827 0.0000000000
113185  38.516  -35.073  20.427 0.0000000000
118024  42.812  -26.276  21.383 0.0000000000
118025  42.225  -26.401  21.536 0.0000000000
118026  42.172  -26.967  21.384 0.0000000000
118027  41.565  -27.666  21.396 0.0000000000
118028  41.014  -28.354  21.443 0.0000000000
118029  41.577  -28.798  21.244 0.0000000000
118030  41.050  -28.923  21.415 0.0000000000
118031  40.533  -29.173  21.491 0.0000000000
118032  40.092  -29.930  21.784 0.0000000000
118033  39.708  -30.687  22.065 0.0000000000
118034  39.383  -31.451  22.237 0.0000000000
120528  34.299  -21.835  20.401 0.0000000000
120529  34.012  -21.899  20.095 0.0000000000
120530  33.746  -21.958  19.730 0.0000000000
120531  33.258  -22.727  19.297 0.0000000000
120532  32.814  -23.458  18.875 0.0000000000
120533  32.426  -24.160  18.424 0.0000000000
120534  32.109  -24.838  17.982 0.0000000000
120535  32.255  -24.811  18.410 0.0000000000
120536  32.102  -25.481  18.394 0.0000000000
120537  31.989  -26.167  18.373 0.0000000000
120538  32.541  -25.425  19.170 0.0000000000
120539  32.197  -26.129  18.772 0.0000000000
120540  31.923  -26.806  18.317 0.0000000000
120541  31.928  -27.417  18.262 0.0000000000
120542  32.021  -28.011  18.211 0.0000000000
120544  43.841  -31.722  25.730 0.0000000000
120545  43.528  -32.168  25.502 0.0000000000
120546  43.751  -32.605  25.687 0.0000000000
120547  43.750  -33.464  25.537 0.0000000000
120548  43.829  -34.237  25.331 0.0000000000
120549  44.346  -34.207  25.884 0.0000000000
120550  44.131  -34.596  25.483 0.0000000000
120551  43.923  -34.945  25.034 0.0000000000
122418  49.414  -20.092  17.776 0.0000000000
122420  48.370  -20.045  18.021 0.0000000000
122421  47.804  -20.640  18.045 0.0000000000
122422  47.259  -21.195  18.287 0.0000000000
122423  46.826  -21.647  18.673 0.0000000000
122424  46.380  -22.100  19.131 0.0000000000
122425  46.859  -22.078  18.988 0.0000000000
122426  46.897  -22.475  19.315 0.0000000000
122427  46.953  -22.853  19.652 0.0000000000
122428  47.877  -22.458  18.989 0.0000000000
122429  47.409  -22.814  19.522 0.0000000000
122430  46.992  -23.251  20.014 0.0000000000
122431  47.018  -23.684  20.335 0.0000000000
122432  47.016  -24.149  20.586 0.0000000000
122433  47.004  -24.629  20.749 0.0000000000
122453  50.993  -24.332  21.377 0.0000000000
122454  50.574  -24.467  21.209 0.0000000000
122455  50.156  -24.607  21.050 0.0000000000
122456  49.759  -24.684  20.908 0.0000000000
122457  49.669  -25.059  21.111 0.0000000000
122458  49.202  -25.550  21.237 0.0000000000
122459  48.753  -26.043  21.414 0.0000000000
122460  49.183  -25.977  22.331 0.0000000000
122461  48.761  -26.215  22.010 0.0000000000
122462  48.346  -26.443  21.754 0.0000000000
122463  47.941  -26.748  22.153 0.0000000000
122464  47.478  -26.980  22.657 0.0000000000
122465  46.946  -27.314  23.128 0.0000000000
122466  46.438  -27.631  23.533 0.0000000000
122467  46.904  -27.399  23.728 0.0000000000
122468  46.895  -27.532  24.285 0.0000000000
122469  46.909  -27.732  24.827 0.0000000000
122470  47.807  -27.201  24.724 0.0000000000
122471  47.367  -27.615  25.040 0.0000000000
122472  46.947  -28.044  25.362 0.0000000000
122473  47.006  -28.396  25.873 0.0000000000
122474  47.106  -28.757  26.338 0.0000000000
122475  47.218  -29.153  26.767 0.0000000000
127033  43.258  -18.219  20.373 0.0000000000
127034  42.786  -18.242  20.696 0.0000000000
127035  42.598  -18.802  20.306 0.0000000000
127036  41.923  -19.377  20.176 0.0000000000
127037  41.246  -19.943  20.042 0.0000000000
127038  41.557  -20.447  19.321 0.0000000000
127039  41.058  -20.495  19.650 0.0000000000
127040  40.553  -20.577  19.997 0.0000000000
127041  39.908  -21.245  20.051 0.0000000000
127042  39.309  -21.981  20.179 0.0000000000
127043  38.728  -22.772  20.449 0.0000000000
127044  37.685  -28.161  22.229 0.0000000000
127045  37.646  -27.568  22.236 0.0000000000
127046  37.136  -28.498  22.171 0.0000000000
127047  36.632  -28.711  22.110 0.0000000000
127048  36.120  -28.958  21.974 0.0000000000
127049  35.910  -30.443  21.664 0.0000000000
127050  35.768  -29.822  21.755 0.0000000000
127051  35.642  -29.217  21.787 0.0000000000
127052  35.186  -29.425  21.573 0.0000000000
127053  34.720  -29.638  21.281 0.0000000000
127054  34.359  -29.772  20.958 0.0000000000
127055  34.004  -29.869  20.639 0.0000000000
127056  34.200  -30.501  20.487 0.0000000000
127057  34.180  -31.167  19.862 0.0000000000
127058  34.286  -31.673  19.152 0.0000000000
127059  34.766  -32.247  19.326 0.0000000000
127060  34.608  -32.185  18.862 0.0000000000
130428  35.698  -20.102  21.304 0.0000000000
130430  36.067  -20.059  21.493 0.0000000000
130431  35.509  -20.831  21.216 0.0000000000
130432  35.302  -21.569  21.106 0.0000000000
130433  35.114  -22.257  21.011 0.0000000000
130434  34.948  -22.994  20.903 0.0000000000
130435  46.211  -35.087  27.502 0.0000000000
130436  46.020  -35.361  26.991 0.0000000000
130437  46.460  -35.790  27.104 0.0000000000
132172  50.801  -25.700  25.187 0.0000000000
132173  50.414  -26.023  25.460 0.0000000000
132174  50.019  -26.426  25.659 0.0000000000
132175  50.464  -26.382  25.995 0.0000000000
132176  50.489  -26.837  26.454 0.0000000000
132177  50.577  -27.282  26.890 0.0000000000
132178  51.418  -26.903  27.072 0.0000000000
132179  51.078  -27.291  27.170 0.0000000000
132180  50.689  -27.706  27.283 0.0000000000
136306  42.603  -22.283  19.950 0.0000000000
136307  42.048  -22.386  19.983 0.0000000000
136308  42.107  -22.779  20.408 0.0000000000
136309  41.566  -23.350  20.917 0.0000000000
136310  41.030  -23.964  21.372 0.0000000000
136311  41.642  -24.301  21.559 0.0000000000
136312  41.054  -24.433  21.651 0.0000000000
136313  40.468  -24.611  21.732 0.0000000000
136314  39.912  -25.374  21.993 0.0000000000
136315  39.327  -26.172  22.140 0.0000000000
136316  38.741  -27.014  22.211 0.0000000000
136317  41.650  -26.561  21.646 0.0000000000
136318  41.069  -26.745  21.778 0.0000000000
136319  40.478  -26.933  21.886 0.0000000000
136320  39.956  -28.219  21.797 0.0000000000
136321  39.934  -27.688  21.890 0.0000000000
136322  39.883  -27.177  21.983 0.0000000000
136323  39.329  -27.392  22.061 0.0000000000
136324  38.787  -27.590  22.151 0.0000000000
136325  38.218  -27.851  22.232 0.0000000000
136326  37.750  -28.760  22.181 0.0000000000
136327  37.314  -29.707  22.094 0.0000000000
136328  36.974  -30.544  21.948 0.0000000000
136329  37.585  -30.846  21.929 0.0000000000
136330  37.129  -31.127  21.839 0.0000000000
136331  36.691  -31.401  21.647 0.0000000000
136332  36.491  -32.201  21.257 0.0000000000
136333  36.377  -32.901  20.759 0.0000000000
136334  36.432  -33.567  20.090 0.0000000000
142939  31.862  -25.505  17.496 0.0000000000
142940  31.683  -26.166  16.936 0.0000000000
142941  31.624  -26.770  16.361 0.0000000000
142942  31.699  -27.349  16.848 0.0000000000
142943  31.694  -27.325  16.355 0.0000000000
142957  42.869  -29.727  22.641 0.0000000000
142958  42.350  -30.096  22.667 0.0000000000
142959  42.416  -30.240  23.215 0.0000000000
142960  42.018  -30.824  23.637 0.0000000000
142961  41.697  -31.553  23.913 0.0000000000
142962  42.310  -31.364  24.301 0.0000000000
142963  41.903  -31.820  24.212 0.0000000000
142964  41.536  -32.315  24.040 0.0000000000
142965  41.443  -33.140  23.957 0.0000000000
142966  41.450  -33.896  23.739 0.0000000000
142967  41.537  -34.585  23.427 0.0000000000
142968  43.211  -32.647  25.215 0.0000000000
142969  42.889  -33.101  24.928 0.0000000000
142970  42.625  -33.583  24.608 0.0000000000
142971  43.033  -34.604  24.362 0.0000000000
142972  42.694  -34.328  24.289 0.0000000000
142973  42.374  -34.010  24.238 0.0000000000
142974  42.136  -34.427  23.858 0.0000000000
142976  41.754  -35.200  22.989 0.0000000000
142986  45.824  -35.634  26.490 0.0000000000
142987  45.650  -35.922  25.954 0.0000000000
147792  43.979  -17.084  20.860 0.0000000000
147800  44.405  -17.117  20.626 0.0000000000
147801  43.840  -17.683  20.513 0.0000000000
147802  43.657  -18.219  20.123 0.0000000000
147803  43.518  -18.755  19.724 0.0000000000
147804  43.337  -19.274  19.261 0.0000000000
147805  44.340  -18.753  19.201 0.0000000000
147806  43.735  -19.253  18.994 0.0000000000
147807  43.145  -19.783  18.879 0.0000000000
147808  42.989  -20.310  18.685 0.0000000000
147809  42.951  -20.885  18.739 0.0000000000
147810  42.984  -21.376  19.024 0.0000000000
147824  48.080  -18.640  18.931 0.0000000000
147827  47.184  -18.285  19.150 0.0000000000
147828  46.706  -18.283  19.095 0.0000000000
147829  46.063  -18.767  18.816 0.0000000000
147830  45.518  -19.210  18.594 0.0000000000
147831  44.934  -19.666  18.410 0.0000000000
147832  45.353  -20.153  18.300 0.0000000000
147833  44.848  -20.202  18.354 0.0000000000
147834  44.408  -20.217  18.417 0.0000000000
147835  43.899  -20.758  18.610 0.0000000000
147836  43.441  -21.309  18.959 0.0000000000
147837  43.011  -21.794  19.451 0.0000000000
147838  43.077  -22.174  19.888 0.0000000000
147839  43.175  -22.557  20.289 0.0000000000
147840  43.226  -22.977  20.698 0.0000000000
147841  44.157  -22.439  20.089 0.0000000000
147842  43.712  -22.948  20.592 0.0000000000
147843  43.273  -23.479  21.019 0.0000000000
147844  43.278  -24.020  21.253 0.0000000000
147845  43.280  -24.590  21.390 0.0000000000
147846  43.299  -25.156  21.427 0.0000000000
147847  45.962  -22.473  19.633 0.0000000000
147848  45.576  -22.902  20.081 0.0000000000
147849  45.192  -23.376  20.513 0.0000000000
147850  45.674  -23.861  20.650 0.0000000000
147851  45.205  -23.856  20.776 0.0000000000
147852  44.748  -23.929  20.890 0.0000000000
147853  44.279  -24.521  21.166 0.0000000000
147854  43.774  -25.111  21.297 0.0000000000
147855  43.332  -25.678  21.361 0.0000000000
147856  43.267  -26.234  21.248 0.0000000000
147857  43.195  -26.790  21.101 0.0000000000
147858  43.128  -27.350  20.941 0.0000000000
147859  44.130  -26.637  20.878 0.0000000000
147860  43.589  -27.255  20.821 0.0000000000
147861  43.088  -27.907  20.805 0.0000000000
147862  43.112  -28.419  20.765 0.0000000000
147863  43.148  -28.964  21.022 0.0000000000
147864  43.217  -29.273  21.466 0.0000000000
147915  52.086  -21.837  18.274 0.0000000000
147916  51.559  -21.885  18.219 0.0000000000
147918  50.478  -21.950  18.163 0.0000000000
147919  49.967  -22.247  18.715 0.0000000000
147920  49.458  -22.553  19.252 0.0000000000
147921  48.966  -22.942  19.745 0.0000000000
147922  49.457  -23.233  20.158 0.0000000000
147923  48.990  -23.309  20.163 0.0000000000
147924  48.484  -23.381  20.199 0.0000000000
147925  47.977  -23.912  20.520 0.0000000000
147926  47.478  -24.478  20.743 0.0000000000
147927  47.012  -25.091  20.814 0.0000000000
147928  49.334  -24.778  20.898 0.0000000000
147929  48.838  -24.908  20.882 0.0000000000
147930  48.321  -25.065  20.829 0.0000000000
147931  47.857  -26.057  20.882 0.0000000000
147932  47.856  -25.634  20.800 0.0000000000
147933  47.875  -25.204  20.807 0.0000000000
147934  47.466  -25.343  20.834 0.0000000000
147935  47.002  -25.497  20.808 0.0000000000
147936  46.532  -25.654  20.784 0.0000000000
147937  46.060  -26.195  20.726 0.0000000000
147938  45.582  -26.758  20.639 0.0000000000
147939  45.099  -27.343  20.547 0.0000000000
147940  45.577  -27.698  20.847 0.0000000000
147941  45.124  -27.831  20.748 0.0000000000
147942  44.623  -27.982  20.680 0.0000000000
147943  44.162  -28.597  21.029 0.0000000000
147944  43.707  -29.104  21.478 0.0000000000
147945  43.289  -29.419  22.048 0.0000000000
147946  43.326  -29.472  22.645 0.0000000000
147947  43.314  -29.513  23.209 0.0000000000
147948  43.356  -29.644  23.680 0.0000000000
147949  44.247  -28.925  23.320 0.0000000000
147950  43.802  -29.324  23.765 0.0000000000
147951  43.421  -29.787  24.146 0.0000000000
147952  43.509  -29.990  24.589 0.0000000000
147953  43.630  -30.274  25.007 0.0000000000
147954  43.798  -30.638  25.394 0.0000000000
147955  45.974  -27.944  23.853 0.0000000000
147956  45.548  -28.282  24.266 0.0000000000
147957  45.146  -28.685  24.697 0.0000000000
147958  45.639  -28.770  25.379 0.0000000000
147959  45.183  -28.889  25.246 0.0000000000
147960  44.772  -29.144  25.075 0.0000000000
147961  44.460  -29.675  25.373 0.0000000000
147962  44.192  -30.354  25.583 0.0000000000
147963  44.014  -31.037  25.713 0.0000000000
147964  44.196  -31.476  25.965 0.0000000000
147965  44.406  -31.933  26.181 0.0000000000
147966  44.659  -32.384  26.401 0.0000000000
147967  45.122  -31.482  26.637 0.0000000000
147968  45.000  -32.148  26.674 0.0000000000
147969  44.943  -32.812  26.681 0.0000000000
147970  45.229  -33.258  26.912 0.0000000000
147971  45.510  -33.661  27.171 0.0000000000
147972  45.812  -34.068  27.442 0.0000000000
147973  49.613  -26.853  25.850 0.0000000000
147974  49.198  -27.273  26.059 0.0000000000
147975  48.810  -27.668  26.293 0.0000000000
147976  49.351  -28.061  26.989 0.0000000000
147977  48.886  -28.056  26.755 0.0000000000
147978  48.403  -28.053  26.480 0.0000000000
147979  48.022  -28.535  26.720 0.0000000000
147980  47.660  -29.013  26.972 0.0000000000
147981  47.330  -29.586  27.160 0.0000000000
147983  49.332  -29.801  28.256 0.0000000000
147984  48.860  -29.807  28.083 0.0000000000
147986  48.519  -30.361  28.236 0.0000000000
147987  48.387  -29.873  27.903 0.0000000000
147988  47.911  -29.956  27.684 0.0000000000
147989  47.474  -30.006  27.490 0.0000000000
147990  47.030  -30.144  27.319 0.0000000000
147991  46.755  -30.767  27.467 0.0000000000
147992  46.522  -31.407  27.614 0.0000000000
147993  46.333  -32.019  27.765 0.0000000000
147994  46.935  -32.380  28.429 0.0000000000
147995  46.581  -32.481  28.163 0.0000000000
147996  46.224  -32.676  27.840 0.0000000000
147997  46.147  -33.291  27.886 0.0000000000
147998  46.112  -33.898  27.846 0.0000000000
147999  46.143  -34.498  27.703 0.0000000000
148000  46.489  -34.933  27.920 0.0000000000
148001  46.890  -35.335  28.129 0.0000000000
159721  42.273  -18.252  21.035 0.0000000000
159722  41.751  -18.290  21.341 0.0000000000
159723  41.231  -18.325  21.592 0.0000000000
159724  40.437  -19.575  21.203 0.0000000000
159725  40.598  -18.970  21.548 0.0000000000
159726  40.689  -18.334  21.815 0.0000000000
159730  38.430  -19.116  22.088 0.0000000000
159731  37.816  -19.878  21.919 0.0000000000
159732  37.205  -20.622  21.740 0.0000000000
159733  37.600  -21.171  21.462 0.0000000000
159734  37.072  -21.266  21.528 0.0000000000
159735  36.600  -21.351  21.511 0.0000000000
159736  36.004  -22.121  21.264 0.0000000000
159737  35.398  -22.908  21.059 0.0000000000
159738  34.853  -23.688  20.871 0.0000000000
159739  41.472  -22.515  20.055 0.0000000000
159740  40.906  -22.671  20.121 0.0000000000
159741  40.294  -22.851  20.218 0.0000000000
159742  39.805  -23.864  21.099 0.0000000000
159743  39.767  -23.443  20.702 0.0000000000
159744  39.726  -23.046  20.342 0.0000000000
159745  39.207  -23.199  20.465 0.0000000000
159746  38.654  -23.430  20.613 0.0000000000
159747  38.167  -23.550  20.751 0.0000000000
159748  37.631  -26.949  22.233 0.0000000000
159749  37.567  -26.401  22.136 0.0000000000
159750  37.586  -25.831  21.953 0.0000000000
159751  36.478  -26.937  22.001 0.0000000000
159752  37.046  -26.103  21.944 0.0000000000
159753  37.600  -25.304  21.700 0.0000000000
159754  37.601  -24.805  21.394 0.0000000000
159755  37.613  -24.286  21.073 0.0000000000
159756  37.664  -23.695  20.856 0.0000000000
159757  37.174  -23.801  20.975 0.0000000000
159758  36.667  -23.921  21.015 0.0000000000
159759  36.159  -24.073  21.071 0.0000000000
159760  35.481  -25.519  21.275 0.0000000000
159761  35.566  -24.866  21.144 0.0000000000
159762  35.653  -24.206  21.072 0.0000000000
159763  35.165  -24.346  20.987 0.0000000000
159764  34.725  -24.412  20.854 0.0000000000
159765  34.305  -24.495  20.666 0.0000000000
159766  33.766  -25.297  20.448 0.0000000000
159767  33.294  -25.991  20.208 0.0000000000
159768  32.919  -26.689  19.896 0.0000000000
159769  33.259  -27.341  20.318 0.0000000000
159770  32.917  -27.344  19.950 0.0000000000
159771  32.605  -27.368  19.544 0.0000000000
159772  32.357  -28.044  19.110 0.0000000000
159773  32.330  -28.617  18.597 0.0000000000
159774  32.466  -29.125  17.996 0.0000000000
159775  33.698  -29.908  20.245 0.0000000000
159776  33.449  -29.977  19.772 0.0000000000
159777  33.238  -29.982  19.299 0.0000000000
159778  33.714  -31.081  18.401 0.0000000000
159779  33.378  -30.552  18.654 0.0000000000
159780  33.043  -29.982  18.802 0.0000000000
159782  32.820  -29.696  17.851 0.0000000000
159783  32.751  -29.588  17.345 0.0000000000
159793  41.822  -30.410  22.663 0.0000000000
159794  41.323  -30.691  22.644 0.0000000000
159795  40.823  -31.041  22.638 0.0000000000
159796  40.747  -32.025  23.282 0.0000000000
159797  40.552  -31.693  22.951 0.0000000000
159798  40.382  -31.366  22.601 0.0000000000
159799  39.963  -31.661  22.516 0.0000000000
159800  39.560  -31.976  22.415 0.0000000000
159801  39.145  -32.331  22.243 0.0000000000
159802  40.726  -35.051  22.486 0.0000000000
159804  39.935  -34.359  22.417 0.0000000000
159806  39.646  -34.700  21.976 0.0000000000
159807  39.590  -33.991  22.339 0.0000000000
159808  39.289  -33.612  22.239 0.0000000000
159809  38.994  -33.181  22.132 0.0000000000
159810  38.743  -32.677  22.023 0.0000000000
159811  38.379  -33.012  21.798 0.0000000000
159812  38.000  -33.275  21.471 0.0000000000
159813  37.654  -33.528  21.137 0.0000000000
159814  38.072  -34.687  20.496 0.0000000000
159815  37.686  -34.253  20.622 0.0000000000
159816  37.331  -33.753  20.754 0.0000000000
