#!ascii label  , from subject fsaverage vox2ras=TkReg
442
85  17.464  -38.322  -7.215 0.0000000000
973  16.998  -45.289  -6.951 0.0000000000
975  18.428  -39.582  -9.477 0.0000000000
2456  20.313  -40.701  -1.316 0.0000000000
2457  21.262  -39.017  -4.286 0.0000000000
2459  27.022  -40.605  -4.617 0.0000000000
2460  20.386  -35.991  -7.233 0.0000000000
2891  19.273  -41.447  -6.601 0.0000000000
2892  18.834  -45.776  -6.673 0.0000000000
2893  19.076  -42.296  -7.699 0.0000000000
2894  18.389  -42.805  -8.374 0.0000000000
2895  18.091  -38.811  -8.461 0.0000000000
5495  22.838  -41.113  -0.925 0.0000000000
5496  21.077  -40.080  -2.875 0.0000000000
5497  23.788  -41.078  -2.826 0.0000000000
5506  19.669  -34.914  -8.555 0.0000000000
5507  22.940  -35.392  -8.813 0.0000000000
6362  19.139  -43.549  -9.110 0.0000000000
6363  19.779  -40.570  -9.904 0.0000000000
7389  16.672  -38.382  -6.046 0.0000000000
9923  19.383  -40.940  0.161 0.0000000000
9934  24.135  -40.340  -4.802 0.0000000000
9935  20.995  -37.487  -5.818 0.0000000000
9936  17.858  -36.312  -7.168 0.0000000000
9937  17.935  -36.106  -8.584 0.0000000000
9938  18.182  -36.297  -9.931 0.0000000000
10571  18.247  -39.821  -6.923 0.0000000000
10572  19.433  -41.852  -7.220 0.0000000000
10573  18.639  -40.137  -7.580 0.0000000000
10574  18.634  -40.495  -8.134 0.0000000000
10575  17.826  -38.510  -7.871 0.0000000000
13175  24.169  -40.989  -0.544 0.0000000000
13176  23.292  -41.127  -1.863 0.0000000000
13177  24.783  -41.243  -1.467 0.0000000000
13185  25.132  -37.682  -8.001 0.0000000000
13186  23.336  -36.207  -8.225 0.0000000000
14434  17.704  -45.548  -6.724 0.0000000000
14436  16.366  -46.700  -6.064 0.0000000000
14438  15.926  -46.435  -6.489 0.0000000000
14439  15.950  -46.561  -7.086 0.0000000000
14440  16.849  -45.273  -7.404 0.0000000000
14441  18.609  -41.238  -8.884 0.0000000000
14442  18.584  -43.126  -8.829 0.0000000000
14443  19.062  -41.758  -9.220 0.0000000000
14444  19.758  -42.266  -9.475 0.0000000000
14445  19.036  -40.080  -9.758 0.0000000000
16244  17.141  -39.779  -5.831 0.0000000000
16245  16.396  -38.677  -5.317 0.0000000000
22235  16.999  -41.188  1.257 0.0000000000
22241  21.083  -41.035  -0.374 0.0000000000
22247  19.295  -39.845  -2.154 0.0000000000
22264  28.442  -40.170  -4.137 0.0000000000
22266  28.189  -40.250  -2.994 0.0000000000
22268  26.854  -40.842  -3.506 0.0000000000
22269  25.485  -41.089  -3.767 0.0000000000
22270  25.568  -40.686  -4.824 0.0000000000
22272  22.658  -38.155  -6.088 0.0000000000
22275  18.932  -35.965  -7.145 0.0000000000
22276  17.854  -36.181  -7.867 0.0000000000
22277  18.734  -35.576  -7.816 0.0000000000
22279  18.507  -35.218  -9.269 0.0000000000
22280  18.528  -35.185  -10.055 0.0000000000
22281  18.520  -36.529  -10.592 0.0000000000
23635  20.084  -43.299  -6.340 0.0000000000
23637  19.709  -43.826  -6.882 0.0000000000
23638  18.992  -44.064  -7.237 0.0000000000
23639  18.144  -44.082  -7.387 0.0000000000
23640  17.773  -44.096  -7.687 0.0000000000
23641  18.590  -42.557  -8.013 0.0000000000
23642  18.512  -40.874  -8.538 0.0000000000
23643  18.199  -39.145  -9.015 0.0000000000
28322  22.273  -41.028  0.019 0.0000000000
28323  21.593  -41.012  -1.193 0.0000000000
28324  20.765  -40.416  -2.109 0.0000000000
28325  22.024  -40.850  -2.047 0.0000000000
28326  22.453  -40.669  -2.884 0.0000000000
28327  22.643  -40.295  -3.732 0.0000000000
28336  28.573  -39.926  -5.310 0.0000000000
28337  27.038  -40.154  -5.693 0.0000000000
28338  25.634  -40.086  -5.744 0.0000000000
28339  25.564  -39.408  -6.557 0.0000000000
28342  20.021  -35.450  -7.877 0.0000000000
28343  21.709  -35.745  -7.976 0.0000000000
30202  17.820  -44.236  -8.140 0.0000000000
30203  18.251  -44.649  -8.563 0.0000000000
30206  20.536  -42.655  -9.498 0.0000000000
30207  20.666  -40.978  -9.888 0.0000000000
32670  20.062  -42.997  -5.646 0.0000000000
32671  18.825  -41.297  -5.992 0.0000000000
32672  17.622  -39.667  -6.377 0.0000000000
32673  17.003  -38.211  -6.630 0.0000000000
40005  18.879  -40.982  0.869 0.0000000000
40017  17.112  -37.259  -6.511 0.0000000000
40035  26.040  -40.815  -1.192 0.0000000000
40036  25.225  -41.307  -2.576 0.0000000000
40037  24.019  -40.791  -3.883 0.0000000000
40038  22.747  -39.791  -4.553 0.0000000000
40039  24.226  -39.690  -5.634 0.0000000000
40040  22.743  -39.034  -5.328 0.0000000000
40041  21.238  -38.328  -5.036 0.0000000000
40043  17.812  -36.606  -6.477 0.0000000000
40044  17.270  -37.111  -7.189 0.0000000000
40045  17.511  -37.145  -7.902 0.0000000000
40046  17.733  -37.295  -8.607 0.0000000000
40047  17.897  -37.457  -9.202 0.0000000000
40048  18.581  -35.295  -8.522 0.0000000000
40049  18.001  -36.216  -9.300 0.0000000000
40050  18.169  -37.779  -9.771 0.0000000000
40051  18.672  -38.197  -10.232 0.0000000000
40052  19.385  -38.659  -10.519 0.0000000000
41291  17.817  -39.046  -7.056 0.0000000000
41292  18.512  -39.963  -7.249 0.0000000000
41293  18.068  -39.232  -7.421 0.0000000000
41294  18.220  -39.379  -7.753 0.0000000000
41295  17.658  -38.394  -7.531 0.0000000000
43896  24.513  -41.112  -0.983 0.0000000000
43897  25.164  -40.948  -0.796 0.0000000000
43906  24.973  -37.241  -8.289 0.0000000000
45154  17.293  -45.392  -6.817 0.0000000000
45155  17.017  -46.111  -6.410 0.0000000000
45156  16.641  -45.970  -6.497 0.0000000000
45157  16.031  -46.483  -6.208 0.0000000000
45158  16.439  -45.860  -6.698 0.0000000000
45159  16.357  -45.834  -6.958 0.0000000000
45160  16.833  -45.217  -7.138 0.0000000000
45161  18.566  -40.403  -9.177 0.0000000000
45162  18.773  -41.478  -9.050 0.0000000000
45163  18.778  -40.647  -9.330 0.0000000000
45164  19.017  -40.833  -9.465 0.0000000000
45165  18.703  -39.816  -9.641 0.0000000000
52955  17.657  -41.089  1.434 0.0000000000
52956  17.301  -41.089  0.892 0.0000000000
52961  20.710  -40.950  -0.869 0.0000000000
52962  20.476  -40.985  -0.475 0.0000000000
52967  19.892  -40.322  -1.744 0.0000000000
52968  21.289  -39.344  -3.933 0.0000000000
52972  20.476  -38.403  -4.547 0.0000000000
52984  27.753  -40.428  -4.396 0.0000000000
52986  27.656  -40.527  -3.878 0.0000000000
52987  27.539  -40.599  -3.344 0.0000000000
52988  26.946  -40.743  -4.076 0.0000000000
52989  26.220  -40.903  -4.211 0.0000000000
52990  26.304  -40.713  -4.717 0.0000000000
52994  19.768  -36.219  -6.816 0.0000000000
52995  19.623  -35.906  -7.169 0.0000000000
52996  18.832  -35.770  -7.477 0.0000000000
52997  19.455  -35.637  -7.530 0.0000000000
52999  18.823  -34.742  -9.679 0.0000000000
53001  18.583  -35.204  -10.445 0.0000000000
54751  19.710  -42.349  -6.466 0.0000000000
54752  19.932  -43.571  -6.639 0.0000000000
54753  19.706  -42.634  -6.774 0.0000000000
54754  19.308  -42.083  -7.501 0.0000000000
54755  19.393  -43.029  -7.296 0.0000000000
54756  19.056  -43.213  -7.509 0.0000000000
54757  18.558  -44.133  -7.342 0.0000000000
54758  18.684  -43.289  -7.592 0.0000000000
54759  18.390  -43.347  -7.700 0.0000000000
54760  18.788  -42.437  -7.820 0.0000000000
54761  18.353  -39.678  -8.311 0.0000000000
54762  18.548  -40.684  -8.326 0.0000000000
54763  18.369  -39.866  -8.577 0.0000000000
54764  18.360  -40.038  -8.826 0.0000000000
54765  18.174  -39.002  -8.750 0.0000000000
62561  23.177  -41.034  -0.296 0.0000000000
62562  22.872  -40.943  0.210 0.0000000000
62563  22.599  -41.081  -0.458 0.0000000000
62564  21.932  -41.086  -0.669 0.0000000000
62565  22.182  -41.084  -1.118 0.0000000000
62566  21.795  -40.939  -1.633 0.0000000000
62567  22.421  -41.067  -1.562 0.0000000000
62568  23.564  -41.117  -2.323 0.0000000000
62569  22.891  -40.963  -2.399 0.0000000000
62570  23.104  -40.906  -2.847 0.0000000000
62571  22.549  -40.487  -3.304 0.0000000000
62572  23.236  -40.753  -3.351 0.0000000000
62587  27.821  -40.075  -5.491 0.0000000000
62588  27.016  -39.881  -6.202 0.0000000000
62589  26.288  -39.843  -6.290 0.0000000000
62598  23.152  -35.796  -8.507 0.0000000000
62599  22.255  -35.516  -8.392 0.0000000000
66341  18.746  -46.607  -6.384 0.0000000000
66356  16.525  -46.067  -7.524 0.0000000000
66361  18.129  -43.472  -8.032 0.0000000000
66362  17.755  -44.134  -7.882 0.0000000000
66363  18.142  -43.562  -8.229 0.0000000000
66364  18.809  -43.336  -8.998 0.0000000000
66365  18.431  -43.892  -8.658 0.0000000000
66366  18.758  -44.111  -8.850 0.0000000000
66368  19.140  -44.359  -9.020 0.0000000000
66369  19.550  -44.672  -9.142 0.0000000000
66370  19.543  -43.823  -9.242 0.0000000000
66371  19.841  -41.403  -9.595 0.0000000000
66372  20.131  -42.467  -9.490 0.0000000000
66373  20.234  -41.700  -9.648 0.0000000000
66374  20.709  -41.845  -9.645 0.0000000000
66375  20.213  -40.785  -9.915 0.0000000000
71766  18.992  -42.174  -5.191 0.0000000000
71768  19.267  -42.147  -5.493 0.0000000000
71769  19.480  -42.152  -5.807 0.0000000000
71771  16.829  -39.044  -5.991 0.0000000000
71772  17.373  -39.700  -6.112 0.0000000000
71773  16.965  -38.976  -6.251 0.0000000000
71774  17.203  -38.906  -6.517 0.0000000000
71775  16.847  -38.291  -6.361 0.0000000000
89764  19.954  -40.983  0.304 0.0000000000
89766  19.705  -40.963  0.696 0.0000000000
89768  19.158  -40.973  0.527 0.0000000000
89769  18.543  -40.927  0.331 0.0000000000
89770  18.773  -40.856  0.022 0.0000000000
89783  20.897  -40.245  -2.506 0.0000000000
89785  20.372  -39.776  -2.857 0.0000000000
89796  17.046  -37.366  -6.170 0.0000000000
89844  25.700  -41.170  -1.872 0.0000000000
89846  24.817  -40.817  -4.372 0.0000000000
89847  24.779  -40.988  -3.881 0.0000000000
89848  24.072  -40.578  -4.353 0.0000000000
89849  23.356  -40.334  -4.262 0.0000000000
89850  23.406  -40.072  -4.684 0.0000000000
89851  24.963  -39.589  -6.074 0.0000000000
89852  24.933  -39.917  -5.741 0.0000000000
89853  24.197  -39.311  -5.988 0.0000000000
89854  21.830  -37.778  -5.943 0.0000000000
89855  22.757  -38.648  -5.704 0.0000000000
89856  21.942  -38.256  -5.556 0.0000000000
89857  21.988  -38.654  -5.174 0.0000000000
89858  21.127  -37.900  -5.429 0.0000000000
89861  18.342  -36.224  -6.858 0.0000000000
89862  18.342  -36.439  -6.478 0.0000000000
89863  17.833  -36.432  -6.833 0.0000000000
89864  17.419  -36.741  -6.850 0.0000000000
89865  17.452  -36.626  -7.182 0.0000000000
89866  17.383  -37.119  -7.544 0.0000000000
89867  17.523  -36.629  -7.524 0.0000000000
89868  17.886  -36.132  -8.231 0.0000000000
89869  17.672  -36.615  -8.263 0.0000000000
89870  17.730  -36.671  -8.614 0.0000000000
89871  17.814  -37.381  -8.917 0.0000000000
89872  17.798  -36.754  -8.948 0.0000000000
89873  19.855  -35.195  -8.214 0.0000000000
89874  19.174  -35.223  -8.177 0.0000000000
89875  19.037  -35.060  -8.548 0.0000000000
89876  18.256  -35.685  -9.662 0.0000000000
89877  18.216  -35.676  -9.313 0.0000000000
89878  18.062  -36.277  -9.633 0.0000000000
89879  18.025  -36.932  -9.552 0.0000000000
89880  18.126  -36.964  -9.861 0.0000000000
89881  18.372  -37.938  -10.016 0.0000000000
89882  18.295  -37.123  -10.135 0.0000000000
92755  18.746  -40.599  -6.759 0.0000000000
92756  19.397  -41.664  -6.929 0.0000000000
92757  18.974  -40.775  -7.079 0.0000000000
92758  19.076  -40.959  -7.407 0.0000000000
92759  19.055  -41.160  -7.722 0.0000000000
92760  18.925  -41.334  -7.904 0.0000000000
92761  18.664  -40.313  -7.882 0.0000000000
92762  18.278  -39.480  -8.043 0.0000000000
92763  17.970  -38.649  -8.174 0.0000000000
95401  21.203  -43.765  -9.342 0.0000000000
97443  23.493  -41.085  -0.750 0.0000000000
97444  23.056  -41.127  -1.395 0.0000000000
97445  23.813  -41.145  -1.197 0.0000000000
97446  24.126  -41.217  -1.658 0.0000000000
97447  24.349  -41.281  -2.168 0.0000000000
97462  23.510  -36.631  -7.943 0.0000000000
97463  24.251  -36.954  -8.107 0.0000000000
97464  24.090  -36.496  -8.389 0.0000000000
99708  18.265  -45.698  -6.708 0.0000000000
99709  18.126  -46.515  -6.394 0.0000000000
99710  17.538  -46.339  -6.401 0.0000000000
99711  16.787  -46.932  -6.003 0.0000000000
99714  15.771  -47.225  -5.788 0.0000000000
99715  15.558  -47.100  -5.988 0.0000000000
99716  15.458  -47.055  -6.257 0.0000000000
99717  15.503  -47.122  -6.553 0.0000000000
99718  15.901  -46.464  -6.789 0.0000000000
99719  16.376  -45.913  -7.270 0.0000000000
99720  16.951  -45.387  -7.668 0.0000000000
99721  18.572  -42.049  -8.697 0.0000000000
99722  18.452  -42.935  -8.617 0.0000000000
99723  18.677  -42.231  -8.890 0.0000000000
99724  18.848  -42.439  -9.061 0.0000000000
99725  19.141  -42.667  -9.184 0.0000000000
99726  19.489  -42.917  -9.296 0.0000000000
99727  19.406  -42.035  -9.370 0.0000000000
99728  19.433  -41.106  -9.533 0.0000000000
99729  19.410  -40.357  -9.837 0.0000000000
102969  16.507  -38.501  -5.696 0.0000000000
113761  21.385  -40.956  0.161 0.0000000000
113764  20.234  -40.997  -0.079 0.0000000000
113765  19.633  -40.920  -0.192 0.0000000000
113766  19.001  -40.776  -0.313 0.0000000000
113767  19.231  -40.691  -0.666 0.0000000000
113775  20.498  -39.566  -3.220 0.0000000000
113809  27.444  -40.622  -2.685 0.0000000000
113810  26.732  -40.900  -2.917 0.0000000000
113812  26.155  -41.012  -3.652 0.0000000000
113813  25.530  -40.960  -4.306 0.0000000000
113814  24.859  -40.561  -4.858 0.0000000000
113819  20.864  -37.087  -6.203 0.0000000000
113821  19.906  -36.542  -6.466 0.0000000000
113822  19.009  -36.169  -6.823 0.0000000000
113823  18.348  -36.077  -7.158 0.0000000000
113824  17.864  -36.244  -7.482 0.0000000000
113825  18.319  -35.952  -7.466 0.0000000000
113826  18.240  -35.829  -7.818 0.0000000000
113827  18.225  -35.719  -8.167 0.0000000000
113829  18.943  -34.931  -8.922 0.0000000000
113830  18.871  -34.821  -9.302 0.0000000000
113831  18.495  -35.198  -9.652 0.0000000000
113832  18.320  -35.721  -10.018 0.0000000000
113833  18.341  -36.414  -10.283 0.0000000000
113834  18.442  -35.786  -10.400 0.0000000000
113835  18.560  -35.875  -10.702 0.0000000000
113836  18.735  -35.978  -10.997 0.0000000000
116587  20.396  -44.303  -6.255 0.0000000000
116589  20.144  -44.534  -6.483 0.0000000000
116590  19.807  -44.731  -6.688 0.0000000000
116591  19.389  -44.870  -6.870 0.0000000000
116592  19.603  -42.850  -7.045 0.0000000000
116593  19.382  -43.969  -7.080 0.0000000000
116594  18.898  -44.901  -6.968 0.0000000000
116595  18.408  -44.905  -7.010 0.0000000000
116596  17.948  -44.824  -7.076 0.0000000000
116597  17.564  -44.690  -7.187 0.0000000000
116598  17.365  -44.663  -7.345 0.0000000000
116599  17.905  -44.080  -7.518 0.0000000000
116600  18.193  -43.416  -7.881 0.0000000000
116601  18.452  -42.680  -8.192 0.0000000000
116602  18.780  -41.540  -8.056 0.0000000000
116603  18.646  -41.738  -8.234 0.0000000000
116604  18.539  -41.893  -8.488 0.0000000000
116605  18.531  -41.055  -8.723 0.0000000000
116606  18.406  -40.166  -9.011 0.0000000000
116607  18.266  -39.323  -9.258 0.0000000000
127524  21.938  -40.919  0.415 0.0000000000
127525  21.686  -41.068  -0.235 0.0000000000
127526  21.346  -41.044  -0.778 0.0000000000
127527  20.957  -40.884  -1.254 0.0000000000
127528  20.546  -40.564  -1.713 0.0000000000
127529  21.191  -40.773  -1.673 0.0000000000
127530  21.394  -40.654  -2.083 0.0000000000
127531  21.581  -40.522  -2.499 0.0000000000
127532  22.659  -40.998  -1.982 0.0000000000
127533  22.247  -40.756  -2.462 0.0000000000
127534  21.764  -40.360  -2.911 0.0000000000
127535  21.891  -40.182  -3.291 0.0000000000
127536  21.988  -39.985  -3.661 0.0000000000
127537  22.068  -39.756  -4.045 0.0000000000
127556  29.176  -39.819  -4.556 0.0000000000
127557  28.507  -40.079  -4.727 0.0000000000
127558  27.812  -40.299  -4.941 0.0000000000
127559  27.053  -40.406  -5.162 0.0000000000
127560  26.330  -40.445  -5.251 0.0000000000
127561  26.316  -40.155  -5.778 0.0000000000
127562  25.624  -39.769  -6.144 0.0000000000
127563  24.899  -39.199  -6.426 0.0000000000
127570  20.169  -35.662  -7.551 0.0000000000
127573  20.594  -35.208  -8.264 0.0000000000
127574  22.511  -35.939  -8.082 0.0000000000
127575  21.380  -35.318  -8.313 0.0000000000
127576  20.328  -34.865  -8.622 0.0000000000
132436  15.631  -47.259  -6.858 0.0000000000
132442  17.319  -44.666  -7.551 0.0000000000
132443  17.364  -44.722  -7.793 0.0000000000
132444  17.463  -44.901  -8.046 0.0000000000
132445  18.227  -43.700  -8.452 0.0000000000
132446  17.984  -44.411  -8.367 0.0000000000
132454  19.881  -43.179  -9.384 0.0000000000
132455  20.327  -43.442  -9.419 0.0000000000
132456  20.760  -43.610  -9.400 0.0000000000
132457  20.961  -42.826  -9.506 0.0000000000
132458  21.156  -42.012  -9.581 0.0000000000
139237  20.133  -43.098  -6.011 0.0000000000
139238  19.638  -42.206  -6.137 0.0000000000
139239  19.098  -41.334  -6.292 0.0000000000
139240  17.907  -40.491  -5.910 0.0000000000
139241  18.210  -40.467  -6.184 0.0000000000
139242  18.517  -40.495  -6.465 0.0000000000
139243  17.953  -39.727  -6.642 0.0000000000
139244  17.502  -38.888  -6.784 0.0000000000
139245  17.242  -38.257  -6.917 0.0000000000
160938  15.520  -41.689  2.429 0.0000000000
160941  15.177  -41.762  1.945 0.0000000000
160962  18.731  -40.785  1.770 0.0000000000
160970  19.117  -40.875  1.387 0.0000000000
160971  18.567  -40.972  1.221 0.0000000000
160975  18.307  -40.609  -0.461 0.0000000000
160990  20.037  -40.133  -2.108 0.0000000000
161001  16.642  -37.997  -5.574 0.0000000000
161005  16.864  -37.775  -6.258 0.0000000000
161006  16.969  -37.691  -6.554 0.0000000000
161007  17.124  -37.703  -6.882 0.0000000000
161062  25.443  -41.081  -1.322 0.0000000000
161063  24.965  -41.376  -2.051 0.0000000000
161064  24.517  -41.250  -2.731 0.0000000000
161065  25.385  -41.206  -3.176 0.0000000000
161066  24.660  -41.143  -3.311 0.0000000000
161067  23.960  -40.988  -3.385 0.0000000000
161068  23.310  -40.560  -3.825 0.0000000000
161069  22.732  -40.077  -4.177 0.0000000000
161070  22.062  -39.410  -4.438 0.0000000000
161071  25.616  -40.401  -5.292 0.0000000000
161072  24.890  -40.237  -5.341 0.0000000000
161073  24.222  -40.060  -5.230 0.0000000000
161074  23.518  -39.023  -5.841 0.0000000000
161075  23.524  -39.416  -5.476 0.0000000000
161076  23.482  -39.765  -5.096 0.0000000000
161077  22.738  -39.422  -4.938 0.0000000000
161078  22.035  -39.039  -4.813 0.0000000000
161079  21.249  -38.672  -4.670 0.0000000000
161080  20.386  -38.018  -4.959 0.0000000000
161084  18.405  -36.707  -6.082 0.0000000000
161086  17.389  -36.887  -6.478 0.0000000000
161087  17.209  -37.161  -6.872 0.0000000000
161088  17.294  -37.688  -7.220 0.0000000000
161089  17.439  -37.709  -7.551 0.0000000000
161090  17.560  -37.786  -7.901 0.0000000000
161091  17.765  -37.875  -8.227 0.0000000000
161092  17.600  -36.612  -7.895 0.0000000000
161093  17.647  -37.183  -8.266 0.0000000000
161094  17.891  -37.992  -8.554 0.0000000000
161095  17.962  -38.130  -8.877 0.0000000000
161096  18.012  -38.288  -9.173 0.0000000000
161097  18.121  -38.494  -9.407 0.0000000000
161098  19.312  -35.416  -7.849 0.0000000000
161099  18.653  -35.385  -8.150 0.0000000000
161100  18.198  -35.665  -8.539 0.0000000000
161101  18.534  -35.242  -8.893 0.0000000000
161102  18.178  -35.650  -8.930 0.0000000000
161103  17.974  -36.135  -8.947 0.0000000000
161104  17.897  -36.846  -9.262 0.0000000000
161105  18.018  -37.642  -9.500 0.0000000000
161106  18.271  -38.716  -9.639 0.0000000000
161107  18.461  -38.932  -9.900 0.0000000000
161108  18.831  -39.186  -10.049 0.0000000000
161109  19.218  -39.405  -10.145 0.0000000000
161110  18.523  -37.323  -10.396 0.0000000000
161111  18.994  -38.423  -10.379 0.0000000000
161112  19.611  -39.595  -10.199 0.0000000000
161113  20.084  -39.859  -10.258 0.0000000000
161114  20.550  -40.020  -10.268 0.0000000000
