#!ascii label  , from subject fsaverage vox2ras=TkReg
621
289  13.410  -56.283  20.540 0.0000000000
770  8.363  -57.478  15.384 0.0000000000
1232  11.977  -53.631  11.462 0.0000000000
1234  14.235  -53.638  8.371 0.0000000000
1235  16.068  -51.598  6.604 0.0000000000
1672  18.243  -57.298  22.897 0.0000000000
1675  15.542  -54.806  17.712 0.0000000000
1676  9.729  -54.945  13.575 0.0000000000
2317  17.155  -49.627  4.241 0.0000000000
2603  13.004  -45.186  1.121 0.0000000000
2604  14.089  -44.648  -0.006 0.0000000000
3153  13.146  -53.813  9.887 0.0000000000
3745  11.193  -57.619  21.714 0.0000000000
3746  13.540  -58.023  23.398 0.0000000000
3747  15.723  -56.451  22.177 0.0000000000
3749  17.391  -55.652  20.606 0.0000000000
3751  14.757  -55.397  19.301 0.0000000000
3752  5.849  -56.732  13.039 0.0000000000
3753  9.287  -56.209  14.572 0.0000000000
3755  7.366  -54.507  10.738 0.0000000000
5148  16.897  -50.549  5.553 0.0000000000
5149  13.536  -49.212  4.427 0.0000000000
5150  13.731  -48.216  3.301 0.0000000000
5993  9.443  -57.832  19.094 0.0000000000
5994  11.099  -56.707  18.259 0.0000000000
5995  7.027  -58.554  16.289 0.0000000000
6826  14.655  -54.319  12.853 0.0000000000
6828  15.716  -55.081  10.856 0.0000000000
6829  17.057  -54.831  9.080 0.0000000000
6831  19.331  -53.034  7.067 0.0000000000
6832  15.232  -52.595  7.476 0.0000000000
7741  16.219  -58.677  23.940 0.0000000000
7749  16.347  -54.673  15.775 0.0000000000
7750  12.039  -55.755  17.186 0.0000000000
7751  12.669  -54.887  15.971 0.0000000000
7752  13.554  -54.165  14.569 0.0000000000
7753  10.665  -53.988  12.627 0.0000000000
7754  8.414  -53.674  9.905 0.0000000000
9510  17.002  -48.585  2.821 0.0000000000
9511  13.488  -46.830  2.176 0.0000000000
10284  12.600  -43.854  0.995 0.0000000000
10833  9.890  -52.619  8.739 0.0000000000
11425  12.426  -56.877  21.152 0.0000000000
11426  13.424  -56.837  22.208 0.0000000000
11427  14.628  -56.236  21.536 0.0000000000
11428  16.649  -55.985  21.466 0.0000000000
11429  15.382  -55.799  20.824 0.0000000000
11430  16.032  -55.406  20.084 0.0000000000
11431  14.084  -55.841  19.939 0.0000000000
11433  6.200  -56.155  12.345 0.0000000000
13828  8.358  -58.644  19.527 0.0000000000
13829  7.420  -58.836  18.067 0.0000000000
13830  8.336  -58.185  17.720 0.0000000000
13831  6.196  -59.026  16.808 0.0000000000
15217  13.348  -53.912  12.265 0.0000000000
15218  15.224  -54.742  11.883 0.0000000000
15219  13.968  -54.225  11.349 0.0000000000
15220  13.617  -53.853  9.051 0.0000000000
15221  14.941  -54.477  9.558 0.0000000000
15222  15.619  -54.199  8.814 0.0000000000
15223  17.745  -54.445  8.481 0.0000000000
15224  16.240  -53.786  8.235 0.0000000000
15225  16.702  -53.331  7.788 0.0000000000
15226  14.747  -53.138  7.900 0.0000000000
16994  16.459  -59.756  24.823 0.0000000000
16998  15.846  -57.576  23.131 0.0000000000
16999  14.829  -58.445  23.627 0.0000000000
17016  15.940  -54.660  16.813 0.0000000000
17017  9.832  -57.107  16.865 0.0000000000
17018  11.636  -56.230  17.737 0.0000000000
17019  10.344  -56.603  16.437 0.0000000000
17020  9.430  -55.562  14.064 0.0000000000
17021  11.011  -55.471  15.393 0.0000000000
17022  11.250  -54.906  14.871 0.0000000000
17023  13.030  -54.474  15.298 0.0000000000
17024  11.520  -54.408  14.355 0.0000000000
17025  12.065  -54.012  13.788 0.0000000000
17026  10.188  -54.399  13.117 0.0000000000
17028  7.864  -54.075  10.337 0.0000000000
21202  17.770  -52.246  6.914 0.0000000000
21204  18.179  -51.774  6.440 0.0000000000
21205  17.091  -50.081  4.935 0.0000000000
21206  18.787  -50.810  5.277 0.0000000000
21211  17.240  -49.149  3.517 0.0000000000
21213  13.628  -47.552  2.729 0.0000000000
21215  12.030  -45.701  2.244 0.0000000000
23117  14.650  -46.308  1.150 0.0000000000
23119  13.622  -44.964  0.581 0.0000000000
23120  13.039  -43.600  0.395 0.0000000000
24106  10.626  -53.343  10.384 0.0000000000
24107  12.626  -53.689  10.710 0.0000000000
24108  11.305  -53.209  9.787 0.0000000000
24109  11.838  -53.114  9.098 0.0000000000
24110  12.323  -52.990  8.387 0.0000000000
24111  12.885  -52.786  7.867 0.0000000000
25174  11.174  -58.632  23.273 0.0000000000
25175  12.281  -57.681  22.758 0.0000000000
25176  14.674  -57.103  22.811 0.0000000000
25177  16.919  -56.864  22.609 0.0000000000
25179  17.882  -56.374  21.878 0.0000000000
25185  15.204  -55.051  18.488 0.0000000000
25186  6.880  -57.477  14.023 0.0000000000
25187  8.876  -56.889  14.940 0.0000000000
25188  7.381  -56.835  13.573 0.0000000000
25189  7.696  -56.171  13.106 0.0000000000
25190  7.981  -55.476  12.536 0.0000000000
25191  8.456  -54.880  12.023 0.0000000000
25192  6.923  -55.059  11.224 0.0000000000
27697  14.466  -50.941  6.076 0.0000000000
27698  16.501  -51.034  6.136 0.0000000000
27699  14.862  -50.395  5.591 0.0000000000
27700  15.196  -49.910  5.075 0.0000000000
27701  15.390  -49.450  4.459 0.0000000000
27702  15.439  -48.976  3.791 0.0000000000
27703  13.656  -48.754  3.870 0.0000000000
29343  9.185  -58.527  20.932 0.0000000000
29344  10.372  -57.698  20.500 0.0000000000
29345  11.487  -56.996  19.990 0.0000000000
29346  12.234  -56.504  19.465 0.0000000000
29347  10.326  -57.255  18.672 0.0000000000
29348  9.132  -57.629  17.298 0.0000000000
29349  7.757  -58.012  15.833 0.0000000000
29352  6.311  -58.006  14.506 0.0000000000
31293  14.435  -54.438  10.452 0.0000000000
31294  16.306  -55.118  9.939 0.0000000000
31301  17.257  -52.770  7.354 0.0000000000
31302  15.694  -52.090  7.045 0.0000000000
31303  13.306  -52.402  7.391 0.0000000000
31304  13.738  -51.911  6.985 0.0000000000
31305  14.105  -51.419  6.524 0.0000000000
33627  12.597  -58.978  23.974 0.0000000000
33628  14.015  -59.414  24.130 0.0000000000
33629  15.350  -59.625  24.377 0.0000000000
33630  17.468  -58.956  24.375 0.0000000000
33652  12.871  -55.980  18.897 0.0000000000
33653  13.387  -55.543  18.290 0.0000000000
33654  13.758  -55.171  17.653 0.0000000000
33655  10.724  -56.031  15.940 0.0000000000
33656  12.345  -55.331  16.614 0.0000000000
33657  14.080  -54.780  16.914 0.0000000000
33658  14.551  -54.548  16.105 0.0000000000
33659  15.005  -54.420  15.227 0.0000000000
33660  15.555  -54.512  14.250 0.0000000000
33661  14.130  -54.102  13.733 0.0000000000
33662  12.683  -53.820  13.068 0.0000000000
33663  11.308  -53.709  12.108 0.0000000000
33664  8.962  -54.323  11.605 0.0000000000
33665  9.440  -53.931  11.200 0.0000000000
33666  10.003  -53.629  10.833 0.0000000000
38760  18.545  -51.278  5.904 0.0000000000
38768  16.836  -48.054  2.123 0.0000000000
38769  15.399  -48.400  3.108 0.0000000000
38770  15.247  -47.786  2.449 0.0000000000
38771  15.040  -47.129  1.813 0.0000000000
38772  13.298  -46.036  1.631 0.0000000000
42145  12.949  -56.555  20.865 0.0000000000
42146  13.535  -56.502  21.396 0.0000000000
42147  13.996  -56.238  21.080 0.0000000000
42148  15.033  -56.017  21.180 0.0000000000
42149  14.404  -56.003  20.737 0.0000000000
42150  14.730  -55.806  20.403 0.0000000000
42151  13.742  -56.049  20.295 0.0000000000
44550  6.818  -58.980  17.416 0.0000000000
45937  12.648  -53.780  11.874 0.0000000000
45938  13.660  -54.045  11.839 0.0000000000
45939  13.002  -53.853  11.526 0.0000000000
45940  13.944  -53.757  8.686 0.0000000000
45941  14.589  -54.067  8.960 0.0000000000
45942  14.921  -53.910  8.639 0.0000000000
45943  15.939  -53.985  8.517 0.0000000000
45944  15.210  -53.698  8.367 0.0000000000
45945  15.454  -53.483  8.107 0.0000000000
45946  14.517  -53.402  8.152 0.0000000000
47718  17.072  -57.387  23.041 0.0000000000
47719  16.548  -57.751  23.310 0.0000000000
47720  17.752  -57.555  23.199 0.0000000000
47722  18.954  -57.500  23.043 0.0000000000
47736  15.707  -54.695  17.302 0.0000000000
47737  9.118  -57.303  16.130 0.0000000000
47738  10.086  -56.852  16.649 0.0000000000
47739  9.387  -57.054  15.912 0.0000000000
47740  9.564  -55.256  13.826 0.0000000000
47741  10.359  -55.216  14.486 0.0000000000
47742  10.476  -54.949  14.270 0.0000000000
47743  11.370  -54.658  14.623 0.0000000000
47744  10.633  -54.666  14.038 0.0000000000
47745  10.850  -54.405  13.772 0.0000000000
47746  9.932  -54.644  13.362 0.0000000000
51922  16.973  -51.912  6.790 0.0000000000
51923  17.986  -51.982  6.686 0.0000000000
51924  17.172  -51.647  6.556 0.0000000000
51925  17.094  -49.845  4.620 0.0000000000
51926  17.982  -50.195  4.782 0.0000000000
51927  17.970  -49.982  4.448 0.0000000000
51929  18.004  -49.751  4.068 0.0000000000
51930  18.073  -49.526  3.697 0.0000000000
51931  17.227  -49.389  3.861 0.0000000000
53888  13.814  -45.750  1.094 0.0000000000
53889  14.093  -45.625  0.841 0.0000000000
53890  13.310  -45.089  0.837 0.0000000000
53891  12.655  -43.268  1.065 0.0000000000
53892  12.822  -43.724  0.690 0.0000000000
53893  12.828  -43.120  0.753 0.0000000000
53894  12.991  -42.937  0.482 0.0000000000
55537  9.983  -53.200  9.756 0.0000000000
55538  10.940  -53.269  10.072 0.0000000000
55539  10.284  -53.068  9.515 0.0000000000
55540  10.209  -52.478  8.438 0.0000000000
55541  10.865  -52.836  8.953 0.0000000000
55542  11.149  -52.712  8.627 0.0000000000
55543  12.061  -53.013  8.749 0.0000000000
57315  10.620  -58.031  21.954 0.0000000000
57316  11.119  -58.047  22.504 0.0000000000
57317  11.675  -57.608  22.267 0.0000000000
57318  14.621  -56.590  22.226 0.0000000000
57319  14.096  -56.932  22.550 0.0000000000
57320  15.180  -56.763  22.514 0.0000000000
57321  15.750  -56.968  22.736 0.0000000000
57322  16.293  -56.656  22.416 0.0000000000
57323  17.407  -56.592  22.274 0.0000000000
57324  16.818  -56.368  22.074 0.0000000000
57332  15.390  -55.367  19.716 0.0000000000
57333  16.266  -55.219  19.679 0.0000000000
57334  15.642  -55.199  19.308 0.0000000000
57336  14.982  -55.225  18.892 0.0000000000
57337  6.297  -57.183  13.458 0.0000000000
57338  7.161  -57.158  13.781 0.0000000000
57339  6.539  -56.920  13.166 0.0000000000
57341  6.916  -56.325  12.592 0.0000000000
57342  7.082  -55.971  12.361 0.0000000000
57343  7.818  -55.825  12.806 0.0000000000
57344  7.238  -55.641  12.087 0.0000000000
57345  7.376  -55.361  11.800 0.0000000000
57346  6.758  -55.359  11.530 0.0000000000
61522  13.741  -50.581  5.766 0.0000000000
61523  14.648  -50.696  5.836 0.0000000000
61524  13.949  -50.327  5.499 0.0000000000
61526  14.207  -49.779  5.010 0.0000000000
61527  14.332  -49.574  4.711 0.0000000000
61528  15.294  -49.675  4.751 0.0000000000
61529  14.450  -49.353  4.432 0.0000000000
61530  14.526  -49.134  4.141 0.0000000000
61531  13.623  -49.010  4.150 0.0000000000
63751  14.665  -45.348  0.253 0.0000000000
64525  8.930  -58.242  19.317 0.0000000000
64526  9.357  -58.161  20.044 0.0000000000
64527  9.927  -57.784  19.820 0.0000000000
64528  10.960  -57.358  20.267 0.0000000000
64529  10.450  -57.390  19.570 0.0000000000
64530  10.942  -57.093  19.370 0.0000000000
64531  9.878  -57.527  18.896 0.0000000000
64532  7.723  -58.363  17.030 0.0000000000
64533  8.783  -57.883  17.506 0.0000000000
64534  8.099  -58.078  16.792 0.0000000000
64535  8.466  -57.819  16.556 0.0000000000
64536  7.397  -58.256  16.074 0.0000000000
64545  5.789  -57.719  14.047 0.0000000000
68695  15.462  -54.939  11.363 0.0000000000
68697  16.333  -55.446  11.018 0.0000000000
68699  16.642  -55.541  10.546 0.0000000000
68700  12.933  -53.764  10.334 0.0000000000
68701  13.601  -54.016  10.678 0.0000000000
68702  13.800  -54.116  10.202 0.0000000000
68703  15.991  -54.680  9.305 0.0000000000
68704  15.637  -54.797  9.746 0.0000000000
68705  16.705  -55.032  9.468 0.0000000000
68706  17.405  -55.376  9.599 0.0000000000
68707  17.792  -55.226  9.189 0.0000000000
68710  18.041  -54.207  8.218 0.0000000000
68711  18.842  -54.599  8.259 0.0000000000
68717  15.989  -52.961  7.637 0.0000000000
68718  16.994  -53.052  7.573 0.0000000000
68719  16.255  -52.691  7.422 0.0000000000
68720  16.474  -52.423  7.212 0.0000000000
68721  15.470  -52.321  7.279 0.0000000000
68723  13.088  -52.594  7.623 0.0000000000
68727  13.029  -51.501  6.663 0.0000000000
68728  13.940  -51.658  6.762 0.0000000000
68729  13.196  -51.278  6.419 0.0000000000
68730  13.369  -51.047  6.211 0.0000000000
74033  12.315  -58.296  23.462 0.0000000000
74034  11.850  -58.783  23.696 0.0000000000
74035  13.090  -58.527  23.709 0.0000000000
74036  15.537  -58.585  23.754 0.0000000000
74037  14.445  -58.929  23.865 0.0000000000
74038  15.118  -59.080  23.960 0.0000000000
74039  14.690  -59.537  24.213 0.0000000000
74040  15.781  -59.132  24.147 0.0000000000
74041  16.415  -59.207  24.379 0.0000000000
74042  16.874  -58.799  24.149 0.0000000000
74092  11.680  -56.586  18.848 0.0000000000
74093  12.564  -56.245  19.194 0.0000000000
74094  11.988  -56.350  18.598 0.0000000000
74095  11.866  -55.993  17.475 0.0000000000
74096  12.534  -55.837  18.078 0.0000000000
74097  12.722  -55.640  17.758 0.0000000000
74098  13.579  -55.360  17.966 0.0000000000
74099  12.878  -55.423  17.456 0.0000000000
74100  9.094  -56.544  14.753 0.0000000000
74101  9.840  -56.475  15.469 0.0000000000
74102  10.032  -56.141  15.267 0.0000000000
74103  11.828  -55.123  15.722 0.0000000000
74104  11.683  -55.401  16.016 0.0000000000
74105  12.515  -55.111  16.298 0.0000000000
74106  13.216  -55.048  16.814 0.0000000000
74107  13.388  -54.858  16.455 0.0000000000
74108  14.324  -54.668  16.524 0.0000000000
74109  13.608  -54.681  16.093 0.0000000000
74110  13.279  -54.284  14.959 0.0000000000
74111  14.071  -54.370  15.337 0.0000000000
74112  14.298  -54.294  14.919 0.0000000000
74113  15.233  -54.425  14.771 0.0000000000
74114  14.575  -54.274  14.468 0.0000000000
74115  14.892  -54.323  13.985 0.0000000000
74116  13.850  -54.102  14.147 0.0000000000
74117  11.356  -53.989  13.253 0.0000000000
74118  12.342  -53.882  13.460 0.0000000000
74119  11.673  -53.854  12.913 0.0000000000
74120  12.043  -53.744  12.592 0.0000000000
74121  10.982  -53.833  12.334 0.0000000000
74122  7.849  -54.765  11.263 0.0000000000
74123  8.681  -54.586  11.783 0.0000000000
74124  8.138  -54.482  11.080 0.0000000000
74125  8.150  -53.849  10.126 0.0000000000
74126  8.609  -54.052  10.664 0.0000000000
74127  8.884  -53.858  10.496 0.0000000000
74128  9.693  -53.800  11.009 0.0000000000
74129  9.154  -53.666  10.352 0.0000000000
74130  9.465  -53.505  10.155 0.0000000000
74131  8.643  -53.479  9.760 0.0000000000
86655  16.699  -50.779  5.852 0.0000000000
86656  17.549  -51.129  6.042 0.0000000000
86657  17.711  -50.876  5.758 0.0000000000
86659  19.565  -51.190  5.398 0.0000000000
86672  17.929  -48.999  2.956 0.0000000000
86674  17.857  -48.738  2.635 0.0000000000
86675  17.741  -48.456  2.257 0.0000000000
86676  16.952  -48.332  2.471 0.0000000000
86677  14.612  -48.627  3.522 0.0000000000
86678  15.405  -48.663  3.444 0.0000000000
86679  14.569  -48.306  3.193 0.0000000000
86680  13.558  -47.198  2.449 0.0000000000
86681  14.456  -47.713  2.598 0.0000000000
86682  14.367  -47.343  2.295 0.0000000000
86683  15.154  -47.461  2.127 0.0000000000
86684  14.302  -47.007  1.986 0.0000000000
86685  14.145  -46.613  1.693 0.0000000000
86686  13.458  -46.451  1.904 0.0000000000
86688  12.042  -45.306  2.015 0.0000000000
92237  12.468  -44.622  1.281 0.0000000000
92238  12.722  -44.505  1.001 0.0000000000
92239  12.374  -43.990  1.310 0.0000000000
94293  11.798  -57.214  21.429 0.0000000000
94294  12.276  -57.212  21.994 0.0000000000
94295  12.905  -56.795  21.721 0.0000000000
94296  14.086  -56.511  21.854 0.0000000000
94297  15.168  -56.295  21.893 0.0000000000
94298  16.210  -56.180  21.843 0.0000000000
94299  15.636  -56.071  21.549 0.0000000000
94300  16.039  -55.873  21.179 0.0000000000
94301  16.418  -55.688  20.763 0.0000000000
94302  16.724  -55.504  20.403 0.0000000000
94303  15.723  -55.615  20.461 0.0000000000
94304  15.049  -55.586  20.052 0.0000000000
94305  14.414  -55.616  19.614 0.0000000000
94307  6.019  -56.442  12.684 0.0000000000
98618  7.774  -59.116  19.695 0.0000000000
98621  8.471  -58.336  18.591 0.0000000000
98622  8.896  -58.011  18.403 0.0000000000
98623  7.882  -58.502  17.897 0.0000000000
98624  7.305  -58.655  17.254 0.0000000000
98625  6.627  -58.757  16.567 0.0000000000
101119  13.995  -54.097  12.581 0.0000000000
101120  14.936  -54.518  12.392 0.0000000000
101121  14.300  -54.256  12.120 0.0000000000
101122  14.586  -54.461  11.653 0.0000000000
101123  14.830  -54.633  11.131 0.0000000000
101124  13.363  -53.832  9.464 0.0000000000
101125  14.014  -54.153  9.759 0.0000000000
101126  14.256  -54.158  9.338 0.0000000000
101127  15.243  -54.376  9.165 0.0000000000
101128  16.340  -54.502  8.956 0.0000000000
101129  17.415  -54.644  8.756 0.0000000000
101130  16.699  -54.290  8.640 0.0000000000
101131  16.988  -54.099  8.372 0.0000000000
101132  17.284  -53.901  8.110 0.0000000000
101133  17.523  -53.688  7.895 0.0000000000
101134  16.477  -53.570  7.994 0.0000000000
101135  15.692  -53.219  7.861 0.0000000000
101136  14.974  -52.839  7.700 0.0000000000
104324  14.680  -57.779  23.261 0.0000000000
104325  14.200  -58.251  23.546 0.0000000000
104326  15.318  -57.988  23.388 0.0000000000
104327  16.003  -58.135  23.535 0.0000000000
104328  16.703  -58.246  23.713 0.0000000000
104329  17.355  -58.391  23.920 0.0000000000
104358  16.158  -54.635  16.311 0.0000000000
104359  10.485  -56.886  17.607 0.0000000000
104360  11.386  -56.467  18.004 0.0000000000
104361  10.753  -56.644  17.353 0.0000000000
104362  10.985  -56.387  17.119 0.0000000000
104363  11.201  -56.153  16.846 0.0000000000
104364  9.355  -55.892  14.326 0.0000000000
104365  10.175  -55.843  15.024 0.0000000000
104366  10.293  -55.535  14.767 0.0000000000
104367  11.113  -55.154  15.099 0.0000000000
104368  11.955  -54.894  15.443 0.0000000000
104369  12.845  -54.686  15.629 0.0000000000
104370  12.110  -54.662  15.157 0.0000000000
104371  12.249  -54.423  14.886 0.0000000000
104372  12.510  -54.231  14.538 0.0000000000
104373  12.794  -54.071  14.211 0.0000000000
104374  11.786  -54.201  14.067 0.0000000000
104375  11.103  -54.186  13.525 0.0000000000
104376  10.447  -54.174  12.905 0.0000000000
104378  7.619  -54.281  10.546 0.0000000000
111892  18.526  -52.624  6.991 0.0000000000
111893  19.554  -52.799  6.853 0.0000000000
111894  18.756  -52.397  6.751 0.0000000000
111895  18.968  -52.175  6.548 0.0000000000
111896  19.156  -51.958  6.306 0.0000000000
111897  17.059  -50.306  5.252 0.0000000000
111898  17.885  -50.655  5.440 0.0000000000
111899  17.972  -50.422  5.107 0.0000000000
111900  18.814  -50.561  4.936 0.0000000000
111908  18.044  -49.281  3.304 0.0000000000
111909  17.121  -48.869  3.158 0.0000000000
111910  12.827  -47.698  3.143 0.0000000000
111911  13.663  -47.881  3.005 0.0000000000
111912  12.816  -47.362  2.883 0.0000000000
111913  12.800  -47.060  2.602 0.0000000000
111914  12.760  -46.668  2.389 0.0000000000
111915  12.653  -46.273  2.130 0.0000000000
115379  15.521  -46.845  1.258 0.0000000000
115381  14.950  -46.187  0.898 0.0000000000
115382  14.361  -45.486  0.571 0.0000000000
115383  13.854  -44.800  0.284 0.0000000000
115384  12.989  -44.378  0.711 0.0000000000
115385  13.235  -44.255  0.428 0.0000000000
115386  13.464  -44.103  0.141 0.0000000000
115387  13.218  -43.389  0.121 0.0000000000
117688  11.296  -53.483  10.985 0.0000000000
117689  12.346  -53.643  11.122 0.0000000000
117690  11.603  -53.457  10.610 0.0000000000
117691  11.914  -53.462  10.261 0.0000000000
117692  12.298  -53.496  9.926 0.0000000000
117693  10.573  -52.915  9.262 0.0000000000
117694  11.621  -53.189  9.461 0.0000000000
117695  12.516  -53.513  9.525 0.0000000000
117696  12.717  -53.459  9.126 0.0000000000
117697  13.014  -53.468  8.717 0.0000000000
117698  13.296  -53.388  8.380 0.0000000000
117699  13.602  -53.263  8.131 0.0000000000
117700  12.595  -52.907  8.118 0.0000000000
120179  10.583  -58.542  22.762 0.0000000000
120180  11.694  -58.128  23.052 0.0000000000
120181  12.897  -57.819  23.138 0.0000000000
120182  12.851  -57.256  22.484 0.0000000000
120183  13.501  -57.362  22.844 0.0000000000
120184  14.071  -57.543  23.126 0.0000000000
120185  15.223  -57.335  23.001 0.0000000000
120186  16.419  -57.189  22.893 0.0000000000
120187  17.614  -57.069  22.758 0.0000000000
120192  17.261  -56.166  21.694 0.0000000000
120193  18.301  -56.247  21.447 0.0000000000
120202  16.960  -55.335  19.964 0.0000000000
120203  17.189  -55.220  19.523 0.0000000000
120207  15.359  -54.920  18.110 0.0000000000
120208  7.599  -57.572  14.671 0.0000000000
120209  8.637  -57.209  15.130 0.0000000000
120210  7.871  -57.249  14.439 0.0000000000
120211  8.119  -56.916  14.245 0.0000000000
120212  8.312  -56.570  14.054 0.0000000000
120213  6.725  -56.580  12.901 0.0000000000
120214  7.526  -56.535  13.352 0.0000000000
120215  8.425  -56.254  13.872 0.0000000000
120216  8.517  -55.905  13.601 0.0000000000
120217  8.653  -55.540  13.300 0.0000000000
120218  8.805  -55.227  13.052 0.0000000000
120219  9.029  -54.919  12.806 0.0000000000
120220  8.196  -55.167  12.281 0.0000000000
120221  7.626  -55.032  11.548 0.0000000000
120222  7.106  -54.779  10.901 0.0000000000
120223  6.395  -54.958  11.212 0.0000000000
120224  6.582  -54.586  10.944 0.0000000000
126067  15.250  -51.269  6.366 0.0000000000
126068  16.304  -51.316  6.366 0.0000000000
126069  15.453  -51.000  6.129 0.0000000000
126070  15.665  -50.723  5.897 0.0000000000
126071  15.874  -50.479  5.618 0.0000000000
126072  14.097  -50.036  5.260 0.0000000000
126073  15.045  -50.136  5.334 0.0000000000
126074  16.053  -50.234  5.340 0.0000000000
126075  16.157  -49.996  5.047 0.0000000000
126076  16.228  -49.766  4.726 0.0000000000
126077  16.302  -49.554  4.419 0.0000000000
126078  16.341  -49.300  4.028 0.0000000000
126079  15.437  -49.234  4.135 0.0000000000
126080  14.573  -48.893  3.838 0.0000000000
126081  13.706  -48.513  3.569 0.0000000000
126084  12.840  -47.995  3.401 0.0000000000
130114  9.598  -58.487  21.614 0.0000000000
130115  10.198  -58.051  21.408 0.0000000000
130116  8.773  -58.584  20.225 0.0000000000
130117  9.787  -58.089  20.740 0.0000000000
130118  10.781  -57.629  21.128 0.0000000000
130119  11.369  -57.256  20.861 0.0000000000
130120  11.957  -56.944  20.588 0.0000000000
130121  12.449  -56.631  20.282 0.0000000000
130122  12.815  -56.388  20.016 0.0000000000
130123  11.886  -56.743  19.720 0.0000000000
130124  11.321  -56.849  19.103 0.0000000000
130125  10.727  -56.985  18.452 0.0000000000
130126  9.317  -57.711  18.209 0.0000000000
130127  9.740  -57.439  18.001 0.0000000000
130128  10.121  -57.171  17.819 0.0000000000
130129  9.495  -57.371  17.070 0.0000000000
130130  8.836  -57.548  16.334 0.0000000000
130131  8.100  -57.725  15.619 0.0000000000
130133  5.594  -58.903  16.263 0.0000000000
130134  5.981  -58.705  15.976 0.0000000000
130137  6.328  -58.580  15.633 0.0000000000
130138  6.692  -58.346  15.383 0.0000000000
130139  7.009  -58.095  15.133 0.0000000000
130140  7.294  -57.880  14.903 0.0000000000
130141  6.624  -57.739  14.287 0.0000000000
130142  6.066  -57.410  13.785 0.0000000000
130143  5.622  -56.890  13.416 0.0000000000
135405  13.322  -53.942  11.075 0.0000000000
135406  14.218  -54.336  10.891 0.0000000000
135407  15.023  -54.753  10.656 0.0000000000
135408  14.681  -54.497  9.999 0.0000000000
135409  15.299  -54.811  10.211 0.0000000000
135410  15.962  -55.154  10.399 0.0000000000
135417  18.534  -54.834  8.531 0.0000000000
135426  19.173  -53.300  7.261 0.0000000000
135427  17.795  -53.412  7.692 0.0000000000
135428  18.061  -53.151  7.464 0.0000000000
135429  18.325  -52.883  7.203 0.0000000000
135430  17.513  -52.489  7.136 0.0000000000
135431  16.760  -52.163  7.010 0.0000000000
135432  15.892  -51.852  6.822 0.0000000000
135433  13.842  -53.031  7.885 0.0000000000
135434  14.035  -52.789  7.656 0.0000000000
135435  14.245  -52.526  7.475 0.0000000000
135437  13.511  -52.146  7.185 0.0000000000
135438  14.477  -52.258  7.272 0.0000000000
135439  14.699  -51.989  7.060 0.0000000000
135440  14.873  -51.770  6.830 0.0000000000
135441  15.063  -51.524  6.595 0.0000000000
135442  14.281  -51.180  6.331 0.0000000000
135443  13.536  -50.822  6.000 0.0000000000
142008  13.777  -58.727  23.808 0.0000000000
142011  13.577  -59.864  24.387 0.0000000000
142014  15.942  -59.700  24.592 0.0000000000
142015  16.951  -59.326  24.604 0.0000000000
142017  17.967  -58.615  24.122 0.0000000000
142078  13.136  -56.143  19.766 0.0000000000
142079  13.446  -55.907  19.443 0.0000000000
142080  13.762  -55.656  19.124 0.0000000000
142081  12.266  -56.095  18.329 0.0000000000
142082  13.151  -55.710  18.612 0.0000000000
142083  14.047  -55.463  18.800 0.0000000000
142084  14.279  -55.284  18.433 0.0000000000
142085  14.476  -55.101  18.092 0.0000000000
142086  14.660  -54.944  17.739 0.0000000000
142087  9.626  -56.776  15.684 0.0000000000
142088  10.538  -56.323  16.186 0.0000000000
142089  11.373  -55.895  16.579 0.0000000000
142090  10.898  -55.768  15.677 0.0000000000
142091  11.511  -55.644  16.299 0.0000000000
142092  12.182  -55.515  16.897 0.0000000000
142093  13.058  -55.242  17.167 0.0000000000
142094  13.924  -54.981  17.295 0.0000000000
142095  14.828  -54.785  17.346 0.0000000000
142096  15.027  -54.676  16.933 0.0000000000
142097  15.254  -54.601  16.478 0.0000000000
142098  15.472  -54.529  16.001 0.0000000000
142099  13.808  -54.513  15.708 0.0000000000
142100  14.775  -54.448  15.671 0.0000000000
142101  15.703  -54.547  15.504 0.0000000000
142105  15.787  -54.638  13.756 0.0000000000
142107  14.417  -54.162  13.320 0.0000000000
142108  13.088  -53.954  13.817 0.0000000000
142109  13.385  -53.937  13.432 0.0000000000
142110  13.698  -53.946  13.011 0.0000000000
142111  13.049  -53.823  12.671 0.0000000000
142112  12.345  -53.733  12.237 0.0000000000
142113  11.624  -53.665  11.764 0.0000000000
142114  9.265  -54.636  12.552 0.0000000000
142115  9.528  -54.386  12.365 0.0000000000
142116  9.820  -54.136  12.206 0.0000000000
142117  8.392  -54.242  10.909 0.0000000000
142118  9.214  -54.084  11.429 0.0000000000
142119  10.033  -53.953  11.931 0.0000000000
142120  10.306  -53.811  11.704 0.0000000000
142121  10.611  -53.688  11.498 0.0000000000
142122  10.952  -53.595  11.253 0.0000000000
142123  10.338  -53.485  10.608 0.0000000000
142124  9.744  -53.340  9.978 0.0000000000
157236  17.381  -51.392  6.314 0.0000000000
157237  18.396  -51.535  6.184 0.0000000000
157238  19.361  -51.697  6.045 0.0000000000
157239  18.680  -51.037  5.598 0.0000000000
157262  16.666  -47.721  1.756 0.0000000000
157263  16.305  -49.021  3.665 0.0000000000
157264  16.286  -48.755  3.320 0.0000000000
157265  16.226  -48.488  2.979 0.0000000000
157266  14.514  -48.000  2.901 0.0000000000
157267  15.346  -48.122  2.798 0.0000000000
157268  16.148  -48.194  2.625 0.0000000000
157269  16.059  -47.906  2.294 0.0000000000
157270  15.955  -47.593  1.963 0.0000000000
157271  15.740  -47.240  1.606 0.0000000000
157272  14.828  -46.751  1.470 0.0000000000
157273  13.956  -46.183  1.394 0.0000000000
157274  13.165  -45.612  1.399 0.0000000000
157275  12.667  -45.875  1.901 0.0000000000
157276  12.592  -45.473  1.652 0.0000000000
157277  12.525  -45.055  1.473 0.0000000000
157278  12.069  -44.515  1.653 0.0000000000
