#!ascii label  , from subject fsaverage vox2ras=TkReg
444
205  15.047  -40.344  -2.257 0.0000000000
684  18.791  -46.349  -1.090 0.0000000000
685  13.499  -41.969  0.119 0.0000000000
974  18.707  -46.751  -8.605 0.0000000000
1520  20.363  -44.955  -3.452 0.0000000000
1521  16.130  -38.945  -4.697 0.0000000000
1987  18.616  -53.589  -7.179 0.0000000000
1989  25.940  -41.507  -8.867 0.0000000000
3491  15.646  -43.101  -2.232 0.0000000000
3493  16.422  -42.393  -3.343 0.0000000000
3494  17.273  -41.724  -4.416 0.0000000000
3495  15.647  -39.656  -3.425 0.0000000000
4361  20.890  -44.510  -9.340 0.0000000000
4362  20.994  -48.152  -8.948 0.0000000000
4363  22.701  -44.883  -8.512 0.0000000000
4365  23.668  -41.453  -9.099 0.0000000000
5840  14.931  -43.899  -1.142 0.0000000000
5841  14.209  -41.112  -1.066 0.0000000000
6360  15.983  -48.441  -7.221 0.0000000000
6361  17.141  -45.546  -7.920 0.0000000000
8548  18.329  -50.148  -7.938 0.0000000000
8549  20.765  -51.495  -8.107 0.0000000000
9921  16.520  -40.497  -0.428 0.0000000000
9924  17.420  -39.783  -1.653 0.0000000000
9925  17.888  -39.047  -2.951 0.0000000000
9926  17.971  -38.077  -4.263 0.0000000000
9927  17.843  -37.064  -5.680 0.0000000000
9943  23.475  -38.284  -11.363 0.0000000000
11171  14.768  -41.538  -2.339 0.0000000000
11172  16.069  -42.759  -2.796 0.0000000000
11173  15.256  -41.169  -2.967 0.0000000000
11174  15.583  -40.846  -3.528 0.0000000000
11175  15.303  -39.973  -2.843 0.0000000000
12041  21.418  -43.002  -9.360 0.0000000000
12042  21.816  -44.835  -9.062 0.0000000000
12043  22.348  -43.139  -9.009 0.0000000000
12044  23.286  -43.158  -8.560 0.0000000000
12045  22.600  -41.331  -9.470 0.0000000000
13571  13.414  -43.207  -0.161 0.0000000000
13572  14.620  -44.339  -0.595 0.0000000000
13573  13.699  -42.751  -0.665 0.0000000000
13574  14.023  -42.336  -1.229 0.0000000000
13575  13.779  -41.535  -0.389 0.0000000000
16234  20.058  -45.333  -2.849 0.0000000000
16241  16.270  -40.171  -4.671 0.0000000000
18841  17.276  -47.692  -8.091 0.0000000000
18842  17.019  -49.237  -7.659 0.0000000000
18843  18.389  -48.464  -8.358 0.0000000000
18844  22.033  -48.388  -8.412 0.0000000000
18845  20.768  -49.831  -8.511 0.0000000000
18846  21.944  -50.048  -7.955 0.0000000000
18851  25.488  -43.057  -8.017 0.0000000000
22236  16.110  -40.911  0.265 0.0000000000
22237  17.653  -40.965  0.504 0.0000000000
22243  19.872  -40.880  -0.560 0.0000000000
22244  18.543  -40.457  -0.844 0.0000000000
22245  18.956  -40.186  -1.493 0.0000000000
22246  17.669  -39.420  -2.317 0.0000000000
22248  21.302  -39.662  -3.582 0.0000000000
22249  19.684  -38.971  -3.531 0.0000000000
22250  19.618  -38.403  -4.183 0.0000000000
22251  17.897  -37.506  -4.984 0.0000000000
22252  19.502  -37.791  -4.900 0.0000000000
22274  19.059  -36.423  -6.463 0.0000000000
24715  17.261  -44.799  -1.765 0.0000000000
24717  17.681  -44.449  -2.311 0.0000000000
24718  17.982  -44.003  -2.907 0.0000000000
24719  18.410  -43.661  -3.378 0.0000000000
24721  16.800  -42.008  -3.908 0.0000000000
24722  15.922  -40.477  -4.112 0.0000000000
24723  15.861  -39.323  -4.065 0.0000000000
26281  19.999  -45.770  -9.155 0.0000000000
26282  19.879  -47.506  -8.912 0.0000000000
26283  21.042  -46.329  -9.198 0.0000000000
26284  21.992  -46.595  -8.789 0.0000000000
26285  22.909  -46.663  -8.033 0.0000000000
26287  23.663  -44.870  -7.887 0.0000000000
26288  24.368  -43.113  -8.180 0.0000000000
26289  24.776  -41.453  -8.944 0.0000000000
28986  16.775  -45.162  -1.200 0.0000000000
28987  15.290  -43.495  -1.725 0.0000000000
28988  14.376  -41.922  -1.790 0.0000000000
28989  14.624  -40.697  -1.675 0.0000000000
30198  14.939  -49.527  -6.294 0.0000000000
30199  15.364  -47.987  -6.667 0.0000000000
30200  16.429  -47.006  -7.632 0.0000000000
30201  17.788  -46.068  -8.321 0.0000000000
30204  19.050  -45.125  -8.915 0.0000000000
30205  19.982  -44.095  -9.318 0.0000000000
35908  15.820  -50.171  -6.810 0.0000000000
35910  18.462  -51.868  -7.540 0.0000000000
35911  19.617  -49.249  -8.510 0.0000000000
35912  19.540  -50.962  -8.154 0.0000000000
35913  19.683  -52.620  -7.925 0.0000000000
39996  14.427  -41.447  0.598 0.0000000000
39997  14.691  -41.034  -0.037 0.0000000000
39998  15.119  -40.588  -0.700 0.0000000000
39999  15.554  -40.144  -1.332 0.0000000000
40006  18.064  -40.724  -0.161 0.0000000000
40007  17.002  -40.130  -1.079 0.0000000000
40008  15.910  -39.782  -1.938 0.0000000000
40009  16.245  -39.426  -2.564 0.0000000000
40010  16.483  -39.073  -3.164 0.0000000000
40011  16.634  -38.673  -3.819 0.0000000000
40012  19.575  -39.434  -2.882 0.0000000000
40013  17.984  -38.589  -3.589 0.0000000000
40014  16.704  -38.213  -4.444 0.0000000000
40015  16.831  -37.807  -5.110 0.0000000000
40016  17.012  -37.492  -5.827 0.0000000000
40042  19.313  -37.091  -5.711 0.0000000000
40063  22.549  -39.609  -10.376 0.0000000000
40064  23.688  -39.783  -10.131 0.0000000000
41891  14.805  -40.871  -2.339 0.0000000000
41892  15.030  -41.348  -2.660 0.0000000000
41893  15.020  -40.703  -2.631 0.0000000000
41894  15.178  -40.558  -2.924 0.0000000000
41895  15.157  -40.150  -2.527 0.0000000000
42761  21.585  -42.155  -9.480 0.0000000000
42762  21.881  -43.098  -9.196 0.0000000000
42763  22.017  -42.201  -9.364 0.0000000000
42764  22.531  -42.255  -9.149 0.0000000000
44291  13.349  -42.550  -0.045 0.0000000000
44292  13.599  -43.019  -0.437 0.0000000000
44293  13.459  -42.315  -0.286 0.0000000000
44294  13.594  -42.097  -0.539 0.0000000000
44295  13.626  -41.762  -0.176 0.0000000000
46954  20.220  -45.158  -3.134 0.0000000000
46956  21.006  -45.866  -3.247 0.0000000000
46958  21.094  -45.705  -3.600 0.0000000000
46961  16.144  -39.514  -4.723 0.0000000000
46963  16.278  -39.371  -4.994 0.0000000000
46965  16.275  -38.809  -5.007 0.0000000000
49560  19.165  -53.910  -7.506 0.0000000000
49561  17.975  -47.254  -8.381 0.0000000000
49562  17.808  -48.063  -8.238 0.0000000000
49563  18.493  -47.640  -8.505 0.0000000000
49564  22.570  -48.434  -8.015 0.0000000000
49565  21.976  -49.226  -8.167 0.0000000000
49571  25.747  -42.257  -8.421 0.0000000000
49575  26.533  -41.516  -8.843 0.0000000000
52957  17.980  -41.040  1.054 0.0000000000
52963  20.099  -40.813  -0.940 0.0000000000
52964  19.455  -40.597  -1.032 0.0000000000
52965  19.694  -40.479  -1.383 0.0000000000
52966  19.172  -40.045  -1.815 0.0000000000
52969  20.493  -38.995  -3.864 0.0000000000
52970  20.483  -38.702  -4.187 0.0000000000
52971  19.577  -38.123  -4.531 0.0000000000
56551  16.402  -43.958  -2.053 0.0000000000
56552  17.457  -44.627  -2.042 0.0000000000
56553  16.606  -43.777  -2.296 0.0000000000
56554  16.273  -42.589  -3.076 0.0000000000
56555  17.034  -43.426  -2.888 0.0000000000
56556  17.242  -43.246  -3.146 0.0000000000
56557  18.233  -43.851  -3.125 0.0000000000
56558  17.409  -43.041  -3.381 0.0000000000
56559  17.465  -42.791  -3.653 0.0000000000
56560  16.592  -42.193  -3.619 0.0000000000
56561  15.470  -40.212  -3.503 0.0000000000
56562  15.736  -40.650  -3.824 0.0000000000
56563  15.634  -40.028  -3.810 0.0000000000
56564  15.822  -39.879  -4.131 0.0000000000
56565  15.762  -39.504  -3.745 0.0000000000
59161  20.492  -45.197  -9.306 0.0000000000
59162  20.528  -46.080  -9.224 0.0000000000
59163  20.944  -45.416  -9.277 0.0000000000
59164  22.241  -44.896  -8.831 0.0000000000
59165  21.901  -45.677  -8.922 0.0000000000
59166  22.346  -45.760  -8.616 0.0000000000
59167  22.440  -46.655  -8.432 0.0000000000
59168  22.797  -45.768  -8.257 0.0000000000
59169  23.290  -45.757  -7.927 0.0000000000
59170  23.173  -44.877  -8.195 0.0000000000
59171  23.492  -42.248  -8.771 0.0000000000
59172  23.809  -43.150  -8.345 0.0000000000
59173  24.029  -42.283  -8.622 0.0000000000
59174  24.593  -42.282  -8.527 0.0000000000
59175  24.255  -41.493  -8.988 0.0000000000
63754  14.778  -44.113  -0.871 0.0000000000
63758  15.841  -44.543  -1.197 0.0000000000
63759  16.032  -44.352  -1.508 0.0000000000
63760  15.118  -43.721  -1.419 0.0000000000
63761  13.961  -41.661  -1.159 0.0000000000
63762  14.199  -42.090  -1.532 0.0000000000
63763  14.132  -41.471  -1.441 0.0000000000
63764  14.308  -41.295  -1.704 0.0000000000
63765  14.382  -40.927  -1.346 0.0000000000
66355  15.191  -47.825  -6.326 0.0000000000
66357  16.131  -46.747  -7.344 0.0000000000
66358  16.775  -46.282  -7.786 0.0000000000
66359  17.127  -46.551  -8.060 0.0000000000
66360  17.422  -45.780  -8.131 0.0000000000
66367  18.629  -44.829  -8.762 0.0000000000
71739  19.488  -45.826  -1.985 0.0000000000
79561  15.457  -48.970  -6.771 0.0000000000
79562  15.323  -49.820  -6.547 0.0000000000
79563  15.870  -49.305  -7.011 0.0000000000
79564  17.665  -49.697  -7.801 0.0000000000
79565  17.022  -50.076  -7.441 0.0000000000
79566  17.696  -50.538  -7.573 0.0000000000
79567  17.785  -51.411  -7.366 0.0000000000
79568  18.372  -51.002  -7.720 0.0000000000
79569  20.457  -47.872  -9.024 0.0000000000
79570  19.761  -48.360  -8.737 0.0000000000
79571  20.342  -48.712  -8.781 0.0000000000
79572  20.756  -50.658  -8.289 0.0000000000
79573  20.146  -50.418  -8.381 0.0000000000
79574  20.148  -51.301  -8.219 0.0000000000
79575  19.594  -51.807  -8.006 0.0000000000
79576  20.202  -52.087  -8.093 0.0000000000
79577  20.243  -52.849  -8.010 0.0000000000
79591  24.379  -45.591  -7.298 0.0000000000
89744  14.832  -41.516  1.073 0.0000000000
89746  14.552  -41.238  0.274 0.0000000000
89747  15.152  -41.141  0.457 0.0000000000
89748  16.323  -40.710  -0.089 0.0000000000
89749  15.551  -40.730  -0.192 0.0000000000
89750  15.794  -40.488  -0.584 0.0000000000
89751  15.347  -40.356  -1.037 0.0000000000
89752  16.006  -40.276  -0.897 0.0000000000
89771  18.026  -40.112  -1.261 0.0000000000
89772  17.809  -40.252  -0.979 0.0000000000
89773  17.228  -39.955  -1.380 0.0000000000
89774  16.423  -39.907  -1.519 0.0000000000
89775  16.616  -39.720  -1.784 0.0000000000
89776  16.077  -39.603  -2.225 0.0000000000
89777  16.781  -39.542  -2.097 0.0000000000
89778  17.801  -39.227  -2.637 0.0000000000
89779  17.019  -39.174  -2.725 0.0000000000
89780  17.119  -38.986  -3.046 0.0000000000
89781  16.584  -38.875  -3.498 0.0000000000
89782  17.194  -38.787  -3.368 0.0000000000
89784  20.214  -39.962  -2.486 0.0000000000
89786  18.848  -38.500  -3.860 0.0000000000
89787  18.868  -38.746  -3.551 0.0000000000
89788  17.995  -38.348  -3.895 0.0000000000
89789  17.237  -38.311  -3.990 0.0000000000
89790  17.256  -38.063  -4.334 0.0000000000
89791  16.760  -37.983  -4.786 0.0000000000
89792  17.273  -37.830  -4.695 0.0000000000
89793  17.883  -37.290  -5.336 0.0000000000
89794  17.311  -37.411  -5.375 0.0000000000
89795  17.348  -37.241  -5.739 0.0000000000
89797  17.349  -37.059  -6.073 0.0000000000
89859  20.303  -37.657  -5.347 0.0000000000
89860  20.194  -37.288  -5.726 0.0000000000
89912  21.840  -38.660  -11.034 0.0000000000
89914  23.012  -38.866  -10.853 0.0000000000
89915  23.615  -38.987  -10.734 0.0000000000
89916  24.255  -39.808  -10.071 0.0000000000
93835  15.075  -42.284  -2.323 0.0000000000
93836  15.845  -42.925  -2.511 0.0000000000
93837  15.282  -42.104  -2.605 0.0000000000
93838  15.531  -41.934  -2.916 0.0000000000
93839  15.726  -41.746  -3.210 0.0000000000
93840  15.907  -41.571  -3.493 0.0000000000
93841  15.446  -41.001  -3.258 0.0000000000
93842  15.319  -40.391  -3.209 0.0000000000
93843  15.469  -39.810  -3.160 0.0000000000
95402  21.355  -44.690  -9.233 0.0000000000
95403  21.654  -43.930  -9.242 0.0000000000
95404  22.102  -43.982  -8.995 0.0000000000
95405  22.569  -44.002  -8.733 0.0000000000
95406  23.037  -44.005  -8.466 0.0000000000
95407  22.789  -43.150  -8.802 0.0000000000
95408  23.032  -42.275  -8.942 0.0000000000
95409  23.107  -41.393  -9.258 0.0000000000
98158  14.085  -43.538  -0.717 0.0000000000
98159  14.199  -43.278  -0.965 0.0000000000
98160  14.367  -43.095  -1.239 0.0000000000
98161  13.852  -42.548  -0.936 0.0000000000
98162  13.769  -41.896  -0.818 0.0000000000
98163  13.996  -41.316  -0.726 0.0000000000
102961  16.671  -40.918  -4.565 0.0000000000
102962  17.535  -41.634  -4.659 0.0000000000
102963  16.891  -40.829  -4.835 0.0000000000
107641  16.611  -48.089  -7.670 0.0000000000
107642  16.457  -48.816  -7.464 0.0000000000
107643  17.088  -48.507  -7.863 0.0000000000
107644  17.667  -48.865  -8.046 0.0000000000
107645  18.311  -49.311  -8.150 0.0000000000
107646  21.514  -48.303  -8.730 0.0000000000
107647  20.841  -49.008  -8.747 0.0000000000
107648  21.417  -49.158  -8.489 0.0000000000
107649  21.385  -50.000  -8.298 0.0000000000
107651  21.348  -51.558  -7.888 0.0000000000
107659  25.119  -43.847  -7.657 0.0000000000
113752  15.873  -41.092  0.635 0.0000000000
113753  16.580  -41.078  0.754 0.0000000000
113754  16.886  -40.942  0.375 0.0000000000
113755  17.083  -40.767  0.031 0.0000000000
113768  18.745  -40.322  -1.169 0.0000000000
113769  18.199  -39.967  -1.545 0.0000000000
113770  17.540  -39.609  -1.982 0.0000000000
113771  18.351  -39.766  -1.904 0.0000000000
113772  18.518  -39.579  -2.238 0.0000000000
113773  18.649  -39.396  -2.559 0.0000000000
113774  21.216  -39.889  -3.230 0.0000000000
113776  20.501  -39.284  -3.551 0.0000000000
113777  19.667  -38.696  -3.857 0.0000000000
113778  18.781  -38.177  -4.233 0.0000000000
113779  17.936  -37.793  -4.632 0.0000000000
113780  18.725  -37.885  -4.586 0.0000000000
113781  18.665  -37.592  -4.941 0.0000000000
113782  18.596  -37.295  -5.286 0.0000000000
113820  20.020  -36.870  -6.124 0.0000000000
113854  22.597  -37.432  -12.045 0.0000000000
115388  13.159  -42.744  0.224 0.0000000000
119107  18.012  -45.597  -1.439 0.0000000000
119108  19.043  -46.222  -1.371 0.0000000000
119109  18.259  -45.421  -1.729 0.0000000000
119110  18.504  -45.216  -2.032 0.0000000000
119111  18.679  -45.058  -2.282 0.0000000000
119112  16.832  -43.599  -2.574 0.0000000000
119113  17.882  -44.260  -2.585 0.0000000000
119114  18.871  -44.876  -2.556 0.0000000000
119115  19.092  -44.685  -2.839 0.0000000000
119116  19.319  -44.501  -3.103 0.0000000000
119117  19.487  -44.290  -3.391 0.0000000000
119119  18.535  -43.445  -3.665 0.0000000000
119120  17.749  -42.675  -3.928 0.0000000000
119121  17.041  -41.852  -4.191 0.0000000000
119122  16.086  -41.400  -3.774 0.0000000000
119123  16.264  -41.201  -4.070 0.0000000000
119124  16.463  -41.045  -4.317 0.0000000000
119125  16.136  -40.338  -4.384 0.0000000000
119126  15.988  -39.696  -4.431 0.0000000000
119127  15.954  -39.099  -4.365 0.0000000000
122761  19.384  -46.257  -8.882 0.0000000000
122762  19.293  -47.125  -8.766 0.0000000000
122763  19.933  -46.614  -9.033 0.0000000000
122764  20.489  -46.963  -9.153 0.0000000000
122765  21.015  -47.233  -9.103 0.0000000000
122766  21.448  -45.552  -9.158 0.0000000000
122767  21.536  -46.508  -9.062 0.0000000000
122768  21.541  -47.417  -8.931 0.0000000000
122769  22.032  -47.500  -8.646 0.0000000000
122770  22.523  -47.553  -8.234 0.0000000000
122774  23.833  -45.695  -7.599 0.0000000000
122775  24.193  -44.807  -7.614 0.0000000000
122776  23.525  -44.037  -8.190 0.0000000000
122777  24.025  -43.990  -7.979 0.0000000000
122778  24.547  -43.922  -7.802 0.0000000000
122779  24.930  -43.090  -8.090 0.0000000000
122780  25.180  -42.261  -8.469 0.0000000000
122781  25.346  -41.477  -8.903 0.0000000000
129135  18.526  -46.532  -0.767 0.0000000000
129141  17.045  -46.228  -0.230 0.0000000000
129142  17.292  -46.102  -0.539 0.0000000000
129143  17.530  -45.962  -0.846 0.0000000000
129144  17.761  -45.757  -1.159 0.0000000000
129145  17.012  -44.974  -1.493 0.0000000000
129146  16.218  -44.145  -1.822 0.0000000000
129147  15.467  -43.289  -1.992 0.0000000000
129148  14.539  -42.871  -1.526 0.0000000000
129149  14.714  -42.646  -1.809 0.0000000000
129150  14.903  -42.468  -2.069 0.0000000000
129151  14.564  -41.738  -2.057 0.0000000000
129152  14.555  -41.067  -2.044 0.0000000000
129153  14.851  -40.502  -1.981 0.0000000000
132434  15.124  -48.715  -6.497 0.0000000000
132435  15.618  -48.188  -6.973 0.0000000000
132437  15.831  -47.466  -7.175 0.0000000000
132438  16.189  -47.725  -7.450 0.0000000000
132439  16.807  -47.321  -7.894 0.0000000000
132440  17.519  -46.876  -8.236 0.0000000000
132441  18.217  -46.389  -8.484 0.0000000000
132447  17.715  -45.107  -8.257 0.0000000000
132448  18.043  -45.353  -8.454 0.0000000000
132449  18.431  -45.653  -8.633 0.0000000000
132450  18.879  -45.931  -8.744 0.0000000000
132451  19.500  -45.458  -9.038 0.0000000000
132452  20.034  -44.950  -9.262 0.0000000000
132453  20.442  -44.346  -9.353 0.0000000000
148711  16.370  -49.639  -7.289 0.0000000000
148712  16.436  -50.584  -7.064 0.0000000000
148716  18.579  -52.767  -7.365 0.0000000000
148717  19.124  -47.972  -8.623 0.0000000000
148718  19.017  -48.895  -8.448 0.0000000000
148719  18.940  -49.726  -8.243 0.0000000000
148720  20.184  -49.565  -8.549 0.0000000000
148721  19.520  -50.096  -8.326 0.0000000000
148722  18.940  -50.571  -8.054 0.0000000000
148723  18.985  -51.445  -7.874 0.0000000000
148724  19.105  -52.301  -7.752 0.0000000000
148725  19.165  -53.163  -7.624 0.0000000000
148726  19.668  -53.400  -7.861 0.0000000000
148727  20.193  -53.565  -7.963 0.0000000000
160944  13.905  -41.672  0.399 0.0000000000
160945  14.050  -41.442  0.097 0.0000000000
160946  14.176  -41.198  -0.235 0.0000000000
160947  14.366  -41.023  -0.517 0.0000000000
160948  15.341  -40.945  0.144 0.0000000000
160949  14.871  -40.839  -0.311 0.0000000000
160950  14.572  -40.801  -0.841 0.0000000000
160951  14.788  -40.567  -1.171 0.0000000000
160952  15.025  -40.350  -1.479 0.0000000000
160953  15.220  -40.159  -1.795 0.0000000000
160972  18.282  -40.985  0.679 0.0000000000
160973  17.838  -40.837  0.145 0.0000000000
160974  17.293  -40.590  -0.310 0.0000000000
160976  17.546  -40.422  -0.652 0.0000000000
160977  16.761  -40.311  -0.757 0.0000000000
160978  16.216  -40.081  -1.207 0.0000000000
160979  15.739  -39.962  -1.657 0.0000000000
160980  15.393  -39.973  -2.096 0.0000000000
160981  15.541  -39.801  -2.372 0.0000000000
160982  15.674  -39.626  -2.688 0.0000000000
160983  15.839  -39.473  -2.998 0.0000000000
160984  16.920  -39.367  -2.428 0.0000000000
160985  16.370  -39.257  -2.855 0.0000000000
160986  16.018  -39.323  -3.309 0.0000000000
160987  16.132  -39.128  -3.638 0.0000000000
160988  16.183  -38.922  -3.947 0.0000000000
160989  16.236  -38.717  -4.259 0.0000000000
160991  19.440  -39.639  -2.522 0.0000000000
160992  18.728  -39.211  -2.878 0.0000000000
160993  19.671  -39.235  -3.197 0.0000000000
160994  18.831  -38.977  -3.232 0.0000000000
160995  17.946  -38.829  -3.269 0.0000000000
160996  17.221  -38.568  -3.677 0.0000000000
160997  16.671  -38.446  -4.135 0.0000000000
160998  16.337  -38.537  -4.571 0.0000000000
160999  16.430  -38.339  -4.872 0.0000000000
161000  16.531  -38.156  -5.206 0.0000000000
161002  17.276  -37.598  -5.018 0.0000000000
161003  16.916  -37.645  -5.458 0.0000000000
161004  16.763  -37.888  -5.941 0.0000000000
161081  19.399  -37.416  -5.306 0.0000000000
161082  18.497  -36.992  -5.686 0.0000000000
161083  19.170  -36.739  -6.088 0.0000000000
161085  17.801  -36.823  -6.054 0.0000000000
161144  22.507  -40.459  -9.867 0.0000000000
161145  23.085  -40.553  -9.726 0.0000000000
161146  22.412  -38.742  -10.979 0.0000000000
161147  23.124  -39.691  -10.262 0.0000000000
161148  23.681  -40.608  -9.599 0.0000000000
161149  24.270  -40.653  -9.507 0.0000000000
161150  24.861  -40.692  -9.448 0.0000000000
161151  25.424  -40.731  -9.436 0.0000000000
161154  23.256  -37.591  -11.992 0.0000000000
161159  25.399  -40.003  -9.969 0.0000000000
161160  25.998  -40.787  -9.391 0.0000000000
161161  26.563  -40.835  -9.354 0.0000000000
