#!ascii label  , from subject fsaverage vox2ras=TkReg
693
334  36.823  -22.844  -19.740 0.0000000000
609  22.244  -30.894  -12.864 0.0000000000
611  31.162  -28.772  -16.990 0.0000000000
1356  25.033  -34.423  -10.620 0.0000000000
1357  30.891  -35.162  -12.109 0.0000000000
1362  34.691  -26.344  -18.330 0.0000000000
1753  38.340  -19.053  -20.971 0.0000000000
2467  40.507  -26.187  -15.438 0.0000000000
2468  39.076  -30.784  -14.589 0.0000000000
2469  35.610  -33.827  -13.310 0.0000000000
2470  26.953  -29.997  -14.900 0.0000000000
5508  23.703  -32.318  -11.541 0.0000000000
5509  20.792  -32.587  -11.294 0.0000000000
5510  20.338  -32.413  -13.158 0.0000000000
5512  20.968  -32.756  -14.872 0.0000000000
5521  39.740  -22.510  -18.201 0.0000000000
5523  39.132  -24.665  -17.667 0.0000000000
5524  33.037  -27.660  -17.690 0.0000000000
5525  37.077  -28.591  -16.485 0.0000000000
5526  35.476  -30.189  -15.800 0.0000000000
5527  37.443  -32.509  -14.020 0.0000000000
5528  33.558  -31.325  -15.135 0.0000000000
5529  31.432  -32.188  -14.548 0.0000000000
5530  29.168  -29.578  -16.139 0.0000000000
7050  27.979  -35.043  -11.510 0.0000000000
7051  26.516  -32.852  -12.613 0.0000000000
7057  32.889  -22.521  -21.318 0.0000000000
7058  35.932  -24.680  -19.015 0.0000000000
7059  31.746  -23.988  -20.468 0.0000000000
7928  40.184  -20.392  -18.588 0.0000000000
7929  37.570  -21.010  -20.401 0.0000000000
7932  33.908  -21.032  -22.089 0.0000000000
9958  38.265  -26.676  -17.118 0.0000000000
9959  40.054  -28.584  -15.004 0.0000000000
9960  40.514  -29.845  -12.485 0.0000000000
9961  40.056  -32.185  -12.120 0.0000000000
9964  33.393  -34.660  -12.650 0.0000000000
9965  28.989  -32.748  -13.742 0.0000000000
9966  24.654  -30.102  -13.540 0.0000000000
9967  24.878  -27.258  -15.856 0.0000000000
9968  22.972  -28.431  -15.175 0.0000000000
11558  39.800  -15.434  -20.429 0.0000000000
11559  39.800  -16.531  -20.315 0.0000000000
13188  22.957  -31.492  -12.085 0.0000000000
13189  21.518  -31.732  -12.067 0.0000000000
13190  21.102  -31.464  -12.991 0.0000000000
13191  20.500  -32.520  -14.061 0.0000000000
13192  20.896  -31.451  -13.957 0.0000000000
13201  38.417  -22.747  -19.014 0.0000000000
13202  39.407  -23.603  -17.960 0.0000000000
13203  38.056  -23.790  -18.642 0.0000000000
13204  32.097  -28.218  -17.368 0.0000000000
13205  34.314  -28.898  -16.707 0.0000000000
13206  33.417  -29.500  -16.388 0.0000000000
13207  34.589  -30.821  -15.453 0.0000000000
13208  32.456  -30.081  -16.072 0.0000000000
13209  31.396  -30.574  -15.797 0.0000000000
13210  30.216  -29.239  -16.608 0.0000000000
15588  31.568  -36.090  -11.335 0.0000000000
15589  30.132  -36.141  -11.157 0.0000000000
15590  29.439  -35.170  -11.855 0.0000000000
15591  27.232  -33.973  -12.119 0.0000000000
15592  28.717  -34.173  -12.526 0.0000000000
15602  32.321  -23.246  -20.892 0.0000000000
15607  29.379  -25.668  -18.993 0.0000000000
17396  39.594  -18.659  -20.030 0.0000000000
17397  40.308  -19.258  -18.752 0.0000000000
17398  39.370  -19.739  -19.782 0.0000000000
17399  39.067  -20.764  -19.551 0.0000000000
17400  37.986  -20.048  -20.665 0.0000000000
17407  34.463  -20.196  -22.379 0.0000000000
22285  23.506  -33.961  -10.198 0.0000000000
22286  19.736  -33.423  -12.377 0.0000000000
22287  19.738  -33.302  -11.470 0.0000000000
22324  40.616  -24.957  -15.649 0.0000000000
22328  40.596  -26.763  -14.000 0.0000000000
22329  35.344  -25.523  -18.693 0.0000000000
22330  37.168  -25.687  -18.021 0.0000000000
22331  36.550  -26.594  -17.727 0.0000000000
22332  38.169  -29.745  -15.585 0.0000000000
22333  38.729  -28.768  -15.865 0.0000000000
22334  39.643  -29.722  -14.827 0.0000000000
22335  40.476  -29.278  -13.742 0.0000000000
22336  40.205  -30.502  -13.623 0.0000000000
22337  40.377  -31.091  -12.271 0.0000000000
22338  39.780  -31.625  -13.425 0.0000000000
22339  36.521  -33.181  -13.658 0.0000000000
22341  37.370  -34.279  -12.671 0.0000000000
22344  35.270  -35.405  -12.027 0.0000000000
22345  34.476  -34.218  -13.038 0.0000000000
22346  29.120  -31.252  -15.024 0.0000000000
22347  30.220  -32.515  -14.191 0.0000000000
22348  27.984  -31.454  -14.396 0.0000000000
22349  26.798  -31.471  -13.761 0.0000000000
22350  25.883  -30.091  -14.157 0.0000000000
24331  32.904  -35.994  -11.435 0.0000000000
25415  39.791  -17.575  -20.170 0.0000000000
25416  38.683  -18.048  -21.169 0.0000000000
28346  24.389  -33.312  -11.068 0.0000000000
28347  22.884  -33.031  -10.688 0.0000000000
28348  22.165  -32.253  -11.281 0.0000000000
28349  20.389  -32.336  -12.215 0.0000000000
28350  19.951  -33.566  -13.229 0.0000000000
28351  21.071  -35.260  -13.414 0.0000000000
28352  20.594  -33.879  -13.894 0.0000000000
28369  40.476  -22.030  -17.242 0.0000000000
28371  40.386  -23.225  -17.015 0.0000000000
28372  40.222  -24.344  -16.881 0.0000000000
28373  40.011  -25.437  -16.653 0.0000000000
28374  33.891  -27.020  -17.978 0.0000000000
28375  35.852  -27.408  -17.407 0.0000000000
28376  35.206  -28.200  -17.049 0.0000000000
28377  36.303  -29.396  -16.171 0.0000000000
28378  37.387  -30.623  -15.283 0.0000000000
28379  38.301  -31.706  -14.328 0.0000000000
28380  36.469  -31.402  -14.924 0.0000000000
28381  35.658  -32.086  -14.520 0.0000000000
28382  34.603  -32.545  -14.219 0.0000000000
28383  33.581  -33.018  -13.921 0.0000000000
28384  32.478  -31.768  -14.855 0.0000000000
28385  30.325  -31.006  -15.429 0.0000000000
28386  28.044  -29.839  -15.583 0.0000000000
31809  28.595  -36.022  -10.848 0.0000000000
31810  26.384  -34.778  -11.121 0.0000000000
31811  25.811  -33.713  -11.622 0.0000000000
31812  25.181  -32.642  -12.031 0.0000000000
31813  24.371  -31.498  -12.432 0.0000000000
31825  34.976  -22.745  -20.488 0.0000000000
31826  36.401  -23.755  -19.301 0.0000000000
31827  34.531  -23.583  -20.105 0.0000000000
31828  33.858  -24.400  -19.799 0.0000000000
31829  33.245  -25.169  -19.412 0.0000000000
31831  31.069  -24.635  -20.021 0.0000000000
31832  32.488  -25.849  -19.052 0.0000000000
31833  31.684  -26.475  -18.672 0.0000000000
31834  30.829  -27.024  -18.223 0.0000000000
31835  29.869  -27.474  -17.728 0.0000000000
31836  28.853  -27.749  -17.219 0.0000000000
34135  39.990  -21.500  -18.417 0.0000000000
34136  38.760  -21.796  -19.289 0.0000000000
34137  37.235  -21.966  -20.115 0.0000000000
34143  36.801  -19.337  -21.826 0.0000000000
34144  36.371  -20.281  -21.572 0.0000000000
34145  35.894  -21.118  -21.279 0.0000000000
34146  35.454  -21.964  -20.876 0.0000000000
34147  33.422  -21.776  -21.708 0.0000000000
34148  31.292  -21.478  -22.488 0.0000000000
40057  21.207  -32.989  -10.560 0.0000000000
40108  37.661  -24.750  -18.351 0.0000000000
40109  38.734  -25.698  -17.385 0.0000000000
40110  39.602  -26.566  -16.465 0.0000000000
40111  37.709  -27.694  -16.802 0.0000000000
40112  39.238  -27.709  -16.121 0.0000000000
40113  40.294  -27.373  -15.272 0.0000000000
40114  40.614  -28.047  -13.890 0.0000000000
40120  39.102  -32.619  -13.213 0.0000000000
40127  34.176  -35.749  -11.641 0.0000000000
40128  32.247  -34.956  -12.386 0.0000000000
40129  32.510  -33.435  -13.636 0.0000000000
40130  31.269  -33.763  -13.298 0.0000000000
40131  30.030  -34.005  -12.959 0.0000000000
40132  27.817  -32.897  -13.196 0.0000000000
40133  25.619  -31.458  -13.073 0.0000000000
40134  23.434  -30.419  -13.118 0.0000000000
40135  28.027  -28.118  -16.610 0.0000000000
40136  26.994  -28.375  -15.938 0.0000000000
40137  25.920  -28.503  -15.295 0.0000000000
40140  24.861  -28.784  -14.668 0.0000000000
40141  23.759  -29.085  -14.195 0.0000000000
40142  22.587  -29.681  -13.997 0.0000000000
40143  21.581  -30.470  -13.996 0.0000000000
40144  21.014  -31.532  -15.065 0.0000000000
42279  39.598  -15.719  -21.031 0.0000000000
43908  22.583  -31.169  -12.452 0.0000000000
43909  21.906  -31.319  -12.462 0.0000000000
43910  21.540  -31.083  -12.924 0.0000000000
43911  20.992  -31.432  -13.454 0.0000000000
43912  21.380  -31.031  -13.404 0.0000000000
43921  37.617  -22.825  -19.414 0.0000000000
43922  38.276  -23.286  -18.810 0.0000000000
43923  37.445  -23.309  -19.236 0.0000000000
43924  31.687  -28.554  -17.139 0.0000000000
43925  32.773  -28.863  -16.869 0.0000000000
43926  32.308  -29.170  -16.703 0.0000000000
43927  32.938  -29.813  -16.225 0.0000000000
43928  31.824  -29.422  -16.551 0.0000000000
43929  31.352  -29.692  -16.382 0.0000000000
43930  30.701  -29.034  -16.806 0.0000000000
46308  31.244  -35.642  -11.738 0.0000000000
46309  30.481  -35.667  -11.655 0.0000000000
46310  30.158  -35.182  -12.014 0.0000000000
46311  29.094  -34.682  -12.206 0.0000000000
46312  29.818  -34.700  -12.356 0.0000000000
48116  39.044  -18.888  -20.479 0.0000000000
48117  39.510  -19.225  -19.887 0.0000000000
48118  38.848  -19.459  -20.368 0.0000000000
48119  38.732  -19.907  -20.200 0.0000000000
48120  38.164  -19.593  -20.783 0.0000000000
53003  25.337  -34.967  -10.394 0.0000000000
53004  24.588  -34.694  -10.160 0.0000000000
53005  24.304  -34.188  -10.390 0.0000000000
53006  19.752  -34.075  -12.782 0.0000000000
53007  19.564  -33.933  -12.343 0.0000000000
53008  19.800  -34.687  -12.633 0.0000000000
53012  20.775  -35.694  -12.893 0.0000000000
53044  40.559  -25.518  -15.590 0.0000000000
53046  40.638  -25.883  -14.854 0.0000000000
53048  40.620  -26.484  -14.715 0.0000000000
53049  35.025  -25.918  -18.503 0.0000000000
53050  35.949  -26.076  -18.194 0.0000000000
53051  35.648  -26.470  -18.009 0.0000000000
53052  38.637  -30.273  -15.115 0.0000000000
53053  38.952  -29.782  -15.256 0.0000000000
53054  39.347  -30.261  -14.765 0.0000000000
53055  39.968  -30.148  -14.251 0.0000000000
53056  39.783  -30.717  -14.125 0.0000000000
53057  40.047  -31.087  -13.453 0.0000000000
53058  39.486  -31.259  -14.026 0.0000000000
53059  36.063  -33.522  -13.437 0.0000000000
53060  36.963  -33.747  -13.148 0.0000000000
53061  36.488  -34.106  -12.986 0.0000000000
53062  36.866  -34.618  -12.493 0.0000000000
53063  36.000  -34.355  -12.882 0.0000000000
53064  35.440  -34.599  -12.745 0.0000000000
53065  35.044  -34.016  -13.231 0.0000000000
53066  28.017  -30.671  -15.034 0.0000000000
53067  28.538  -31.373  -14.741 0.0000000000
53068  27.447  -30.767  -14.662 0.0000000000
53069  26.912  -30.771  -14.331 0.0000000000
53070  26.379  -30.016  -14.529 0.0000000000
55912  33.813  -36.312  -11.019 0.0000000000
57717  39.788  -17.043  -20.244 0.0000000000
57718  39.373  -17.296  -20.779 0.0000000000
57719  39.342  -17.818  -20.669 0.0000000000
62603  24.044  -32.802  -11.300 0.0000000000
62604  23.323  -32.734  -11.077 0.0000000000
62605  22.936  -32.266  -11.336 0.0000000000
62606  20.720  -31.926  -12.612 0.0000000000
62607  20.895  -31.994  -12.145 0.0000000000
62608  20.335  -32.384  -12.697 0.0000000000
62609  20.053  -32.872  -12.754 0.0000000000
62610  20.141  -32.949  -13.194 0.0000000000
62611  20.256  -33.755  -13.573 0.0000000000
62612  20.266  -33.077  -13.642 0.0000000000
62613  20.713  -32.644  -14.482 0.0000000000
62614  20.815  -33.255  -14.378 0.0000000000
62615  21.194  -33.407  -14.767 0.0000000000
62641  40.192  -22.295  -17.762 0.0000000000
62642  40.436  -22.677  -17.137 0.0000000000
62643  40.096  -22.879  -17.597 0.0000000000
62644  39.248  -24.139  -17.826 0.0000000000
62645  39.840  -23.985  -17.436 0.0000000000
62646  39.753  -24.533  -17.290 0.0000000000
62647  40.120  -24.888  -16.772 0.0000000000
62648  39.614  -25.066  -17.157 0.0000000000
62649  33.455  -27.323  -17.885 0.0000000000
62650  34.576  -27.603  -17.496 0.0000000000
62651  34.022  -27.909  -17.411 0.0000000000
62652  34.939  -29.566  -16.250 0.0000000000
62653  35.292  -29.149  -16.475 0.0000000000
62654  35.948  -29.825  -15.990 0.0000000000
62655  36.832  -30.023  -15.721 0.0000000000
62656  36.470  -30.442  -15.535 0.0000000000
62657  37.000  -31.055  -15.050 0.0000000000
62658  36.033  -30.807  -15.350 0.0000000000
62659  34.096  -31.103  -15.268 0.0000000000
62660  35.118  -31.459  -14.989 0.0000000000
62661  34.591  -31.694  -14.823 0.0000000000
62662  35.137  -32.306  -14.353 0.0000000000
62663  34.123  -31.948  -14.673 0.0000000000
62664  33.562  -32.154  -14.536 0.0000000000
62665  33.054  -31.523  -15.017 0.0000000000
62666  30.283  -30.127  -16.040 0.0000000000
62667  30.848  -30.780  -15.636 0.0000000000
62668  29.709  -30.294  -15.846 0.0000000000
62669  29.105  -30.453  -15.617 0.0000000000
62670  28.584  -29.721  -15.867 0.0000000000
69805  31.392  -36.987  -10.440 0.0000000000
69806  29.042  -35.606  -11.341 0.0000000000
69807  29.362  -36.103  -10.989 0.0000000000
69808  28.281  -35.539  -11.182 0.0000000000
69809  27.539  -35.455  -11.025 0.0000000000
69810  27.216  -34.957  -11.368 0.0000000000
69811  26.069  -34.240  -11.389 0.0000000000
69812  26.878  -34.429  -11.634 0.0000000000
69813  26.905  -33.446  -12.373 0.0000000000
69814  26.180  -33.321  -12.104 0.0000000000
69815  25.887  -32.789  -12.331 0.0000000000
69816  24.815  -32.096  -12.242 0.0000000000
69817  25.481  -32.180  -12.516 0.0000000000
69841  33.965  -22.654  -20.909 0.0000000000
69842  34.752  -23.171  -20.311 0.0000000000
69843  33.672  -23.039  -20.737 0.0000000000
69844  32.083  -23.633  -20.694 0.0000000000
69845  33.131  -23.836  -20.340 0.0000000000
69846  32.879  -24.206  -20.144 0.0000000000
69847  33.627  -24.781  -19.570 0.0000000000
69848  32.491  -24.571  -19.956 0.0000000000
69854  30.684  -24.951  -19.791 0.0000000000
69855  31.828  -25.266  -19.550 0.0000000000
69856  31.393  -25.600  -19.360 0.0000000000
69857  32.092  -26.199  -18.883 0.0000000000
69858  30.995  -25.890  -19.129 0.0000000000
69859  28.910  -25.864  -18.698 0.0000000000
69860  30.079  -26.352  -18.652 0.0000000000
69861  29.638  -26.601  -18.368 0.0000000000
69862  30.376  -27.305  -17.991 0.0000000000
69863  29.209  -26.794  -18.064 0.0000000000
69864  28.718  -26.903  -17.771 0.0000000000
75229  40.211  -19.815  -18.674 0.0000000000
75231  40.477  -20.121  -18.017 0.0000000000
75233  40.491  -20.676  -17.975 0.0000000000
75234  40.356  -21.254  -17.929 0.0000000000
75235  40.106  -20.912  -18.531 0.0000000000
75236  38.309  -20.865  -19.989 0.0000000000
75237  38.884  -21.304  -19.433 0.0000000000
75238  38.159  -21.405  -19.842 0.0000000000
75239  37.992  -21.897  -19.723 0.0000000000
75240  37.355  -21.495  -20.278 0.0000000000
75257  36.622  -19.833  -21.674 0.0000000000
75258  35.681  -19.826  -22.117 0.0000000000
75259  34.203  -20.628  -22.238 0.0000000000
75260  35.170  -20.657  -21.857 0.0000000000
75261  34.973  -21.107  -21.644 0.0000000000
75262  35.740  -21.568  -21.073 0.0000000000
75263  34.750  -21.521  -21.469 0.0000000000
75264  34.447  -21.876  -21.278 0.0000000000
75265  33.753  -21.414  -21.866 0.0000000000
75267  31.550  -21.141  -22.703 0.0000000000
89896  21.730  -32.607  -10.889 0.0000000000
89897  22.058  -32.968  -10.599 0.0000000000
89898  21.023  -32.788  -10.901 0.0000000000
89899  19.378  -33.736  -11.513 0.0000000000
89900  19.842  -33.346  -11.053 0.0000000000
89918  21.608  -35.410  -13.519 0.0000000000
89919  21.947  -36.104  -13.057 0.0000000000
90024  36.204  -24.235  -19.152 0.0000000000
90025  37.037  -24.286  -18.817 0.0000000000
90026  36.841  -24.756  -18.635 0.0000000000
90027  37.703  -26.180  -17.570 0.0000000000
90028  38.013  -25.731  -17.670 0.0000000000
90029  38.525  -26.214  -17.223 0.0000000000
90030  39.242  -26.146  -16.925 0.0000000000
90031  38.999  -26.674  -16.789 0.0000000000
90032  36.477  -27.999  -16.946 0.0000000000
90033  36.809  -27.578  -17.093 0.0000000000
90034  37.361  -28.151  -16.656 0.0000000000
90035  39.462  -28.720  -15.476 0.0000000000
90036  39.018  -28.244  -16.000 0.0000000000
90037  39.683  -28.170  -15.568 0.0000000000
90038  39.876  -27.595  -15.687 0.0000000000
90039  40.238  -27.994  -15.095 0.0000000000
90040  40.529  -27.748  -14.619 0.0000000000
90041  40.463  -28.370  -14.447 0.0000000000
90042  40.532  -29.569  -13.130 0.0000000000
90043  40.588  -28.936  -13.145 0.0000000000
90044  40.518  -29.151  -12.480 0.0000000000
90049  40.256  -31.598  -12.161 0.0000000000
90051  40.175  -31.784  -11.489 0.0000000000
90054  37.907  -32.174  -14.162 0.0000000000
90055  38.730  -32.183  -13.792 0.0000000000
90056  38.367  -32.638  -13.632 0.0000000000
90071  34.365  -35.028  -12.355 0.0000000000
90073  33.804  -35.238  -12.138 0.0000000000
90074  33.255  -35.379  -11.988 0.0000000000
90075  32.852  -34.824  -12.471 0.0000000000
90076  32.466  -32.580  -14.233 0.0000000000
90077  33.035  -33.229  -13.763 0.0000000000
90078  31.962  -32.781  -14.074 0.0000000000
90079  29.630  -32.678  -13.964 0.0000000000
90080  30.767  -33.152  -13.741 0.0000000000
90081  30.098  -33.263  -13.570 0.0000000000
90082  30.599  -33.865  -13.164 0.0000000000
90083  29.471  -33.367  -13.364 0.0000000000
90084  28.921  -33.504  -13.114 0.0000000000
90085  28.389  -32.813  -13.472 0.0000000000
90086  25.760  -30.795  -13.633 0.0000000000
90087  26.237  -31.491  -13.424 0.0000000000
90088  25.106  -30.723  -13.297 0.0000000000
90089  24.564  -30.848  -12.997 0.0000000000
90090  24.015  -30.210  -13.296 0.0000000000
90091  27.896  -27.242  -17.113 0.0000000000
90092  28.494  -27.975  -16.886 0.0000000000
90096  25.915  -27.707  -15.820 0.0000000000
90097  26.413  -28.365  -15.600 0.0000000000
90098  25.337  -27.797  -15.538 0.0000000000
90106  23.845  -28.436  -14.804 0.0000000000
90107  24.344  -28.877  -14.361 0.0000000000
90108  23.367  -28.725  -14.630 0.0000000000
90110  22.246  -29.448  -14.570 0.0000000000
90112  22.047  -30.044  -13.991 0.0000000000
90113  21.416  -30.409  -14.583 0.0000000000
90114  21.159  -30.914  -14.548 0.0000000000
94532  39.836  -15.716  -19.753 0.0000000000
94533  39.945  -16.288  -19.695 0.0000000000
94534  39.799  -15.956  -20.417 0.0000000000
94535  39.551  -16.186  -20.989 0.0000000000
97466  23.355  -31.869  -11.790 0.0000000000
97467  22.601  -31.874  -11.659 0.0000000000
97468  22.245  -31.578  -12.057 0.0000000000
97469  21.264  -31.556  -12.531 0.0000000000
97470  20.647  -31.926  -13.078 0.0000000000
97471  20.397  -32.453  -13.611 0.0000000000
97472  20.617  -31.928  -13.557 0.0000000000
97473  20.646  -31.937  -14.060 0.0000000000
97474  20.769  -32.024  -14.519 0.0000000000
97489  39.137  -22.688  -18.583 0.0000000000
97490  39.589  -23.051  -18.024 0.0000000000
97491  38.949  -23.197  -18.467 0.0000000000
97492  38.777  -23.724  -18.325 0.0000000000
97493  38.602  -24.237  -18.166 0.0000000000
97494  32.581  -27.951  -17.522 0.0000000000
97495  33.732  -28.281  -17.187 0.0000000000
97496  33.239  -28.560  -17.054 0.0000000000
97497  33.924  -29.226  -16.531 0.0000000000
97498  34.526  -29.876  -16.059 0.0000000000
97499  35.025  -30.487  -15.645 0.0000000000
97500  34.001  -30.148  -15.924 0.0000000000
97501  33.566  -30.475  -15.741 0.0000000000
97502  33.025  -30.692  -15.568 0.0000000000
97503  32.485  -30.944  -15.474 0.0000000000
97504  31.937  -30.320  -15.927 0.0000000000
97505  30.859  -29.945  -16.197 0.0000000000
97506  29.738  -29.458  -16.365 0.0000000000
101786  31.846  -36.524  -10.924 0.0000000000
101787  31.125  -36.570  -10.892 0.0000000000
101788  30.840  -36.149  -11.280 0.0000000000
101789  29.790  -35.658  -11.504 0.0000000000
101790  28.679  -35.090  -11.697 0.0000000000
101791  27.579  -34.506  -11.843 0.0000000000
101792  28.319  -34.586  -12.044 0.0000000000
101793  28.004  -34.110  -12.329 0.0000000000
101794  27.592  -33.545  -12.600 0.0000000000
101809  31.788  -22.334  -21.705 0.0000000000
101810  32.526  -22.861  -21.163 0.0000000000
101811  31.488  -22.650  -21.478 0.0000000000
101812  31.242  -23.039  -21.229 0.0000000000
101813  30.895  -23.359  -20.991 0.0000000000
105040  39.990  -18.395  -19.537 0.0000000000
105041  40.258  -18.687  -18.852 0.0000000000
105042  40.002  -18.948  -19.392 0.0000000000
105043  39.931  -19.516  -19.316 0.0000000000
105044  39.799  -20.071  -19.209 0.0000000000
105045  39.720  -20.606  -19.086 0.0000000000
105046  39.249  -20.257  -19.699 0.0000000000
105047  38.566  -20.394  -20.083 0.0000000000
105048  37.801  -20.530  -20.489 0.0000000000
105059  34.680  -19.776  -22.568 0.0000000000
105062  33.150  -20.545  -22.681 0.0000000000
105063  32.921  -20.901  -22.508 0.0000000000
113839  24.832  -35.196  -9.928 0.0000000000
113840  23.793  -34.449  -9.958 0.0000000000
113842  20.084  -32.847  -11.854 0.0000000000
113843  20.196  -32.923  -11.398 0.0000000000
113844  19.676  -33.339  -11.918 0.0000000000
113845  19.439  -33.814  -11.917 0.0000000000
113910  40.603  -24.358  -15.726 0.0000000000
113919  35.654  -25.119  -18.852 0.0000000000
113920  36.579  -25.220  -18.516 0.0000000000
113921  36.265  -25.634  -18.381 0.0000000000
113922  36.856  -26.139  -17.914 0.0000000000
113923  37.435  -26.674  -17.435 0.0000000000
113924  37.642  -29.226  -16.042 0.0000000000
113925  37.898  -28.719  -16.200 0.0000000000
113926  38.462  -29.284  -15.732 0.0000000000
113927  39.234  -29.279  -15.332 0.0000000000
113928  39.867  -29.177  -14.904 0.0000000000
113929  40.335  -28.966  -14.378 0.0000000000
113930  40.178  -29.556  -14.293 0.0000000000
113931  40.346  -29.892  -13.707 0.0000000000
113932  40.447  -30.194  -13.072 0.0000000000
113933  40.468  -30.415  -12.358 0.0000000000
113934  40.343  -30.796  -12.935 0.0000000000
113935  40.205  -31.383  -12.834 0.0000000000
113936  39.955  -31.927  -12.790 0.0000000000
113937  37.000  -32.870  -13.840 0.0000000000
113938  37.916  -33.031  -13.523 0.0000000000
113939  37.411  -33.407  -13.337 0.0000000000
113940  37.824  -33.903  -12.797 0.0000000000
113947  35.795  -35.156  -12.231 0.0000000000
113948  34.879  -34.815  -12.546 0.0000000000
113949  33.970  -34.448  -12.835 0.0000000000
113950  30.257  -31.736  -14.829 0.0000000000
113951  30.828  -32.346  -14.378 0.0000000000
113952  29.631  -31.876  -14.640 0.0000000000
113953  29.087  -32.034  -14.369 0.0000000000
113954  28.522  -32.125  -14.095 0.0000000000
113955  27.931  -32.171  -13.800 0.0000000000
113956  27.458  -31.517  -14.088 0.0000000000
113957  26.362  -30.795  -13.986 0.0000000000
113958  25.298  -30.111  -13.855 0.0000000000
118212  32.265  -36.042  -11.381 0.0000000000
118213  31.934  -35.586  -11.824 0.0000000000
120742  39.681  -18.138  -20.157 0.0000000000
120743  39.159  -18.385  -20.643 0.0000000000
120744  38.533  -18.583  -21.039 0.0000000000
127580  24.701  -33.862  -10.841 0.0000000000
127581  23.995  -33.689  -10.609 0.0000000000
127582  23.693  -33.215  -10.848 0.0000000000
127583  22.552  -32.615  -10.968 0.0000000000
127584  21.429  -32.339  -11.244 0.0000000000
127585  21.813  -31.962  -11.646 0.0000000000
127586  21.149  -32.137  -11.685 0.0000000000
127587  20.564  -32.430  -11.728 0.0000000000
127588  20.014  -32.857  -12.327 0.0000000000
127589  19.822  -33.495  -12.813 0.0000000000
127590  20.028  -34.236  -13.152 0.0000000000
127591  20.595  -35.078  -13.212 0.0000000000
127592  20.369  -34.368  -13.463 0.0000000000
127593  20.779  -34.532  -13.718 0.0000000000
127595  20.507  -33.144  -14.009 0.0000000000
127596  20.988  -33.967  -14.192 0.0000000000
127635  40.563  -22.360  -16.563 0.0000000000
127636  40.577  -22.976  -16.464 0.0000000000
127637  40.544  -23.515  -16.408 0.0000000000
127638  39.956  -23.439  -17.505 0.0000000000
127639  40.295  -23.781  -16.932 0.0000000000
127640  40.494  -24.093  -16.376 0.0000000000
127641  40.439  -24.639  -16.284 0.0000000000
127642  40.391  -25.209  -16.204 0.0000000000
127643  40.299  -25.815  -16.076 0.0000000000
127644  34.242  -26.634  -18.194 0.0000000000
127645  35.346  -26.881  -17.832 0.0000000000
127646  34.830  -27.195  -17.693 0.0000000000
127647  35.488  -27.814  -17.221 0.0000000000
127648  36.118  -28.407  -16.770 0.0000000000
127649  34.744  -28.555  -16.927 0.0000000000
127650  35.781  -28.802  -16.612 0.0000000000
127651  36.713  -29.032  -16.326 0.0000000000
127652  37.291  -29.622  -15.888 0.0000000000
127653  37.818  -30.197  -15.429 0.0000000000
127654  38.276  -30.738  -14.955 0.0000000000
127655  38.706  -31.270  -14.459 0.0000000000
127656  37.853  -31.192  -14.818 0.0000000000
127657  37.445  -31.630  -14.633 0.0000000000
127658  36.911  -31.956  -14.506 0.0000000000
127659  35.513  -31.118  -15.218 0.0000000000
127660  36.005  -31.738  -14.755 0.0000000000
127661  36.544  -32.325  -14.311 0.0000000000
127662  36.074  -32.608  -14.104 0.0000000000
127663  35.640  -32.936  -13.878 0.0000000000
127664  35.162  -33.204  -13.750 0.0000000000
127665  34.604  -33.416  -13.641 0.0000000000
127666  34.125  -32.805  -14.075 0.0000000000
127667  33.067  -32.391  -14.365 0.0000000000
127668  31.938  -31.990  -14.706 0.0000000000
127669  31.949  -31.189  -15.341 0.0000000000
127670  31.406  -31.405  -15.193 0.0000000000
127671  30.853  -31.590  -15.009 0.0000000000
127672  29.651  -31.112  -15.270 0.0000000000
127673  28.590  -30.585  -15.336 0.0000000000
127674  27.480  -29.969  -15.261 0.0000000000
136801  26.035  -35.183  -10.626 0.0000000000
136805  30.429  -36.597  -10.774 0.0000000000
136806  29.665  -36.550  -10.655 0.0000000000
136807  28.908  -36.466  -10.519 0.0000000000
136808  27.840  -35.929  -10.701 0.0000000000
136809  26.734  -35.308  -10.838 0.0000000000
136810  25.743  -34.640  -10.860 0.0000000000
136811  25.456  -34.113  -11.083 0.0000000000
136812  25.141  -33.559  -11.301 0.0000000000
136813  24.855  -32.999  -11.519 0.0000000000
136814  26.521  -33.878  -11.873 0.0000000000
136815  25.533  -33.190  -11.811 0.0000000000
136816  24.477  -32.464  -11.743 0.0000000000
136817  24.095  -31.956  -11.968 0.0000000000
136818  23.702  -31.440  -12.199 0.0000000000
136819  23.240  -31.006  -12.556 0.0000000000
136849  36.013  -22.842  -20.072 0.0000000000
136850  36.616  -23.312  -19.577 0.0000000000
136851  35.721  -23.255  -19.947 0.0000000000
136852  35.492  -23.680  -19.704 0.0000000000
136853  35.293  -24.164  -19.510 0.0000000000
136854  33.432  -23.427  -20.502 0.0000000000
136855  34.271  -24.014  -19.890 0.0000000000
136856  34.956  -24.575  -19.373 0.0000000000
136857  34.673  -24.950  -19.220 0.0000000000
136858  34.349  -25.364  -19.028 0.0000000000
136859  33.974  -25.740  -18.856 0.0000000000
136861  29.731  -23.001  -21.221 0.0000000000
136862  30.579  -23.671  -20.745 0.0000000000
136865  31.347  -24.293  -20.276 0.0000000000
136866  32.156  -24.915  -19.762 0.0000000000
136867  32.952  -25.534  -19.198 0.0000000000
136868  33.599  -26.099  -18.699 0.0000000000
136869  33.208  -26.433  -18.504 0.0000000000
136870  32.787  -26.761  -18.362 0.0000000000
136871  32.373  -27.061  -18.193 0.0000000000
136872  30.527  -26.123  -18.896 0.0000000000
136873  31.201  -26.786  -18.465 0.0000000000
136874  31.925  -27.364  -17.982 0.0000000000
136875  31.412  -27.596  -17.837 0.0000000000
136876  31.030  -27.917  -17.590 0.0000000000
136877  30.458  -28.097  -17.388 0.0000000000
136878  30.035  -28.333  -17.182 0.0000000000
136879  29.345  -27.617  -17.500 0.0000000000
136880  28.246  -27.061  -17.457 0.0000000000
143474  40.287  -21.764  -17.825 0.0000000000
143475  39.860  -21.991  -18.330 0.0000000000
143476  39.535  -21.132  -19.002 0.0000000000
143477  39.441  -21.667  -18.863 0.0000000000
143478  39.299  -22.155  -18.754 0.0000000000
143479  38.536  -22.295  -19.187 0.0000000000
143480  37.779  -22.378  -19.585 0.0000000000
143481  36.966  -22.414  -19.991 0.0000000000
143500  37.407  -19.735  -21.220 0.0000000000
143501  37.218  -20.174  -21.104 0.0000000000
143502  37.014  -20.646  -20.959 0.0000000000
143503  35.446  -20.262  -21.943 0.0000000000
143504  36.195  -20.712  -21.355 0.0000000000
143505  36.729  -21.104  -20.839 0.0000000000
143506  36.602  -21.548  -20.688 0.0000000000
143507  36.401  -21.980  -20.490 0.0000000000
143508  36.144  -22.419  -20.309 0.0000000000
143509  35.196  -22.338  -20.686 0.0000000000
143510  34.198  -22.254  -21.102 0.0000000000
143511  33.157  -22.133  -21.531 0.0000000000
143512  32.618  -21.283  -22.320 0.0000000000
143513  32.395  -21.655  -22.137 0.0000000000
143514  32.085  -22.013  -21.913 0.0000000000
143515  30.960  -21.753  -22.297 0.0000000000
161125  23.202  -33.482  -10.444 0.0000000000
161126  22.322  -33.335  -10.320 0.0000000000
161128  20.334  -33.021  -10.978 0.0000000000
161278  37.267  -23.804  -18.981 0.0000000000
161279  37.843  -24.274  -18.515 0.0000000000
161280  38.411  -24.737  -18.037 0.0000000000
161281  37.386  -25.244  -18.160 0.0000000000
161282  38.186  -25.227  -17.858 0.0000000000
161283  38.955  -25.195  -17.508 0.0000000000
161284  39.491  -25.638  -17.018 0.0000000000
161285  39.846  -26.026  -16.539 0.0000000000
161286  40.125  -26.418  -15.993 0.0000000000
161287  36.267  -27.033  -17.524 0.0000000000
161288  37.129  -27.146  -17.275 0.0000000000
161289  37.989  -27.220  -16.975 0.0000000000
161290  38.212  -28.233  -16.351 0.0000000000
161291  38.498  -27.744  -16.512 0.0000000000
161292  38.758  -27.174  -16.659 0.0000000000
161293  39.486  -27.113  -16.266 0.0000000000
161294  39.997  -26.965  -15.878 0.0000000000
161295  40.422  -26.758  -15.346 0.0000000000
161296  40.561  -27.115  -14.672 0.0000000000
161299  40.571  -28.672  -13.805 0.0000000000
161300  40.597  -28.310  -13.216 0.0000000000
161308  40.335  -30.597  -11.661 0.0000000000
161314  39.155  -31.752  -13.911 0.0000000000
161315  39.468  -32.131  -13.302 0.0000000000
161317  38.757  -33.077  -13.098 0.0000000000
161338  33.573  -35.867  -11.525 0.0000000000
161339  32.608  -35.492  -11.912 0.0000000000
161340  31.567  -35.056  -12.266 0.0000000000
161341  34.082  -33.663  -13.475 0.0000000000
161342  33.503  -33.827  -13.312 0.0000000000
161343  32.991  -34.062  -13.138 0.0000000000
161344  31.389  -32.984  -13.919 0.0000000000
161345  31.910  -33.642  -13.448 0.0000000000
161346  32.349  -34.215  -13.001 0.0000000000
161347  31.762  -34.372  -12.865 0.0000000000
161348  31.101  -34.475  -12.731 0.0000000000
161349  30.483  -34.592  -12.538 0.0000000000
161350  29.394  -34.139  -12.733 0.0000000000
161351  28.306  -33.577  -12.871 0.0000000000
161352  27.143  -32.872  -12.891 0.0000000000
161353  27.286  -32.170  -13.504 0.0000000000
161354  26.742  -32.222  -13.177 0.0000000000
161355  26.104  -32.174  -12.855 0.0000000000
161356  25.011  -31.480  -12.747 0.0000000000
161357  23.935  -30.914  -12.741 0.0000000000
161358  22.767  -30.592  -13.014 0.0000000000
161359  29.526  -28.498  -16.931 0.0000000000
161360  29.161  -28.741  -16.634 0.0000000000
161361  28.626  -28.860  -16.380 0.0000000000
161362  26.950  -27.476  -16.426 0.0000000000
161363  27.532  -28.245  -16.260 0.0000000000
161364  28.050  -29.010  -16.065 0.0000000000
161365  27.506  -29.074  -15.779 0.0000000000
161366  26.954  -29.153  -15.409 0.0000000000
161367  26.472  -29.239  -15.087 0.0000000000
161374  24.932  -28.003  -15.279 0.0000000000
161375  25.398  -28.598  -14.952 0.0000000000
161376  25.879  -29.311  -14.729 0.0000000000
161377  25.350  -29.390  -14.377 0.0000000000
161378  24.831  -29.459  -14.070 0.0000000000
161379  24.192  -29.548  -13.845 0.0000000000
161381  23.116  -29.338  -14.096 0.0000000000
161382  23.526  -29.714  -13.638 0.0000000000
161383  22.979  -30.004  -13.522 0.0000000000
161384  22.365  -30.284  -13.487 0.0000000000
161385  21.805  -30.604  -13.413 0.0000000000
161386  21.231  -30.962  -13.977 0.0000000000
161387  20.873  -31.484  -14.564 0.0000000000
161388  20.977  -32.117  -15.012 0.0000000000
