#!ascii label  , from subject fsaverage vox2ras=TkReg
1525
37  30.672  -8.851  -29.888 0.0000000000
147  33.336  0.047  -16.313 0.0000000000
152  22.797  -20.268  -24.089 0.0000000000
335  23.249  -12.170  -27.968 0.0000000000
599  33.361  -3.951  -24.649 0.0000000000
813  35.314  -12.536  -26.434 0.0000000000
814  32.992  -15.888  -25.560 0.0000000000
815  27.172  -11.173  -29.842 0.0000000000
1333  32.109  -4.236  -18.134 0.0000000000
1334  33.387  -2.635  -19.992 0.0000000000
1361  28.475  -21.450  -22.392 0.0000000000
1363  25.790  -23.359  -19.559 0.0000000000
1364  23.162  -25.918  -17.883 0.0000000000
1365  23.795  -24.909  -22.888 0.0000000000
1754  30.758  -18.976  -24.560 0.0000000000
1755  22.638  -16.026  -25.826 0.0000000000
1978  36.344  -8.741  -27.060 0.0000000000
2434  34.941  -6.375  -23.622 0.0000000000
2435  32.952  -5.691  -28.723 0.0000000000
2463  24.685  -35.811  -13.820 0.0000000000
2471  22.095  -30.569  -17.405 0.0000000000
2733  33.056  -11.013  -28.260 0.0000000000
2734  31.555  -12.505  -28.058 0.0000000000
2735  29.098  -10.152  -29.911 0.0000000000
2736  26.170  -8.568  -30.988 0.0000000000
2737  27.836  -7.451  -31.132 0.0000000000
3253  32.631  -2.511  -16.627 0.0000000000
3254  33.608  -1.764  -18.084 0.0000000000
3281  24.394  -20.081  -22.719 0.0000000000
3282  27.229  -22.462  -20.972 0.0000000000
3283  23.582  -21.604  -21.667 0.0000000000
3284  22.961  -23.340  -20.898 0.0000000000
3285  23.002  -22.406  -23.496 0.0000000000
3287  23.615  -21.367  -25.520 0.0000000000
3880  38.978  -16.987  -21.337 0.0000000000
3881  28.176  -14.918  -27.713 0.0000000000
3882  31.761  -17.415  -25.236 0.0000000000
3883  26.882  -16.173  -26.743 0.0000000000
3884  26.101  -17.546  -25.417 0.0000000000
3885  22.713  -13.877  -26.882 0.0000000000
3886  21.218  -13.118  -27.467 0.0000000000
3887  21.196  -10.664  -27.864 0.0000000000
4341  38.035  -9.933  -24.865 0.0000000000
4342  37.490  -8.258  -24.263 0.0000000000
5440  33.362  -4.391  -21.204 0.0000000000
5441  33.272  -5.487  -20.705 0.0000000000
5442  34.130  -5.320  -24.157 0.0000000000
5443  34.900  -5.878  -26.687 0.0000000000
5444  33.291  -4.711  -26.994 0.0000000000
5531  23.245  -27.922  -20.115 0.0000000000
5532  22.205  -27.994  -17.657 0.0000000000
5533  24.303  -30.642  -19.092 0.0000000000
5534  25.833  -32.818  -16.914 0.0000000000
6071  37.628  -13.739  -24.059 0.0000000000
6072  36.741  -15.709  -23.752 0.0000000000
6073  34.158  -14.290  -26.048 0.0000000000
6074  29.832  -13.806  -28.055 0.0000000000
6075  25.043  -11.603  -29.033 0.0000000000
7007  30.392  -3.414  -15.361 0.0000000000
7008  31.471  -2.922  -15.974 0.0000000000
7009  32.788  -3.535  -18.891 0.0000000000
7010  33.192  -3.213  -22.000 0.0000000000
7060  30.230  -25.229  -19.544 0.0000000000
7061  28.560  -26.099  -18.346 0.0000000000
7062  26.829  -26.630  -16.982 0.0000000000
7063  24.502  -24.442  -18.472 0.0000000000
7064  22.824  -25.477  -20.560 0.0000000000
7065  25.152  -27.435  -21.943 0.0000000000
7930  35.830  -17.608  -23.286 0.0000000000
7933  29.620  -20.300  -23.573 0.0000000000
7934  25.220  -18.764  -23.990 0.0000000000
7935  22.709  -18.091  -24.908 0.0000000000
7937  21.872  -16.033  -26.811 0.0000000000
8522  37.960  -11.858  -24.656 0.0000000000
8523  35.950  -10.719  -26.976 0.0000000000
8524  33.590  -9.236  -28.692 0.0000000000
9858  31.354  -4.802  -17.565 0.0000000000
9859  33.123  -6.452  -20.149 0.0000000000
9860  35.685  -7.362  -22.551 0.0000000000
9861  36.347  -7.006  -25.826 0.0000000000
9862  34.691  -7.300  -28.261 0.0000000000
9863  31.914  -7.227  -29.657 0.0000000000
9881  33.802  -0.690  -19.930 0.0000000000
9882  33.315  -1.349  -21.711 0.0000000000
9883  32.744  -1.608  -23.520 0.0000000000
9884  32.131  -2.111  -25.375 0.0000000000
9887  31.386  -2.720  -27.205 0.0000000000
9889  29.819  -4.557  -30.070 0.0000000000
9890  28.713  -5.819  -30.788 0.0000000000
9969  21.374  -30.384  -15.167 0.0000000000
9970  23.099  -33.076  -16.249 0.0000000000
9971  27.602  -35.483  -13.977 0.0000000000
10413  31.773  -10.056  -29.046 0.0000000000
10414  31.086  -10.767  -29.074 0.0000000000
10415  29.910  -9.509  -29.896 0.0000000000
10416  28.377  -8.848  -30.574 0.0000000000
10417  29.220  -8.218  -30.545 0.0000000000
10930  32.657  1.051  -15.177 0.0000000000
10932  32.850  -0.221  -15.622 0.0000000000
10933  33.073  -1.408  -16.431 0.0000000000
10934  33.454  -0.958  -17.056 0.0000000000
10961  23.232  -19.978  -23.338 0.0000000000
10962  23.949  -20.793  -22.223 0.0000000000
10963  23.080  -20.948  -22.923 0.0000000000
10964  22.963  -21.888  -22.568 0.0000000000
10965  22.845  -21.281  -23.733 0.0000000000
10966  23.238  -21.906  -24.456 0.0000000000
10967  22.945  -20.718  -24.758 0.0000000000
11560  39.176  -15.921  -21.616 0.0000000000
11561  25.522  -13.673  -28.090 0.0000000000
11562  27.384  -15.497  -27.237 0.0000000000
11563  24.904  -14.322  -27.483 0.0000000000
11564  24.510  -14.981  -26.847 0.0000000000
11565  22.874  -12.951  -27.421 0.0000000000
11566  21.690  -12.062  -27.425 0.0000000000
11567  22.020  -11.221  -27.834 0.0000000000
12021  37.754  -8.918  -23.057 0.0000000000
12022  37.069  -8.311  -22.639 0.0000000000
13120  33.631  -4.258  -22.890 0.0000000000
13121  33.750  -4.878  -22.671 0.0000000000
13122  33.790  -4.637  -24.464 0.0000000000
13123  33.910  -5.004  -25.727 0.0000000000
13124  33.366  -4.356  -25.892 0.0000000000
13211  24.765  -29.130  -20.474 0.0000000000
13212  23.649  -29.307  -19.666 0.0000000000
13213  25.546  -30.337  -19.639 0.0000000000
13214  26.419  -31.391  -18.446 0.0000000000
13958  36.429  -13.140  -25.250 0.0000000000
13959  35.938  -14.092  -25.113 0.0000000000
13960  34.828  -13.435  -26.214 0.0000000000
13961  29.379  -12.042  -28.976 0.0000000000
13962  30.700  -13.173  -28.018 0.0000000000
13963  28.308  -12.497  -29.067 0.0000000000
13964  27.450  -12.941  -28.811 0.0000000000
13965  26.155  -11.486  -29.474 0.0000000000
13966  24.486  -10.310  -29.485 0.0000000000
13967  25.552  -10.190  -30.009 0.0000000000
15518  30.639  -2.069  -14.740 0.0000000000
15519  31.320  -1.935  -15.170 0.0000000000
15520  33.267  -2.787  -18.363 0.0000000000
15521  32.773  -3.136  -17.848 0.0000000000
15522  33.100  -3.115  -19.390 0.0000000000
15523  33.038  -3.355  -20.422 0.0000000000
15524  33.144  -2.799  -20.932 0.0000000000
15604  26.477  -22.888  -20.251 0.0000000000
15605  28.725  -23.817  -20.287 0.0000000000
15606  28.051  -24.288  -19.605 0.0000000000
15608  27.155  -24.626  -18.848 0.0000000000
15609  26.474  -25.014  -18.172 0.0000000000
15610  25.176  -23.852  -18.968 0.0000000000
15611  22.896  -24.040  -21.926 0.0000000000
15612  22.820  -24.347  -20.649 0.0000000000
15613  23.157  -25.253  -21.724 0.0000000000
15614  23.516  -26.466  -21.442 0.0000000000
15615  24.398  -26.196  -22.467 0.0000000000
17401  34.949  -15.916  -24.692 0.0000000000
17402  36.296  -16.677  -23.540 0.0000000000
17403  34.435  -16.764  -24.515 0.0000000000
17404  31.227  -18.209  -24.997 0.0000000000
17405  33.453  -18.442  -23.995 0.0000000000
17406  32.908  -19.254  -23.679 0.0000000000
17408  32.384  -20.056  -23.263 0.0000000000
17409  31.845  -20.740  -22.954 0.0000000000
17410  30.147  -19.673  -24.083 0.0000000000
17411  23.991  -16.590  -25.520 0.0000000000
17412  25.552  -18.106  -24.720 0.0000000000
17413  23.759  -17.428  -24.839 0.0000000000
17414  23.586  -18.229  -24.240 0.0000000000
17415  22.624  -17.021  -25.376 0.0000000000
17416  22.206  -17.078  -25.897 0.0000000000
17417  22.015  -15.888  -26.245 0.0000000000
17419  21.116  -13.303  -28.021 0.0000000000
18782  38.811  -11.421  -23.468 0.0000000000
18783  37.303  -9.337  -25.997 0.0000000000
18784  37.178  -10.346  -26.023 0.0000000000
18785  36.196  -9.736  -27.112 0.0000000000
18786  34.781  -10.068  -27.929 0.0000000000
18787  35.056  -9.054  -28.014 0.0000000000
22079  31.678  -6.552  -18.245 0.0000000000
22080  31.251  -3.950  -16.597 0.0000000000
22081  30.815  -4.132  -16.356 0.0000000000
22082  31.722  -4.516  -17.791 0.0000000000
22083  34.012  -6.054  -22.192 0.0000000000
22084  33.172  -6.017  -20.387 0.0000000000
22085  34.176  -6.557  -21.772 0.0000000000
22086  34.435  -7.012  -21.421 0.0000000000
22087  35.348  -6.856  -23.185 0.0000000000
22088  36.318  -7.120  -24.240 0.0000000000
22089  35.765  -6.580  -24.873 0.0000000000
22090  34.074  -5.806  -27.898 0.0000000000
22091  34.929  -6.431  -27.588 0.0000000000
22092  33.787  -6.489  -28.576 0.0000000000
22093  33.321  -7.387  -29.068 0.0000000000
22094  32.472  -6.427  -29.259 0.0000000000
22139  33.779  -0.035  -20.864 0.0000000000
22140  33.618  -0.368  -21.687 0.0000000000
22141  33.611  -1.097  -20.908 0.0000000000
22142  33.293  -0.590  -22.560 0.0000000000
22144  32.559  -0.607  -24.243 0.0000000000
22146  32.487  -1.866  -24.433 0.0000000000
22156  31.079  -3.083  -28.007 0.0000000000
22160  28.137  -3.556  -30.348 0.0000000000
22161  29.310  -5.176  -30.497 0.0000000000
22162  27.596  -4.159  -30.854 0.0000000000
22293  23.462  -35.759  -13.774 0.0000000000
22295  25.463  -37.235  -12.487 0.0000000000
22351  24.813  -25.875  -17.080 0.0000000000
22352  25.912  -26.921  -16.319 0.0000000000
22353  23.968  -26.389  -16.704 0.0000000000
22354  21.997  -29.262  -17.626 0.0000000000
22355  22.349  -28.104  -16.429 0.0000000000
22356  21.805  -29.224  -16.439 0.0000000000
22357  22.000  -29.304  -15.166 0.0000000000
22358  21.491  -30.414  -16.299 0.0000000000
22359  21.626  -31.714  -16.126 0.0000000000
22360  22.461  -31.804  -16.950 0.0000000000
22362  26.809  -33.952  -15.429 0.0000000000
23351  34.158  -11.850  -27.479 0.0000000000
23352  33.563  -12.659  -27.204 0.0000000000
23353  32.312  -11.781  -28.178 0.0000000000
23354  30.279  -11.428  -29.044 0.0000000000
23355  28.192  -10.702  -29.940 0.0000000000
23356  26.577  -9.915  -30.356 0.0000000000
23357  27.518  -9.390  -30.579 0.0000000000
24287  31.948  -1.789  -15.447 0.0000000000
24288  32.593  -1.641  -15.809 0.0000000000
24289  33.269  -2.212  -17.285 0.0000000000
24290  33.603  -2.330  -19.061 0.0000000000
24337  26.270  -20.619  -22.530 0.0000000000
24338  27.824  -21.933  -21.703 0.0000000000
24339  25.747  -21.219  -21.704 0.0000000000
24340  25.140  -21.764  -21.097 0.0000000000
24341  24.533  -22.336  -20.537 0.0000000000
24342  23.945  -23.025  -20.070 0.0000000000
24343  23.270  -22.432  -21.211 0.0000000000
24344  22.846  -22.897  -22.185 0.0000000000
24345  23.269  -23.615  -23.226 0.0000000000
24346  24.428  -24.509  -23.849 0.0000000000
24347  23.747  -23.188  -24.239 0.0000000000
24348  24.292  -22.699  -25.193 0.0000000000
25417  30.584  -15.563  -26.716 0.0000000000
25418  32.363  -16.651  -25.447 0.0000000000
25419  30.037  -16.271  -26.435 0.0000000000
25420  29.393  -16.988  -26.167 0.0000000000
25421  28.851  -17.742  -25.758 0.0000000000
25422  28.359  -18.379  -25.258 0.0000000000
25423  26.418  -16.871  -26.109 0.0000000000
25424  24.189  -15.762  -26.161 0.0000000000
25425  22.672  -14.904  -26.338 0.0000000000
25426  21.893  -14.566  -26.761 0.0000000000
25427  21.746  -13.280  -27.058 0.0000000000
25428  21.036  -11.804  -27.651 0.0000000000
26245  38.594  -10.520  -23.415 0.0000000000
26246  38.293  -9.624  -23.332 0.0000000000
26247  37.911  -8.994  -24.618 0.0000000000
26248  37.209  -8.411  -25.814 0.0000000000
28224  32.735  -4.333  -19.567 0.0000000000
28225  32.637  -4.789  -19.370 0.0000000000
28226  33.345  -4.961  -20.873 0.0000000000
28227  33.881  -5.516  -22.354 0.0000000000
28228  34.508  -5.876  -23.976 0.0000000000
28229  35.173  -6.056  -25.245 0.0000000000
28230  34.538  -5.586  -25.526 0.0000000000
28231  34.119  -5.312  -26.887 0.0000000000
28232  33.195  -5.105  -27.993 0.0000000000
28354  22.437  -34.278  -14.874 0.0000000000
28387  22.545  -26.765  -19.058 0.0000000000
28388  22.622  -26.875  -17.727 0.0000000000
28389  22.519  -27.959  -18.912 0.0000000000
28390  22.703  -29.374  -18.716 0.0000000000
28391  23.079  -30.657  -18.320 0.0000000000
28392  23.678  -31.887  -17.631 0.0000000000
28393  25.077  -31.753  -18.122 0.0000000000
28394  27.300  -32.397  -17.030 0.0000000000
29525  38.656  -14.311  -22.832 0.0000000000
29526  38.266  -15.337  -22.722 0.0000000000
29527  37.234  -14.742  -23.870 0.0000000000
29528  35.456  -14.998  -24.883 0.0000000000
29529  33.597  -15.089  -25.814 0.0000000000
29530  32.918  -13.465  -27.050 0.0000000000
29531  32.126  -14.198  -26.940 0.0000000000
29532  31.436  -14.895  -26.808 0.0000000000
29533  28.902  -14.293  -27.917 0.0000000000
29534  26.499  -13.357  -28.538 0.0000000000
29535  23.952  -11.674  -28.518 0.0000000000
29536  22.538  -10.575  -28.341 0.0000000000
29537  23.415  -10.379  -28.938 0.0000000000
29538  23.194  -9.210  -29.544 0.0000000000
31711  30.937  -3.199  -15.632 0.0000000000
31712  31.746  -3.706  -16.951 0.0000000000
31713  32.104  -2.705  -16.365 0.0000000000
31714  32.233  -3.478  -17.382 0.0000000000
31715  32.441  -3.903  -18.401 0.0000000000
31716  32.912  -3.868  -19.915 0.0000000000
31717  33.262  -3.785  -21.534 0.0000000000
31718  33.355  -3.604  -23.244 0.0000000000
31830  29.421  -23.268  -20.913 0.0000000000
31837  27.651  -26.380  -17.680 0.0000000000
31838  25.667  -25.420  -17.574 0.0000000000
31839  23.795  -25.145  -18.137 0.0000000000
31840  23.529  -23.808  -19.683 0.0000000000
31841  23.131  -24.709  -19.433 0.0000000000
31842  22.771  -25.636  -19.211 0.0000000000
31843  22.931  -26.644  -20.288 0.0000000000
31844  24.080  -27.714  -21.037 0.0000000000
34138  37.936  -16.346  -22.595 0.0000000000
34139  37.532  -17.385  -22.377 0.0000000000
34140  37.181  -18.367  -22.155 0.0000000000
34141  33.922  -17.633  -24.233 0.0000000000
34142  35.392  -18.521  -23.073 0.0000000000
34149  29.026  -20.847  -23.020 0.0000000000
34150  27.849  -19.007  -24.532 0.0000000000
34151  27.346  -19.555  -23.888 0.0000000000
34152  26.753  -20.076  -23.208 0.0000000000
34153  24.769  -19.415  -23.357 0.0000000000
34154  23.380  -19.096  -23.796 0.0000000000
34155  22.769  -19.177  -24.474 0.0000000000
34156  22.702  -19.452  -25.223 0.0000000000
34157  22.461  -18.316  -25.527 0.0000000000
34158  22.219  -17.330  -26.536 0.0000000000
34160  21.492  -14.550  -27.288 0.0000000000
35834  38.760  -13.352  -23.079 0.0000000000
35835  37.797  -12.777  -24.411 0.0000000000
35836  36.672  -12.249  -25.637 0.0000000000
35837  38.077  -10.899  -24.797 0.0000000000
35838  36.977  -11.311  -25.853 0.0000000000
35839  35.670  -11.667  -26.714 0.0000000000
35840  34.494  -10.999  -27.761 0.0000000000
35841  33.285  -10.132  -28.550 0.0000000000
35842  32.107  -9.172  -29.266 0.0000000000
39812  30.885  -5.112  -17.364 0.0000000000
39813  32.337  -5.265  -19.044 0.0000000000
39814  32.114  -5.754  -18.835 0.0000000000
39815  31.819  -6.114  -18.578 0.0000000000
39816  33.181  -6.918  -19.769 0.0000000000
39818  35.906  -7.915  -21.894 0.0000000000
39819  36.732  -7.690  -23.455 0.0000000000
39820  36.965  -7.581  -25.154 0.0000000000
39821  36.518  -7.725  -26.585 0.0000000000
39822  35.678  -6.386  -26.390 0.0000000000
39823  35.802  -7.093  -27.237 0.0000000000
39824  35.541  -8.031  -27.690 0.0000000000
39825  34.294  -8.264  -28.591 0.0000000000
39826  32.728  -8.304  -29.310 0.0000000000
39827  31.270  -8.067  -29.929 0.0000000000
39853  33.413  1.417  -16.632 0.0000000000
39854  33.596  0.406  -17.235 0.0000000000
39879  33.905  0.478  -20.080 0.0000000000
39880  33.805  -0.055  -19.073 0.0000000000
39881  33.763  -0.607  -18.155 0.0000000000
39882  33.776  -1.237  -19.096 0.0000000000
39883  33.598  -1.765  -20.126 0.0000000000
39884  33.423  -1.994  -20.952 0.0000000000
39885  32.990  -0.613  -23.463 0.0000000000
39886  33.018  -1.446  -22.701 0.0000000000
39887  33.183  -2.215  -21.781 0.0000000000
39888  33.024  -2.453  -22.790 0.0000000000
39889  32.919  -2.781  -23.932 0.0000000000
39890  32.838  -3.117  -25.099 0.0000000000
39898  31.794  -2.413  -26.360 0.0000000000
39899  32.568  -3.469  -26.199 0.0000000000
39900  32.421  -3.899  -27.174 0.0000000000
39901  32.214  -4.264  -28.096 0.0000000000
39902  31.922  -4.730  -28.862 0.0000000000
39904  30.400  -4.015  -29.512 0.0000000000
39905  31.459  -5.331  -29.446 0.0000000000
39906  30.925  -6.052  -29.883 0.0000000000
39907  30.278  -6.693  -30.235 0.0000000000
39908  29.689  -7.428  -30.486 0.0000000000
39909  28.317  -6.632  -30.964 0.0000000000
40138  23.126  -27.169  -16.496 0.0000000000
40139  23.927  -27.720  -15.476 0.0000000000
40145  21.838  -32.936  -15.664 0.0000000000
40146  23.808  -34.389  -15.177 0.0000000000
40147  24.495  -33.049  -16.682 0.0000000000
40148  25.280  -34.183  -15.339 0.0000000000
40149  26.141  -35.678  -13.878 0.0000000000
40180  23.094  -20.009  -25.847 0.0000000000
41133  31.211  -9.474  -29.502 0.0000000000
41134  30.842  -9.796  -29.458 0.0000000000
41135  30.299  -9.203  -29.902 0.0000000000
41136  29.568  -8.872  -30.230 0.0000000000
41137  29.947  -8.555  -30.217 0.0000000000
41650  33.015  0.496  -15.743 0.0000000000
41651  32.736  0.421  -15.364 0.0000000000
41652  33.114  -0.076  -15.979 0.0000000000
41653  33.175  -0.617  -16.315 0.0000000000
41654  33.397  -0.462  -16.688 0.0000000000
41681  22.941  -20.077  -23.684 0.0000000000
41682  23.129  -20.448  -23.137 0.0000000000
41683  22.914  -20.620  -23.502 0.0000000000
41684  22.895  -21.079  -23.328 0.0000000000
41685  22.827  -20.761  -23.897 0.0000000000
41686  22.869  -20.995  -24.224 0.0000000000
41687  22.818  -20.473  -24.408 0.0000000000
42281  24.335  -12.939  -28.072 0.0000000000
42282  25.132  -13.967  -27.845 0.0000000000
42283  24.024  -13.253  -27.799 0.0000000000
42284  23.765  -13.641  -27.432 0.0000000000
42285  23.095  -12.583  -27.709 0.0000000000
42286  22.391  -12.061  -27.644 0.0000000000
42287  22.557  -11.632  -27.865 0.0000000000
42741  37.007  -8.666  -22.060 0.0000000000
42742  36.544  -8.401  -21.856 0.0000000000
43840  33.549  -4.109  -23.775 0.0000000000
43841  33.724  -4.461  -23.636 0.0000000000
43842  33.596  -4.303  -24.484 0.0000000000
43843  33.616  -4.500  -25.201 0.0000000000
43844  33.373  -4.168  -25.279 0.0000000000
43931  25.709  -29.532  -20.403 0.0000000000
43932  25.125  -29.776  -20.108 0.0000000000
43934  26.629  -30.634  -19.227 0.0000000000
44678  35.861  -12.851  -25.853 0.0000000000
44679  35.613  -13.320  -25.761 0.0000000000
44680  35.039  -12.983  -26.327 0.0000000000
44681  28.276  -11.656  -29.455 0.0000000000
44682  28.868  -12.292  -29.003 0.0000000000
44683  27.751  -11.879  -29.419 0.0000000000
44684  27.199  -12.047  -29.364 0.0000000000
44685  26.683  -11.353  -29.677 0.0000000000
44686  25.822  -10.852  -29.765 0.0000000000
44687  26.367  -10.721  -29.929 0.0000000000
46240  33.411  -2.769  -19.287 0.0000000000
46241  33.207  -3.002  -18.885 0.0000000000
46242  33.251  -2.872  -19.691 0.0000000000
46243  33.131  -2.968  -20.188 0.0000000000
46244  33.253  -2.714  -20.473 0.0000000000
46323  29.320  -22.111  -21.948 0.0000000000
46324  26.190  -23.130  -19.898 0.0000000000
46325  27.213  -23.527  -19.911 0.0000000000
46326  26.884  -23.751  -19.542 0.0000000000
46327  27.598  -24.407  -19.221 0.0000000000
46328  26.506  -23.978  -19.198 0.0000000000
46329  26.100  -24.163  -18.860 0.0000000000
46330  25.392  -23.588  -19.272 0.0000000000
46331  23.189  -24.437  -22.424 0.0000000000
46332  23.036  -24.633  -21.849 0.0000000000
46333  23.441  -25.081  -22.336 0.0000000000
46334  23.671  -25.728  -22.150 0.0000000000
46335  24.064  -25.529  -22.697 0.0000000000
46336  24.810  -26.040  -22.937 0.0000000000
46337  24.459  -25.354  -23.168 0.0000000000
48121  33.934  -15.901  -25.132 0.0000000000
48122  34.624  -16.331  -24.628 0.0000000000
48123  33.676  -16.345  -25.090 0.0000000000
48124  30.984  -18.575  -24.741 0.0000000000
48125  32.108  -18.753  -24.318 0.0000000000
48126  31.857  -19.123  -24.139 0.0000000000
48127  32.579  -19.606  -23.537 0.0000000000
48128  31.531  -19.499  -23.971 0.0000000000
48129  31.345  -19.931  -23.704 0.0000000000
48130  30.372  -19.294  -24.362 0.0000000000
48131  23.207  -16.233  -25.643 0.0000000000
48132  23.903  -17.050  -25.141 0.0000000000
48133  23.189  -16.781  -25.294 0.0000000000
48134  23.095  -17.221  -25.038 0.0000000000
48135  22.614  -16.547  -25.549 0.0000000000
48136  22.302  -16.516  -25.806 0.0000000000
48137  22.279  -15.916  -26.018 0.0000000000
49501  38.981  -11.702  -22.793 0.0000000000
49503  36.852  -9.065  -26.534 0.0000000000
49504  36.845  -9.556  -26.563 0.0000000000
49505  36.281  -9.240  -27.108 0.0000000000
49506  35.664  -9.395  -27.593 0.0000000000
49507  35.730  -8.925  -27.586 0.0000000000
52798  30.858  -6.230  -17.472 0.0000000000
52800  31.750  -4.156  -17.350 0.0000000000
52801  31.525  -4.261  -17.239 0.0000000000
52802  31.959  -4.407  -17.989 0.0000000000
52803  34.469  -6.267  -22.902 0.0000000000
52804  34.060  -6.308  -21.973 0.0000000000
52805  34.671  -6.531  -22.736 0.0000000000
52806  34.840  -6.740  -22.550 0.0000000000
52807  35.177  -6.633  -23.411 0.0000000000
52808  35.629  -6.722  -24.046 0.0000000000
52809  35.394  -6.482  -24.232 0.0000000000
52810  33.520  -5.758  -28.349 0.0000000000
52811  33.979  -6.119  -28.243 0.0000000000
52812  33.365  -6.113  -28.650 0.0000000000
52813  33.124  -6.475  -28.946 0.0000000000
52814  32.685  -6.065  -29.045 0.0000000000
52861  33.446  -0.471  -22.213 0.0000000000
52864  31.991  0.061  -25.531 0.0000000000
52878  26.553  -2.279  -30.371 0.0000000000
52880  27.228  -3.058  -30.441 0.0000000000
52881  27.886  -3.833  -30.654 0.0000000000
53013  24.092  -35.805  -13.797 0.0000000000
53014  24.503  -36.504  -13.143 0.0000000000
53015  25.129  -36.552  -13.129 0.0000000000
53016  26.087  -37.248  -12.511 0.0000000000
53017  25.719  -36.529  -13.176 0.0000000000
53071  23.922  -25.770  -17.401 0.0000000000
53072  24.351  -26.110  -16.858 0.0000000000
53073  23.501  -26.123  -17.267 0.0000000000
53074  21.985  -29.939  -17.604 0.0000000000
53075  21.851  -29.228  -17.037 0.0000000000
53076  21.754  -29.880  -17.049 0.0000000000
53077  21.629  -29.825  -16.416 0.0000000000
53078  21.760  -30.507  -16.901 0.0000000000
53079  21.848  -31.110  -16.707 0.0000000000
53080  22.250  -31.155  -17.182 0.0000000000
54278  33.614  -11.438  -27.887 0.0000000000
54279  33.227  -11.836  -27.769 0.0000000000
54280  32.664  -11.396  -28.189 0.0000000000
54281  30.073  -10.500  -29.503 0.0000000000
54282  30.664  -11.085  -29.028 0.0000000000
54283  29.595  -10.786  -29.546 0.0000000000
54284  29.198  -11.094  -29.529 0.0000000000
54285  28.629  -10.406  -29.964 0.0000000000
54286  27.867  -10.078  -30.233 0.0000000000
54287  28.295  -9.797  -30.263 0.0000000000
54288  28.061  -8.140  -30.890 0.0000000000
54289  27.644  -8.457  -30.881 0.0000000000
54290  27.333  -7.707  -31.195 0.0000000000
55833  32.272  0.230  -14.781 0.0000000000
55834  31.903  0.863  -14.353 0.0000000000
55838  32.211  -1.252  -15.213 0.0000000000
55840  33.388  -1.628  -17.246 0.0000000000
55841  33.208  -1.801  -16.813 0.0000000000
55842  33.505  -2.000  -17.611 0.0000000000
55843  33.541  -2.356  -18.134 0.0000000000
55844  33.681  -2.115  -18.548 0.0000000000
55921  25.243  -20.290  -22.592 0.0000000000
55922  25.954  -20.856  -22.151 0.0000000000
55923  25.010  -20.614  -22.241 0.0000000000
55924  23.780  -21.204  -21.895 0.0000000000
55925  24.502  -21.287  -21.617 0.0000000000
55926  24.228  -21.600  -21.340 0.0000000000
55927  24.801  -22.067  -20.796 0.0000000000
55928  24.014  -21.991  -21.042 0.0000000000
55929  23.809  -22.335  -20.805 0.0000000000
55930  23.445  -22.000  -21.445 0.0000000000
55931  22.897  -22.109  -23.001 0.0000000000
55932  22.898  -22.356  -22.418 0.0000000000
55933  22.908  -22.641  -22.885 0.0000000000
55934  22.968  -23.235  -22.703 0.0000000000
55935  23.124  -23.014  -23.389 0.0000000000
55936  23.508  -23.402  -23.734 0.0000000000
55937  23.270  -22.758  -23.901 0.0000000000
55938  23.393  -21.626  -24.998 0.0000000000
55939  23.645  -22.292  -24.832 0.0000000000
55940  23.897  -22.035  -25.318 0.0000000000
57716  39.472  -16.764  -20.855 0.0000000000
57720  38.815  -17.510  -21.272 0.0000000000
57721  29.355  -15.260  -27.228 0.0000000000
57722  30.265  -15.934  -26.581 0.0000000000
57723  29.040  -15.606  -27.068 0.0000000000
57724  27.150  -15.868  -27.024 0.0000000000
57725  28.391  -16.300  -26.751 0.0000000000
57726  28.158  -16.665  -26.525 0.0000000000
57727  29.086  -17.346  -25.950 0.0000000000
57728  27.847  -16.967  -26.257 0.0000000000
57729  27.668  -17.360  -25.973 0.0000000000
57730  26.659  -16.509  -26.414 0.0000000000
57731  23.534  -14.394  -26.847 0.0000000000
57732  24.344  -15.360  -26.476 0.0000000000
57733  23.426  -14.843  -26.534 0.0000000000
57734  23.348  -15.291  -26.219 0.0000000000
57735  22.702  -14.412  -26.603 0.0000000000
57736  22.218  -14.140  -26.705 0.0000000000
57737  22.162  -13.505  -26.965 0.0000000000
57738  21.432  -11.387  -27.652 0.0000000000
57739  21.315  -11.885  -27.517 0.0000000000
57740  21.097  -11.232  -27.754 0.0000000000
57741  20.843  -11.194  -27.923 0.0000000000
59103  37.700  -8.563  -23.635 0.0000000000
59104  37.920  -8.925  -23.847 0.0000000000
59105  37.733  -8.608  -24.411 0.0000000000
59106  37.590  -8.705  -25.157 0.0000000000
59107  37.440  -8.301  -25.064 0.0000000000
62400  33.095  -4.384  -20.366 0.0000000000
62401  33.035  -4.625  -20.230 0.0000000000
62402  33.370  -4.671  -21.028 0.0000000000
62403  33.955  -5.111  -23.460 0.0000000000
62404  33.828  -5.217  -22.506 0.0000000000
62405  34.052  -5.436  -23.276 0.0000000000
62406  34.167  -5.721  -23.219 0.0000000000
62407  34.334  -5.609  -24.090 0.0000000000
62408  34.576  -5.731  -24.773 0.0000000000
62409  34.393  -5.477  -24.860 0.0000000000
62410  33.630  -4.859  -26.383 0.0000000000
62411  34.010  -5.178  -26.326 0.0000000000
62412  33.679  -5.035  -26.952 0.0000000000
62413  33.678  -5.205  -27.474 0.0000000000
62414  33.265  -4.903  -27.489 0.0000000000
62671  22.749  -27.326  -19.621 0.0000000000
62672  22.513  -27.362  -19.022 0.0000000000
62673  22.855  -27.973  -19.556 0.0000000000
62674  23.937  -30.010  -19.410 0.0000000000
62675  23.188  -29.386  -19.203 0.0000000000
62676  23.329  -30.029  -18.989 0.0000000000
62677  22.810  -29.987  -18.508 0.0000000000
62678  23.670  -30.650  -18.702 0.0000000000
62679  24.027  -31.318  -18.385 0.0000000000
62680  24.653  -31.184  -18.667 0.0000000000
62681  27.558  -31.610  -17.828 0.0000000000
62682  26.874  -31.860  -17.772 0.0000000000
62683  28.014  -32.165  -17.081 0.0000000000
64913  38.162  -14.031  -23.433 0.0000000000
64914  37.976  -14.547  -23.362 0.0000000000
64915  37.424  -14.230  -23.963 0.0000000000
64916  35.069  -14.237  -25.604 0.0000000000
64917  35.730  -14.575  -25.030 0.0000000000
64918  34.826  -14.691  -25.489 0.0000000000
64919  34.534  -15.055  -25.350 0.0000000000
64920  33.817  -14.685  -25.974 0.0000000000
64921  32.640  -12.603  -27.616 0.0000000000
64922  33.258  -13.058  -27.185 0.0000000000
64923  32.243  -12.986  -27.541 0.0000000000
64924  30.332  -13.470  -28.024 0.0000000000
64925  31.454  -13.685  -27.473 0.0000000000
64926  30.968  -14.055  -27.470 0.0000000000
64927  31.723  -14.547  -26.904 0.0000000000
64928  30.549  -14.344  -27.443 0.0000000000
64929  30.145  -14.619  -27.442 0.0000000000
64930  29.376  -14.059  -27.978 0.0000000000
64931  26.186  -12.306  -29.009 0.0000000000
64932  26.791  -13.049  -28.722 0.0000000000
64933  25.537  -12.354  -28.831 0.0000000000
64934  25.059  -12.516  -28.608 0.0000000000
64935  24.452  -11.639  -28.813 0.0000000000
64936  23.656  -11.029  -28.728 0.0000000000
64937  24.188  -10.966  -28.959 0.0000000000
64939  23.814  -9.743  -29.486 0.0000000000
64940  23.705  -9.150  -29.830 0.0000000000
64943  26.382  -9.287  -30.643 0.0000000000
64944  25.891  -9.501  -30.481 0.0000000000
64945  25.736  -8.816  -30.823 0.0000000000
69595  31.050  -2.538  -15.329 0.0000000000
69596  30.779  -2.645  -15.164 0.0000000000
69597  31.170  -3.044  -15.757 0.0000000000
69598  31.331  -3.481  -16.255 0.0000000000
69599  31.586  -3.369  -16.398 0.0000000000
69600  32.311  -2.207  -16.043 0.0000000000
69601  32.028  -2.266  -15.860 0.0000000000
69602  32.391  -2.604  -16.553 0.0000000000
69603  32.733  -3.342  -18.353 0.0000000000
69604  32.466  -3.299  -17.595 0.0000000000
69605  32.542  -3.559  -18.140 0.0000000000
69606  32.313  -3.704  -17.860 0.0000000000
69607  32.647  -3.751  -18.638 0.0000000000
69608  32.679  -3.895  -19.152 0.0000000000
69609  32.846  -3.676  -19.322 0.0000000000
69610  33.110  -3.274  -21.203 0.0000000000
69611  33.143  -3.542  -20.975 0.0000000000
69612  33.273  -3.497  -21.747 0.0000000000
69613  33.348  -3.716  -22.366 0.0000000000
69614  33.283  -3.394  -22.605 0.0000000000
69849  27.581  -22.210  -21.306 0.0000000000
69850  28.671  -22.636  -21.295 0.0000000000
69851  28.326  -22.902  -20.983 0.0000000000
69852  29.496  -24.513  -19.919 0.0000000000
69853  29.913  -24.286  -20.213 0.0000000000
69865  28.068  -26.194  -18.040 0.0000000000
69866  25.422  -24.643  -18.264 0.0000000000
69867  26.021  -25.219  -17.895 0.0000000000
69868  25.023  -24.885  -17.997 0.0000000000
69869  24.731  -25.152  -17.739 0.0000000000
69870  24.155  -24.757  -18.288 0.0000000000
69871  23.381  -23.123  -20.434 0.0000000000
69872  23.761  -23.396  -19.833 0.0000000000
69873  23.206  -23.561  -20.277 0.0000000000
69874  22.802  -24.959  -20.616 0.0000000000
69875  22.927  -24.538  -20.078 0.0000000000
69876  22.790  -25.060  -20.018 0.0000000000
69877  22.911  -25.168  -19.328 0.0000000000
69878  22.772  -25.564  -19.871 0.0000000000
69879  22.734  -26.121  -19.810 0.0000000000
69880  22.879  -26.068  -20.458 0.0000000000
69881  24.223  -26.945  -21.758 0.0000000000
69882  23.791  -27.079  -21.254 0.0000000000
69883  24.593  -27.586  -21.481 0.0000000000
69884  24.943  -28.252  -21.176 0.0000000000
69885  25.481  -28.057  -21.577 0.0000000000
69887  25.937  -27.860  -21.860 0.0000000000
75241  37.544  -15.543  -23.250 0.0000000000
75242  38.096  -15.848  -22.655 0.0000000000
75243  37.380  -16.057  -23.161 0.0000000000
75244  36.085  -17.157  -23.405 0.0000000000
75245  36.922  -17.045  -22.948 0.0000000000
75246  36.721  -17.515  -22.826 0.0000000000
75247  37.320  -17.907  -22.264 0.0000000000
75248  36.460  -17.996  -22.757 0.0000000000
75249  32.070  -17.046  -25.317 0.0000000000
75250  33.179  -17.177  -24.859 0.0000000000
75251  32.909  -17.536  -24.722 0.0000000000
75252  34.201  -18.921  -23.337 0.0000000000
75253  34.455  -18.494  -23.511 0.0000000000
75255  36.195  -18.967  -22.371 0.0000000000
75266  30.755  -20.559  -23.305 0.0000000000
75268  30.472  -20.959  -23.017 0.0000000000
75269  30.180  -21.188  -22.813 0.0000000000
75270  29.410  -20.653  -23.289 0.0000000000
75271  27.210  -17.977  -25.394 0.0000000000
75272  28.089  -18.673  -24.912 0.0000000000
75273  26.882  -18.281  -25.026 0.0000000000
75274  25.412  -18.445  -24.335 0.0000000000
75275  26.424  -18.806  -24.334 0.0000000000
75276  26.302  -19.168  -23.930 0.0000000000
75277  27.097  -19.849  -23.526 0.0000000000
75278  25.964  -19.423  -23.606 0.0000000000
75279  25.718  -19.704  -23.299 0.0000000000
75280  24.930  -19.042  -23.721 0.0000000000
75281  23.036  -18.097  -24.526 0.0000000000
75282  23.442  -18.671  -23.967 0.0000000000
75283  23.041  -18.639  -24.290 0.0000000000
75284  23.013  -19.090  -24.126 0.0000000000
75285  22.744  -18.655  -24.650 0.0000000000
75286  22.590  -18.746  -25.005 0.0000000000
75287  22.528  -18.188  -25.221 0.0000000000
75288  22.006  -16.561  -26.364 0.0000000000
75289  22.148  -17.174  -26.202 0.0000000000
75290  22.036  -16.675  -26.672 0.0000000000
75292  21.939  -16.135  -27.193 0.0000000000
75293  21.559  -13.804  -27.160 0.0000000000
75294  21.669  -14.527  -27.011 0.0000000000
75295  21.398  -13.819  -27.411 0.0000000000
75308  22.413  -9.976  -28.645 0.0000000000
75309  22.070  -10.188  -28.357 0.0000000000
79382  39.135  -13.143  -22.485 0.0000000000
79383  38.481  -12.084  -24.007 0.0000000000
79384  38.405  -12.546  -23.868 0.0000000000
79385  37.908  -12.316  -24.505 0.0000000000
79386  37.284  -12.526  -24.978 0.0000000000
79387  37.349  -12.053  -25.174 0.0000000000
79388  38.406  -10.215  -24.082 0.0000000000
79389  38.425  -10.689  -24.112 0.0000000000
79390  38.089  -10.406  -24.790 0.0000000000
79391  36.597  -10.535  -26.518 0.0000000000
79392  37.123  -10.822  -25.940 0.0000000000
79393  36.506  -11.014  -26.406 0.0000000000
79394  36.351  -11.483  -26.248 0.0000000000
79395  35.794  -11.207  -26.858 0.0000000000
79396  35.070  -11.357  -27.276 0.0000000000
79397  35.238  -10.895  -27.396 0.0000000000
79398  34.232  -9.626  -28.323 0.0000000000
79399  34.053  -10.144  -28.217 0.0000000000
79400  33.451  -9.682  -28.628 0.0000000000
79401  32.693  -9.709  -28.904 0.0000000000
79402  32.813  -9.245  -28.971 0.0000000000
89283  31.030  -4.430  -16.932 0.0000000000
89284  30.544  -4.190  -16.251 0.0000000000
89285  30.809  -4.543  -16.831 0.0000000000
89286  30.588  -4.662  -16.736 0.0000000000
89287  31.138  -5.010  -17.474 0.0000000000
89288  32.961  -5.174  -19.990 0.0000000000
89289  32.520  -5.014  -19.195 0.0000000000
89290  32.826  -5.421  -19.845 0.0000000000
89291  33.122  -6.238  -20.246 0.0000000000
89292  32.664  -5.911  -19.574 0.0000000000
89293  32.593  -6.125  -19.455 0.0000000000
89294  31.977  -5.924  -18.695 0.0000000000
89295  32.534  -6.344  -19.372 0.0000000000
89297  33.139  -6.679  -19.968 0.0000000000
89298  35.111  -7.220  -22.072 0.0000000000
89299  34.494  -7.261  -21.191 0.0000000000
89300  35.178  -7.490  -21.697 0.0000000000
89301  35.251  -7.717  -21.435 0.0000000000
89302  35.810  -7.621  -22.251 0.0000000000
89303  36.401  -7.789  -22.664 0.0000000000
89304  36.254  -7.501  -23.026 0.0000000000
89305  36.416  -7.046  -25.044 0.0000000000
89306  36.673  -7.307  -24.722 0.0000000000
89307  36.645  -7.271  -25.530 0.0000000000
89308  36.802  -7.627  -25.915 0.0000000000
89309  36.514  -7.306  -26.248 0.0000000000
89310  35.108  -5.945  -25.990 0.0000000000
89311  35.440  -6.187  -25.824 0.0000000000
89312  35.296  -6.112  -26.562 0.0000000000
89313  34.857  -6.840  -28.003 0.0000000000
89314  35.390  -6.758  -27.422 0.0000000000
89315  35.300  -7.204  -27.773 0.0000000000
89316  35.709  -7.534  -27.446 0.0000000000
89317  35.198  -7.668  -27.992 0.0000000000
89318  34.952  -8.158  -28.160 0.0000000000
89319  34.479  -7.785  -28.496 0.0000000000
89320  32.621  -7.332  -29.385 0.0000000000
89321  33.110  -7.836  -29.199 0.0000000000
89322  32.304  -7.776  -29.539 0.0000000000
89323  31.999  -8.209  -29.631 0.0000000000
89324  31.616  -7.633  -29.812 0.0000000000
89391  33.501  0.888  -16.906 0.0000000000
89454  34.007  0.731  -20.514 0.0000000000
89455  33.949  0.504  -20.863 0.0000000000
89456  33.802  -0.392  -20.387 0.0000000000
89457  33.794  -0.082  -19.984 0.0000000000
89458  33.826  -0.422  -19.500 0.0000000000
89459  33.813  -0.334  -18.616 0.0000000000
89460  33.824  -0.697  -19.056 0.0000000000
89461  33.782  -0.979  -18.613 0.0000000000
89462  33.805  -1.004  -19.520 0.0000000000
89463  33.451  -1.279  -21.289 0.0000000000
89464  33.587  -1.435  -20.511 0.0000000000
89465  33.426  -1.574  -20.928 0.0000000000
89466  33.520  -1.878  -20.496 0.0000000000
89467  33.318  -1.656  -21.352 0.0000000000
89471  32.643  -1.113  -23.899 0.0000000000
89472  32.796  -1.067  -23.479 0.0000000000
89473  32.901  -1.505  -23.110 0.0000000000
89474  33.115  -1.845  -22.231 0.0000000000
89475  33.003  -1.953  -22.680 0.0000000000
89476  33.096  -2.325  -22.301 0.0000000000
89477  32.883  -2.046  -23.198 0.0000000000
89478  32.287  -1.964  -24.893 0.0000000000
89479  32.688  -2.339  -24.183 0.0000000000
89480  32.594  -2.495  -24.716 0.0000000000
89481  32.907  -2.955  -24.515 0.0000000000
89482  32.507  -2.675  -25.236 0.0000000000
89503  31.592  -2.574  -26.733 0.0000000000
89504  32.260  -3.002  -26.232 0.0000000000
89505  32.033  -3.136  -26.760 0.0000000000
89506  32.477  -3.682  -26.704 0.0000000000
89507  31.877  -3.310  -27.231 0.0000000000
89508  30.922  -3.286  -28.420 0.0000000000
89509  31.654  -3.717  -28.072 0.0000000000
89510  31.499  -3.911  -28.487 0.0000000000
89511  32.085  -4.480  -28.502 0.0000000000
89516  29.299  -3.818  -30.004 0.0000000000
89517  29.528  -3.566  -29.662 0.0000000000
89518  30.107  -4.312  -29.793 0.0000000000
89519  30.925  -4.703  -29.493 0.0000000000
89520  30.632  -4.980  -29.792 0.0000000000
89521  31.167  -5.651  -29.676 0.0000000000
89522  30.373  -5.289  -30.002 0.0000000000
89523  29.098  -5.498  -30.631 0.0000000000
89524  29.838  -5.942  -30.398 0.0000000000
89525  29.486  -6.285  -30.505 0.0000000000
89526  29.991  -7.049  -30.381 0.0000000000
89527  29.157  -6.642  -30.656 0.0000000000
89528  28.996  -7.052  -30.726 0.0000000000
89529  28.493  -6.225  -30.894 0.0000000000
90093  27.409  -27.373  -16.801 0.0000000000
90094  25.398  -27.089  -16.085 0.0000000000
90095  26.392  -27.558  -16.114 0.0000000000
90099  22.347  -27.411  -17.715 0.0000000000
90100  22.831  -26.995  -17.090 0.0000000000
90101  22.483  -27.449  -17.059 0.0000000000
90102  22.599  -28.205  -15.757 0.0000000000
90103  23.070  -27.820  -15.875 0.0000000000
90104  23.432  -28.100  -15.308 0.0000000000
90105  24.385  -28.194  -14.999 0.0000000000
90109  21.655  -29.827  -15.173 0.0000000000
90111  21.833  -29.887  -14.564 0.0000000000
90115  21.144  -30.935  -15.125 0.0000000000
90116  22.213  -32.405  -16.280 0.0000000000
90117  21.710  -32.311  -15.923 0.0000000000
90118  22.444  -33.026  -15.968 0.0000000000
90119  22.777  -33.682  -15.547 0.0000000000
90120  23.413  -33.693  -15.775 0.0000000000
90121  24.771  -32.405  -17.399 0.0000000000
90122  24.060  -32.461  -17.198 0.0000000000
90123  25.141  -32.959  -16.813 0.0000000000
90124  27.192  -34.665  -14.685 0.0000000000
90125  26.052  -34.074  -15.387 0.0000000000
90126  26.442  -34.784  -14.639 0.0000000000
90127  25.741  -34.901  -14.599 0.0000000000
90128  26.870  -35.607  -13.939 0.0000000000
90203  22.611  -19.053  -25.701 0.0000000000
90204  22.816  -19.686  -25.569 0.0000000000
92471  32.387  -10.552  -28.689 0.0000000000
92472  32.013  -10.921  -28.589 0.0000000000
92473  31.397  -10.397  -29.062 0.0000000000
92474  30.460  -10.146  -29.476 0.0000000000
92475  29.525  -9.839  -29.896 0.0000000000
92476  28.714  -9.510  -30.261 0.0000000000
92477  29.128  -9.196  -30.248 0.0000000000
92478  28.819  -8.543  -30.555 0.0000000000
92479  28.467  -7.836  -30.874 0.0000000000
93404  32.371  1.011  -14.823 0.0000000000
93405  32.492  0.297  -15.006 0.0000000000
93406  32.642  -0.356  -15.394 0.0000000000
93407  32.739  -0.967  -15.715 0.0000000000
93408  32.965  -0.821  -16.036 0.0000000000
93409  33.273  -1.189  -16.760 0.0000000000
93410  33.519  -1.374  -17.491 0.0000000000
93457  23.689  -19.960  -22.999 0.0000000000
93458  24.191  -20.423  -22.481 0.0000000000
93459  23.530  -20.365  -22.785 0.0000000000
93460  23.439  -20.805  -22.472 0.0000000000
93461  23.275  -21.271  -22.298 0.0000000000
93462  23.163  -21.692  -22.122 0.0000000000
93463  23.005  -21.402  -22.714 0.0000000000
93464  22.881  -21.604  -23.130 0.0000000000
93465  22.916  -21.844  -23.581 0.0000000000
93466  23.096  -22.154  -23.965 0.0000000000
93467  22.971  -21.571  -24.103 0.0000000000
93468  23.070  -21.292  -24.615 0.0000000000
93469  23.191  -21.016  -25.151 0.0000000000
94536  39.097  -16.435  -21.516 0.0000000000
94537  26.773  -14.342  -28.005 0.0000000000
94538  27.771  -15.162  -27.468 0.0000000000
94539  26.409  -14.631  -27.756 0.0000000000
94540  26.134  -14.955  -27.421 0.0000000000
94541  25.872  -15.293  -27.143 0.0000000000
94542  25.676  -15.619  -26.845 0.0000000000
94543  24.640  -14.630  -27.185 0.0000000000
94544  23.606  -13.971  -27.171 0.0000000000
94545  22.718  -13.327  -27.184 0.0000000000
94546  22.170  -12.946  -27.199 0.0000000000
94547  22.244  -12.475  -27.413 0.0000000000
94548  21.834  -11.636  -27.603 0.0000000000
94549  21.566  -10.880  -27.831 0.0000000000
95367  37.432  -8.601  -22.841 0.0000000000
95368  37.376  -8.261  -23.456 0.0000000000
97344  33.543  -4.355  -22.033 0.0000000000
97345  33.600  -4.653  -21.915 0.0000000000
97346  33.721  -4.576  -22.787 0.0000000000
97347  33.836  -4.777  -23.560 0.0000000000
97348  33.964  -4.978  -24.315 0.0000000000
97349  34.106  -5.169  -25.011 0.0000000000
97350  33.857  -4.838  -25.104 0.0000000000
97351  33.635  -4.689  -25.848 0.0000000000
97352  33.307  -4.531  -26.463 0.0000000000
97507  23.953  -28.532  -20.343 0.0000000000
97508  23.477  -28.622  -19.890 0.0000000000
97509  24.177  -29.236  -20.080 0.0000000000
97510  24.511  -29.889  -19.794 0.0000000000
97511  24.932  -30.524  -19.390 0.0000000000
97512  25.325  -31.041  -18.892 0.0000000000
97513  25.994  -30.863  -19.078 0.0000000000
98852  37.025  -13.464  -24.674 0.0000000000
98853  36.794  -13.925  -24.617 0.0000000000
98854  36.203  -13.656  -25.222 0.0000000000
98855  35.392  -13.814  -25.686 0.0000000000
98856  34.498  -13.907  -26.115 0.0000000000
98857  30.468  -12.324  -28.506 0.0000000000
98858  31.199  -12.860  -27.996 0.0000000000
98859  30.004  -12.608  -28.491 0.0000000000
98860  29.484  -12.871  -28.595 0.0000000000
98861  29.123  -13.164  -28.548 0.0000000000
98862  28.701  -13.441  -28.487 0.0000000000
98863  27.896  -12.750  -28.949 0.0000000000
98864  26.699  -12.225  -29.211 0.0000000000
98865  25.525  -11.509  -29.295 0.0000000000
98866  24.717  -10.932  -29.288 0.0000000000
98867  25.305  -10.948  -29.500 0.0000000000
98868  25.039  -10.227  -29.757 0.0000000000
101662  31.003  -2.022  -14.989 0.0000000000
101663  31.422  -2.474  -15.566 0.0000000000
101664  32.985  -2.693  -17.453 0.0000000000
101665  32.737  -2.829  -17.334 0.0000000000
101666  33.030  -2.969  -18.107 0.0000000000
101667  32.977  -3.170  -18.598 0.0000000000
101668  32.926  -3.310  -19.125 0.0000000000
101669  32.953  -3.443  -19.614 0.0000000000
101670  33.045  -3.211  -19.914 0.0000000000
101671  33.082  -3.094  -20.649 0.0000000000
101672  33.107  -2.988  -21.427 0.0000000000
101814  26.884  -22.686  -20.637 0.0000000000
101815  27.992  -23.137  -20.636 0.0000000000
101816  27.594  -23.342  -20.261 0.0000000000
101817  28.351  -24.054  -19.937 0.0000000000
101818  29.163  -24.797  -19.636 0.0000000000
101819  29.855  -25.476  -19.282 0.0000000000
101820  28.688  -24.982  -19.304 0.0000000000
101821  28.309  -25.177  -18.977 0.0000000000
101822  27.808  -25.326  -18.620 0.0000000000
101823  27.472  -25.504  -18.249 0.0000000000
101824  26.805  -24.800  -18.513 0.0000000000
101825  25.838  -24.396  -18.534 0.0000000000
101826  24.765  -24.092  -18.756 0.0000000000
101827  22.813  -23.662  -21.424 0.0000000000
101828  22.859  -23.851  -20.792 0.0000000000
101829  22.832  -24.209  -21.299 0.0000000000
101830  22.891  -24.801  -21.209 0.0000000000
101831  22.946  -25.375  -21.142 0.0000000000
101832  23.067  -25.974  -21.081 0.0000000000
101833  23.315  -25.863  -21.612 0.0000000000
101834  23.937  -26.326  -21.973 0.0000000000
101835  24.710  -26.799  -22.231 0.0000000000
101836  25.550  -27.264  -22.298 0.0000000000
101837  25.121  -26.651  -22.617 0.0000000000
101838  25.579  -26.467  -23.002 0.0000000000
105049  35.884  -15.832  -24.231 0.0000000000
105050  36.511  -16.182  -23.631 0.0000000000
105051  35.607  -16.283  -24.119 0.0000000000
105052  35.360  -16.763  -24.022 0.0000000000
105053  35.193  -17.211  -23.906 0.0000000000
105054  31.573  -17.821  -25.103 0.0000000000
105055  32.707  -17.940  -24.631 0.0000000000
105056  32.411  -18.345  -24.490 0.0000000000
105057  33.204  -18.855  -23.844 0.0000000000
105058  33.923  -19.335  -23.167 0.0000000000
105060  33.660  -19.690  -23.025 0.0000000000
105061  33.453  -20.143  -22.824 0.0000000000
105064  32.108  -20.414  -23.138 0.0000000000
105065  31.033  -20.207  -23.538 0.0000000000
105066  29.876  -19.970  -23.859 0.0000000000
105067  24.967  -17.036  -25.450 0.0000000000
105068  25.765  -17.802  -25.065 0.0000000000
105069  24.766  -17.392  -25.096 0.0000000000
105070  24.546  -17.688  -24.754 0.0000000000
105071  24.426  -18.078  -24.417 0.0000000000
105072  24.227  -18.398  -24.099 0.0000000000
105073  23.646  -17.813  -24.571 0.0000000000
105074  23.060  -17.660  -24.782 0.0000000000
105075  22.635  -17.552  -25.168 0.0000000000
105076  22.430  -17.553  -25.477 0.0000000000
105077  22.368  -17.051  -25.624 0.0000000000
105078  22.084  -16.490  -26.094 0.0000000000
105079  21.911  -15.943  -26.515 0.0000000000
105081  21.126  -13.174  -27.730 0.0000000000
107533  39.132  -12.620  -22.626 0.0000000000
107535  38.806  -11.882  -23.445 0.0000000000
107536  38.453  -11.646  -24.095 0.0000000000
107537  37.737  -9.615  -25.429 0.0000000000
107538  37.682  -10.143  -25.500 0.0000000000
107539  37.274  -9.839  -26.037 0.0000000000
107540  36.731  -10.063  -26.564 0.0000000000
107541  36.100  -10.275  -27.047 0.0000000000
107542  35.363  -10.434  -27.503 0.0000000000
107543  35.498  -9.916  -27.560 0.0000000000
107544  34.974  -9.548  -28.001 0.0000000000
107545  34.344  -9.159  -28.381 0.0000000000
113469  30.753  -6.523  -17.213 0.0000000000
113472  30.818  -3.725  -15.965 0.0000000000
113473  30.587  -3.809  -15.828 0.0000000000
113474  31.047  -4.067  -16.484 0.0000000000
113475  31.278  -4.339  -17.057 0.0000000000
113476  31.551  -4.632  -17.678 0.0000000000
113477  33.615  -5.760  -21.380 0.0000000000
113478  33.197  -5.729  -20.504 0.0000000000
113479  33.666  -6.067  -21.362 0.0000000000
113480  33.592  -6.295  -21.066 0.0000000000
113481  33.666  -6.523  -20.940 0.0000000000
113482  33.796  -6.760  -20.805 0.0000000000
113483  34.388  -6.798  -21.661 0.0000000000
113484  34.935  -6.960  -22.293 0.0000000000
113485  35.564  -7.142  -22.885 0.0000000000
113486  36.062  -7.237  -23.399 0.0000000000
113487  35.859  -7.009  -23.707 0.0000000000
113488  36.072  -6.868  -24.553 0.0000000000
113489  36.183  -6.737  -25.371 0.0000000000
113490  34.557  -5.838  -27.337 0.0000000000
113491  34.990  -6.096  -27.228 0.0000000000
113492  34.529  -6.110  -27.767 0.0000000000
113493  34.421  -6.467  -28.114 0.0000000000
113494  34.245  -6.915  -28.441 0.0000000000
113495  33.990  -7.374  -28.690 0.0000000000
113496  33.605  -6.952  -28.826 0.0000000000
113497  32.945  -6.938  -29.165 0.0000000000
113498  32.250  -6.833  -29.448 0.0000000000
113579  33.733  -0.232  -21.248 0.0000000000
113580  33.711  -0.553  -20.807 0.0000000000
113581  33.694  -0.894  -20.469 0.0000000000
113582  33.573  -0.703  -21.326 0.0000000000
113583  33.456  -0.862  -21.773 0.0000000000
113584  33.290  -0.971  -22.119 0.0000000000
113588  32.255  -0.566  -24.679 0.0000000000
113589  32.444  -1.197  -24.263 0.0000000000
113590  32.595  -1.721  -23.979 0.0000000000
113591  32.231  -1.327  -24.681 0.0000000000
113592  31.976  -1.381  -25.201 0.0000000000
113593  31.768  -1.462  -25.556 0.0000000000
113615  28.376  -3.285  -30.082 0.0000000000
113616  29.016  -4.081  -30.249 0.0000000000
113617  29.560  -4.851  -30.299 0.0000000000
113618  28.796  -4.378  -30.473 0.0000000000
113619  28.466  -4.678  -30.704 0.0000000000
113620  28.228  -4.975  -30.883 0.0000000000
113622  27.464  -4.526  -31.077 0.0000000000
113857  23.855  -36.440  -13.158 0.0000000000
113959  25.775  -26.186  -16.955 0.0000000000
113960  26.399  -26.794  -16.655 0.0000000000
113961  25.384  -26.361  -16.652 0.0000000000
113962  24.903  -26.571  -16.405 0.0000000000
113963  24.406  -26.758  -16.222 0.0000000000
113964  22.093  -28.630  -17.650 0.0000000000
113965  22.187  -28.019  -17.021 0.0000000000
113966  21.995  -28.627  -17.059 0.0000000000
113967  22.019  -28.637  -16.417 0.0000000000
113968  22.178  -28.697  -15.790 0.0000000000
113969  22.514  -28.845  -15.096 0.0000000000
113970  21.867  -29.246  -15.807 0.0000000000
113971  21.583  -29.811  -15.786 0.0000000000
113972  21.400  -30.383  -15.743 0.0000000000
113973  21.257  -31.003  -15.701 0.0000000000
113974  21.538  -31.063  -16.209 0.0000000000
113975  22.019  -31.771  -16.546 0.0000000000
113976  22.768  -32.478  -16.647 0.0000000000
113977  27.024  -33.176  -16.269 0.0000000000
113978  26.320  -33.359  -16.205 0.0000000000
113979  27.533  -33.812  -15.461 0.0000000000
113980  27.954  -34.511  -14.751 0.0000000000
113982  28.672  -36.187  -13.373 0.0000000000
115925  34.766  -12.222  -26.981 0.0000000000
115926  34.456  -12.644  -26.893 0.0000000000
115927  33.909  -12.258  -27.351 0.0000000000
115928  32.959  -12.225  -27.720 0.0000000000
115929  31.951  -12.124  -28.120 0.0000000000
115930  31.682  -11.284  -28.566 0.0000000000
115931  31.342  -11.652  -28.585 0.0000000000
115932  30.853  -11.974  -28.567 0.0000000000
115933  29.734  -11.690  -29.041 0.0000000000
115934  28.731  -11.381  -29.459 0.0000000000
115935  27.742  -10.976  -29.856 0.0000000000
115936  26.884  -10.559  -30.107 0.0000000000
115937  27.394  -10.343  -30.187 0.0000000000
115938  27.109  -9.705  -30.459 0.0000000000
115939  26.819  -8.987  -30.803 0.0000000000
115940  27.933  -9.141  -30.597 0.0000000000
115941  27.228  -8.760  -30.885 0.0000000000
115942  26.566  -8.315  -31.135 0.0000000000
118109  31.568  -1.299  -14.848 0.0000000000
118111  32.241  -1.735  -15.620 0.0000000000
118112  32.612  -2.096  -16.214 0.0000000000
118113  32.878  -1.523  -16.096 0.0000000000
118114  32.952  -1.957  -16.509 0.0000000000
118115  32.983  -2.388  -16.929 0.0000000000
118116  33.322  -2.555  -17.835 0.0000000000
118117  33.489  -2.588  -18.716 0.0000000000
118118  33.504  -2.505  -19.589 0.0000000000
118225  27.404  -21.074  -22.460 0.0000000000
118226  28.178  -21.708  -22.068 0.0000000000
118227  27.044  -21.279  -22.107 0.0000000000
118228  26.734  -21.492  -21.723 0.0000000000
118229  26.480  -21.808  -21.322 0.0000000000
118230  24.770  -20.939  -21.942 0.0000000000
118231  25.426  -21.479  -21.394 0.0000000000
118232  26.130  -22.038  -21.012 0.0000000000
118233  25.859  -22.331  -20.651 0.0000000000
118234  25.505  -22.591  -20.305 0.0000000000
118235  25.146  -22.805  -19.961 0.0000000000
118236  24.737  -23.081  -19.740 0.0000000000
118237  24.231  -22.683  -20.259 0.0000000000
118238  23.572  -22.730  -20.627 0.0000000000
118239  23.083  -22.892  -21.063 0.0000000000
118240  23.043  -22.142  -21.925 0.0000000000
118241  22.900  -22.630  -21.716 0.0000000000
118242  22.855  -23.141  -21.523 0.0000000000
118243  22.860  -23.486  -22.060 0.0000000000
118244  23.064  -23.844  -22.582 0.0000000000
118245  23.489  -24.265  -23.027 0.0000000000
118246  24.077  -24.695  -23.347 0.0000000000
118247  23.780  -24.060  -23.555 0.0000000000
118248  24.053  -23.825  -24.047 0.0000000000
118249  24.362  -23.597  -24.532 0.0000000000
118250  23.454  -22.527  -24.378 0.0000000000
118251  23.999  -22.925  -24.739 0.0000000000
118252  24.700  -23.363  -24.995 0.0000000000
120745  31.823  -15.770  -26.126 0.0000000000
120746  32.665  -16.295  -25.530 0.0000000000
120747  31.484  -16.162  -26.070 0.0000000000
120748  31.183  -16.506  -25.933 0.0000000000
120749  30.893  -16.875  -25.842 0.0000000000
120750  28.756  -15.957  -26.893 0.0000000000
120751  29.616  -16.628  -26.385 0.0000000000
120752  30.619  -17.241  -25.709 0.0000000000
120753  30.383  -17.646  -25.540 0.0000000000
120754  29.996  -17.979  -25.420 0.0000000000
120755  29.749  -18.364  -25.193 0.0000000000
120756  29.544  -18.720  -24.932 0.0000000000
120757  28.595  -18.065  -25.495 0.0000000000
120758  27.421  -17.648  -25.677 0.0000000000
120759  26.280  -17.187  -25.766 0.0000000000
120760  25.430  -15.960  -26.461 0.0000000000
120761  25.307  -16.346  -26.143 0.0000000000
120762  25.192  -16.705  -25.796 0.0000000000
120763  24.142  -16.181  -25.823 0.0000000000
120764  23.384  -15.850  -25.878 0.0000000000
120765  22.657  -15.469  -26.088 0.0000000000
120766  22.201  -15.271  -26.311 0.0000000000
120767  22.244  -14.722  -26.470 0.0000000000
120768  21.853  -13.914  -26.930 0.0000000000
120769  21.402  -13.116  -27.242 0.0000000000
120770  21.647  -12.588  -27.288 0.0000000000
120771  21.306  -12.453  -27.357 0.0000000000
120772  21.046  -12.425  -27.509 0.0000000000
120774  20.773  -11.291  -28.196 0.0000000000
122677  38.788  -10.784  -22.734 0.0000000000
122678  38.592  -10.383  -22.696 0.0000000000
122680  38.249  -9.745  -24.155 0.0000000000
122681  38.049  -9.235  -23.168 0.0000000000
122682  38.100  -9.330  -23.995 0.0000000000
122683  38.000  -9.459  -24.773 0.0000000000
122684  37.654  -9.143  -25.356 0.0000000000
122685  37.289  -8.850  -25.882 0.0000000000
122686  36.835  -8.566  -26.465 0.0000000000
127296  32.415  -4.276  -18.878 0.0000000000
127297  32.292  -4.488  -18.674 0.0000000000
127298  32.682  -4.558  -19.466 0.0000000000
127299  33.027  -4.887  -20.130 0.0000000000
127300  33.349  -5.247  -20.841 0.0000000000
127301  33.586  -4.948  -21.775 0.0000000000
127302  33.623  -5.252  -21.636 0.0000000000
127303  33.626  -5.520  -21.558 0.0000000000
127304  33.923  -5.790  -22.307 0.0000000000
127305  34.290  -5.992  -23.064 0.0000000000
127306  34.712  -6.135  -23.775 0.0000000000
127307  35.100  -6.212  -24.447 0.0000000000
127308  34.838  -5.979  -24.628 0.0000000000
127309  34.857  -5.833  -25.431 0.0000000000
127310  34.747  -5.706  -26.161 0.0000000000
127311  34.254  -5.324  -25.630 0.0000000000
127312  34.410  -5.447  -26.253 0.0000000000
127313  34.458  -5.622  -26.786 0.0000000000
127314  34.094  -5.541  -27.389 0.0000000000
127315  33.654  -5.463  -27.990 0.0000000000
127316  33.107  -5.399  -28.400 0.0000000000
127598  22.366  -34.955  -14.242 0.0000000000
127599  22.954  -35.041  -14.366 0.0000000000
127600  23.581  -35.064  -14.441 0.0000000000
127675  22.681  -26.268  -18.458 0.0000000000
127676  22.868  -26.385  -17.806 0.0000000000
127677  22.488  -26.810  -18.495 0.0000000000
127678  22.388  -27.387  -18.393 0.0000000000
127679  22.306  -27.984  -18.269 0.0000000000
127680  22.970  -28.608  -19.382 0.0000000000
127681  22.580  -28.711  -18.811 0.0000000000
127682  22.288  -28.675  -18.260 0.0000000000
127683  22.273  -29.306  -18.157 0.0000000000
127684  22.358  -29.968  -18.052 0.0000000000
127685  22.544  -30.637  -17.882 0.0000000000
127686  22.776  -31.226  -17.634 0.0000000000
127687  23.378  -31.315  -18.031 0.0000000000
127688  24.384  -31.855  -17.894 0.0000000000
127689  25.471  -32.288  -17.528 0.0000000000
127690  25.738  -31.583  -18.324 0.0000000000
127691  26.153  -32.079  -17.655 0.0000000000
127692  26.584  -32.622  -16.977 0.0000000000
127693  27.781  -32.971  -16.299 0.0000000000
130607  39.078  -14.561  -22.198 0.0000000000
130608  38.931  -15.093  -22.223 0.0000000000
130609  38.505  -14.807  -22.721 0.0000000000
130610  37.776  -15.046  -23.270 0.0000000000
130611  36.993  -15.236  -23.835 0.0000000000
130612  36.625  -14.409  -24.494 0.0000000000
130613  36.359  -14.896  -24.392 0.0000000000
130614  36.105  -15.375  -24.330 0.0000000000
130615  35.297  -15.471  -24.782 0.0000000000
130616  34.283  -15.497  -25.241 0.0000000000
130617  33.232  -15.476  -25.689 0.0000000000
130618  34.181  -13.054  -26.772 0.0000000000
130619  33.894  -13.506  -26.614 0.0000000000
130620  33.540  -13.903  -26.552 0.0000000000
130621  31.863  -13.364  -27.513 0.0000000000
130622  32.522  -13.834  -26.998 0.0000000000
130623  33.180  -14.269  -26.477 0.0000000000
130624  32.839  -14.649  -26.419 0.0000000000
130625  32.553  -15.060  -26.282 0.0000000000
130626  32.123  -15.407  -26.224 0.0000000000
130627  31.036  -15.252  -26.811 0.0000000000
130628  29.820  -14.962  -27.319 0.0000000000
130629  28.480  -14.552  -27.806 0.0000000000
130630  28.090  -13.629  -28.465 0.0000000000
130631  27.704  -13.873  -28.277 0.0000000000
130632  27.220  -14.091  -28.142 0.0000000000
130633  25.888  -13.458  -28.316 0.0000000000
130634  24.702  -12.754  -28.326 0.0000000000
130635  23.613  -11.953  -28.282 0.0000000000
130636  22.850  -11.329  -28.168 0.0000000000
130637  23.175  -11.083  -28.421 0.0000000000
130638  22.937  -10.421  -28.639 0.0000000000
130639  22.796  -9.863  -28.925 0.0000000000
130640  23.976  -10.361  -29.262 0.0000000000
130641  23.270  -9.764  -29.277 0.0000000000
130646  26.071  -10.119  -30.230 0.0000000000
136538  30.225  -2.892  -14.913 0.0000000000
136541  30.656  -3.334  -15.492 0.0000000000
136542  31.085  -3.612  -16.117 0.0000000000
136543  31.528  -3.839  -16.779 0.0000000000
136544  31.942  -4.004  -17.415 0.0000000000
136545  31.633  -1.840  -15.244 0.0000000000
136546  31.722  -2.363  -15.691 0.0000000000
136547  31.819  -2.824  -16.214 0.0000000000
136548  32.443  -2.969  -17.078 0.0000000000
136549  32.198  -3.111  -16.902 0.0000000000
136550  31.863  -3.222  -16.682 0.0000000000
136551  31.967  -3.572  -17.123 0.0000000000
136552  32.171  -3.873  -17.734 0.0000000000
136553  32.229  -4.023  -18.204 0.0000000000
136554  32.537  -4.071  -18.980 0.0000000000
136555  32.826  -4.109  -19.769 0.0000000000
136556  33.081  -4.125  -20.537 0.0000000000
136557  33.015  -3.605  -20.101 0.0000000000
136558  33.138  -3.834  -20.695 0.0000000000
136559  33.310  -4.094  -21.345 0.0000000000
136560  33.465  -4.017  -22.165 0.0000000000
136561  33.477  -3.907  -23.039 0.0000000000
136562  33.351  -3.768  -23.925 0.0000000000
136863  29.142  -23.590  -20.626 0.0000000000
136864  30.243  -23.953  -20.477 0.0000000000
136881  27.245  -26.504  -17.326 0.0000000000
136882  27.041  -25.661  -17.923 0.0000000000
136883  26.714  -25.902  -17.561 0.0000000000
136884  26.238  -25.991  -17.244 0.0000000000
136885  25.216  -25.628  -17.312 0.0000000000
136886  24.214  -25.433  -17.562 0.0000000000
136887  23.513  -25.525  -17.998 0.0000000000
136888  24.510  -23.389  -19.436 0.0000000000
136889  24.233  -23.710  -19.272 0.0000000000
136890  23.984  -24.088  -19.077 0.0000000000
136891  23.027  -24.021  -20.176 0.0000000000
136892  23.331  -24.219  -19.548 0.0000000000
136893  23.714  -24.472  -18.906 0.0000000000
136894  23.380  -24.898  -18.812 0.0000000000
136895  23.179  -25.322  -18.632 0.0000000000
136896  22.894  -25.770  -18.552 0.0000000000
136897  22.640  -26.191  -19.120 0.0000000000
136898  22.717  -26.702  -19.667 0.0000000000
136899  23.051  -27.250  -20.228 0.0000000000
136900  23.185  -26.584  -20.908 0.0000000000
136901  23.412  -27.177  -20.750 0.0000000000
136902  23.662  -27.835  -20.581 0.0000000000
136903  24.422  -28.399  -20.760 0.0000000000
136904  25.325  -28.917  -20.810 0.0000000000
143203  32.889  1.122  -15.482 0.0000000000
143204  33.234  0.613  -16.041 0.0000000000
143483  38.600  -16.124  -22.133 0.0000000000
143484  38.458  -16.684  -21.987 0.0000000000
143485  37.159  -16.536  -23.047 0.0000000000
143486  37.735  -16.883  -22.477 0.0000000000
143487  38.277  -17.182  -21.886 0.0000000000
143488  38.102  -17.711  -21.766 0.0000000000
143489  37.974  -18.218  -21.661 0.0000000000
143490  37.860  -18.757  -21.482 0.0000000000
143491  33.451  -16.736  -24.981 0.0000000000
143492  34.229  -17.226  -24.396 0.0000000000
143493  34.912  -17.643  -23.770 0.0000000000
143494  33.700  -18.028  -24.143 0.0000000000
143495  34.671  -18.068  -23.664 0.0000000000
143496  35.592  -18.047  -23.207 0.0000000000
143497  36.291  -18.463  -22.652 0.0000000000
143518  29.242  -19.014  -24.684 0.0000000000
143519  29.018  -19.369  -24.347 0.0000000000
143520  28.640  -19.610  -24.099 0.0000000000
143521  26.668  -18.552  -24.698 0.0000000000
143522  27.543  -19.227  -24.265 0.0000000000
143523  28.454  -19.950  -23.788 0.0000000000
143524  28.286  -20.253  -23.432 0.0000000000
143525  27.953  -20.527  -23.107 0.0000000000
143526  27.619  -20.778  -22.810 0.0000000000
143527  26.601  -20.393  -22.863 0.0000000000
143528  25.515  -20.007  -22.929 0.0000000000
143529  24.533  -19.719  -23.052 0.0000000000
143530  24.159  -18.848  -23.780 0.0000000000
143531  23.868  -19.179  -23.500 0.0000000000
143532  23.803  -19.562  -23.237 0.0000000000
143533  23.353  -19.535  -23.552 0.0000000000
143534  22.971  -19.569  -23.917 0.0000000000
143535  22.791  -19.694  -24.253 0.0000000000
143536  22.740  -19.833  -24.724 0.0000000000
143537  22.650  -19.264  -24.876 0.0000000000
143538  22.566  -18.872  -25.352 0.0000000000
143539  22.462  -18.437  -25.914 0.0000000000
143540  22.314  -17.663  -25.784 0.0000000000
143541  22.284  -17.828  -26.083 0.0000000000
143542  22.427  -18.025  -26.416 0.0000000000
143546  21.920  -15.205  -26.529 0.0000000000
143547  21.757  -15.246  -26.756 0.0000000000
143548  21.696  -15.310  -27.042 0.0000000000
143549  21.350  -13.935  -27.697 0.0000000000
143564  22.236  -10.825  -28.082 0.0000000000
143565  21.789  -10.461  -28.051 0.0000000000
143566  21.441  -10.228  -28.097 0.0000000000
148490  39.102  -14.086  -22.300 0.0000000000
148491  38.726  -13.840  -22.944 0.0000000000
148492  38.243  -13.558  -23.571 0.0000000000
148493  38.789  -12.836  -23.195 0.0000000000
148494  38.330  -13.059  -23.722 0.0000000000
148495  37.750  -13.273  -24.209 0.0000000000
148496  37.131  -12.962  -24.839 0.0000000000
148497  36.612  -12.702  -25.423 0.0000000000
148498  36.002  -12.408  -26.039 0.0000000000
148500  38.446  -11.159  -24.113 0.0000000000
148501  38.030  -11.384  -24.734 0.0000000000
148502  37.647  -10.611  -25.407 0.0000000000
148503  37.563  -11.117  -25.369 0.0000000000
148504  37.473  -11.613  -25.290 0.0000000000
148505  36.831  -11.810  -25.730 0.0000000000
148506  36.127  -11.996  -26.192 0.0000000000
148507  35.401  -12.155  -26.648 0.0000000000
148508  34.933  -11.790  -27.132 0.0000000000
148509  34.381  -11.446  -27.654 0.0000000000
148510  33.780  -11.035  -28.035 0.0000000000
148511  34.634  -10.525  -27.844 0.0000000000
148512  33.907  -10.578  -28.139 0.0000000000
148513  33.195  -10.592  -28.431 0.0000000000
148514  32.531  -10.105  -28.826 0.0000000000
148515  31.974  -9.611  -29.185 0.0000000000
148516  31.410  -9.032  -29.577 0.0000000000
160389  30.340  -3.869  -15.696 0.0000000000
160390  30.064  -3.920  -15.598 0.0000000000
160391  29.779  -3.993  -15.459 0.0000000000
160393  30.300  -4.724  -16.650 0.0000000000
160394  30.618  -5.235  -17.290 0.0000000000
160395  32.195  -4.667  -18.610 0.0000000000
160396  32.054  -4.832  -18.440 0.0000000000
160397  31.856  -5.047  -18.289 0.0000000000
160398  32.739  -5.652  -19.676 0.0000000000
160399  32.251  -5.508  -18.892 0.0000000000
160400  31.699  -5.296  -18.201 0.0000000000
160401  31.485  -5.516  -18.127 0.0000000000
160402  31.290  -5.633  -17.953 0.0000000000
160403  31.096  -5.808  -17.850 0.0000000000
160404  31.709  -6.323  -18.383 0.0000000000
160406  33.163  -7.163  -19.491 0.0000000000
160407  33.826  -6.999  -20.550 0.0000000000
160408  33.827  -7.250  -20.326 0.0000000000
160409  33.829  -7.487  -20.003 0.0000000000
160411  35.285  -7.998  -21.068 0.0000000000
160412  35.935  -8.205  -21.464 0.0000000000
160413  36.458  -8.085  -22.223 0.0000000000
160414  36.890  -7.984  -23.030 0.0000000000
160415  37.208  -7.920  -23.903 0.0000000000
160416  36.577  -7.386  -23.865 0.0000000000
160417  36.922  -7.615  -24.275 0.0000000000
160418  37.232  -7.910  -24.760 0.0000000000
160419  37.128  -7.963  -25.540 0.0000000000
160420  36.894  -8.070  -26.261 0.0000000000
160421  36.482  -8.207  -26.875 0.0000000000
160422  35.476  -6.312  -25.050 0.0000000000
160423  35.782  -6.462  -25.652 0.0000000000
160424  36.028  -6.701  -26.136 0.0000000000
160425  35.351  -6.401  -27.010 0.0000000000
160426  35.768  -6.713  -26.811 0.0000000000
160427  36.143  -7.005  -26.581 0.0000000000
160428  36.146  -7.415  -26.876 0.0000000000
160429  36.114  -7.877  -27.181 0.0000000000
160430  35.923  -8.385  -27.407 0.0000000000
160431  35.308  -8.549  -27.866 0.0000000000
160432  34.622  -8.677  -28.276 0.0000000000
160433  33.926  -8.758  -28.642 0.0000000000
160434  33.804  -7.836  -28.872 0.0000000000
160435  33.482  -8.341  -28.963 0.0000000000
160436  33.161  -8.783  -28.999 0.0000000000
160437  32.379  -8.744  -29.325 0.0000000000
160438  31.699  -8.608  -29.628 0.0000000000
160439  31.031  -8.459  -29.890 0.0000000000
160518  33.249  1.273  -16.151 0.0000000000
160519  33.370  0.745  -16.411 0.0000000000
160520  33.500  0.202  -16.754 0.0000000000
160596  33.860  0.176  -20.505 0.0000000000
160597  33.857  0.168  -19.595 0.0000000000
160598  33.785  0.328  -18.608 0.0000000000
160600  33.716  -0.152  -17.663 0.0000000000
160601  33.605  -0.366  -17.236 0.0000000000
160602  33.660  -0.805  -17.658 0.0000000000
160603  33.704  -1.210  -17.991 0.0000000000
160604  33.693  -1.501  -18.545 0.0000000000
160605  33.731  -1.210  -20.029 0.0000000000
160606  33.718  -1.504  -19.605 0.0000000000
160607  33.704  -1.812  -19.111 0.0000000000
160608  33.661  -2.040  -19.585 0.0000000000
160609  33.564  -2.189  -20.084 0.0000000000
160610  33.398  -2.313  -20.425 0.0000000000
160612  33.155  -0.602  -23.010 0.0000000000
160613  33.181  -1.022  -22.584 0.0000000000
160614  32.814  -0.626  -23.902 0.0000000000
160615  32.967  -1.012  -23.032 0.0000000000
160616  33.151  -1.392  -22.171 0.0000000000
160617  33.229  -1.765  -21.781 0.0000000000
160618  33.292  -2.100  -21.339 0.0000000000
160619  33.302  -2.443  -20.853 0.0000000000
160620  33.189  -2.521  -21.372 0.0000000000
160621  33.127  -2.635  -21.859 0.0000000000
160622  33.101  -2.837  -22.367 0.0000000000
160623  32.830  -2.233  -23.619 0.0000000000
160624  32.983  -2.632  -23.391 0.0000000000
160625  33.139  -3.022  -22.973 0.0000000000
160626  33.199  -3.212  -23.596 0.0000000000
160627  33.167  -3.390  -24.254 0.0000000000
160628  33.088  -3.557  -24.835 0.0000000000
160649  31.570  -1.623  -25.995 0.0000000000
160651  31.259  -1.735  -26.337 0.0000000000
160652  31.959  -2.277  -25.865 0.0000000000
160653  32.374  -2.804  -25.802 0.0000000000
160654  32.716  -3.303  -25.589 0.0000000000
160655  33.042  -3.773  -25.509 0.0000000000
160656  32.976  -3.959  -26.073 0.0000000000
160657  32.937  -4.147  -26.588 0.0000000000
160658  32.873  -4.333  -27.101 0.0000000000
160659  31.799  -3.536  -27.626 0.0000000000
160660  32.331  -4.074  -27.621 0.0000000000
160661  32.816  -4.522  -27.645 0.0000000000
160662  32.717  -4.736  -28.038 0.0000000000
160663  32.597  -4.977  -28.475 0.0000000000
160664  32.416  -5.238  -28.821 0.0000000000
160669  29.734  -3.331  -29.343 0.0000000000
160670  30.633  -3.786  -29.173 0.0000000000
160671  31.196  -4.394  -29.239 0.0000000000
160672  31.695  -5.010  -29.175 0.0000000000
160673  32.213  -5.556  -29.116 0.0000000000
160674  31.926  -5.913  -29.377 0.0000000000
160675  31.721  -6.303  -29.592 0.0000000000
160676  31.414  -6.662  -29.754 0.0000000000
160677  30.115  -5.626  -30.214 0.0000000000
160678  30.595  -6.367  -30.070 0.0000000000
160679  31.069  -7.030  -29.956 0.0000000000
160680  30.802  -7.380  -30.108 0.0000000000
160681  30.488  -7.774  -30.212 0.0000000000
160682  30.212  -8.194  -30.204 0.0000000000
160683  29.479  -7.864  -30.503 0.0000000000
160684  28.782  -7.472  -30.789 0.0000000000
160685  28.099  -7.059  -31.043 0.0000000000
160686  27.793  -5.787  -31.108 0.0000000000
160687  27.640  -6.183  -31.192 0.0000000000
160688  27.426  -6.625  -31.272 0.0000000000
161368  23.165  -26.544  -17.174 0.0000000000
161369  23.526  -26.750  -16.598 0.0000000000
161370  23.953  -27.066  -16.082 0.0000000000
161371  22.718  -27.601  -16.471 0.0000000000
161372  23.484  -27.390  -15.976 0.0000000000
161373  24.375  -27.465  -15.659 0.0000000000
161380  22.778  -29.044  -14.562 0.0000000000
161389  21.283  -31.611  -15.625 0.0000000000
161390  21.279  -32.221  -15.466 0.0000000000
161391  21.349  -32.826  -15.299 0.0000000000
161392  22.177  -33.621  -15.313 0.0000000000
161393  23.078  -34.343  -15.068 0.0000000000
161394  24.321  -35.041  -14.499 0.0000000000
161395  23.025  -31.861  -17.322 0.0000000000
161396  23.395  -32.480  -16.945 0.0000000000
161397  23.798  -33.094  -16.490 0.0000000000
161398  25.590  -33.495  -16.129 0.0000000000
161399  24.775  -33.581  -16.092 0.0000000000
161400  24.131  -33.644  -15.949 0.0000000000
161401  24.517  -34.278  -15.285 0.0000000000
161402  25.046  -35.000  -14.540 0.0000000000
161403  25.391  -35.743  -13.855 0.0000000000
161404  26.484  -36.501  -13.205 0.0000000000
161494  22.825  -20.093  -24.982 0.0000000000
161495  22.975  -20.389  -25.236 0.0000000000
161496  23.346  -20.707  -25.670 0.0000000000
161498  23.513  -20.369  -26.240 0.0000000000
