#!ascii label  , from subject fsaverage vox2ras=TkReg
1871
74  58.780  -12.115  17.915 0.0000000000
194  63.787  -12.854  20.858 0.0000000000
195  57.704  -20.472  20.699 0.0000000000
501  57.029  -8.640  18.578 0.0000000000
510  56.510  -5.988  11.198 0.0000000000
511  61.943  -5.563  11.639 0.0000000000
674  62.984  -10.919  24.678 0.0000000000
675  61.308  -16.121  24.087 0.0000000000
944  54.659  -12.657  17.838 0.0000000000
946  54.882  -17.349  18.792 0.0000000000
947  56.163  -23.596  25.037 0.0000000000
948  53.525  -23.813  22.647 0.0000000000
1119  55.665  0.271  10.596 0.0000000000
1121  60.098  0.195  14.298 0.0000000000
1122  59.836  -0.901  16.819 0.0000000000
1123  59.898  -7.370  14.841 0.0000000000
1502  62.500  -12.924  18.345 0.0000000000
1503  59.049  -17.614  18.359 0.0000000000
1504  61.968  -17.490  20.420 0.0000000000
1505  59.028  -20.030  23.696 0.0000000000
1951  54.567  -20.997  18.343 0.0000000000
2173  54.426  -10.425  12.951 0.0000000000
2174  58.413  -10.451  12.550 0.0000000000
2175  57.576  0.362  13.053 0.0000000000
2176  60.255  -5.643  10.226 0.0000000000
2177  62.615  -10.036  12.654 0.0000000000
2178  64.393  -9.194  15.983 0.0000000000
2179  63.155  -8.383  20.568 0.0000000000
2864  56.688  -12.244  17.894 0.0000000000
2865  54.784  -14.673  19.723 0.0000000000
2866  56.904  -14.743  19.613 0.0000000000
2868  54.808  -25.025  26.200 0.0000000000
3039  57.433  2.658  8.824 0.0000000000
3043  58.707  -1.129  18.302 0.0000000000
3464  63.622  -13.190  19.271 0.0000000000
3465  62.354  -15.663  19.663 0.0000000000
3466  63.029  -15.424  21.041 0.0000000000
3468  60.296  -18.321  23.693 0.0000000000
3469  58.413  -19.438  25.496 0.0000000000
3470  57.773  -21.547  25.863 0.0000000000
4282  58.739  -19.280  18.645 0.0000000000
4283  57.041  -19.538  17.413 0.0000000000
4284  56.227  -20.534  19.377 0.0000000000
4285  51.695  -24.861  23.757 0.0000000000
4286  51.883  -23.886  21.593 0.0000000000
4795  54.758  -5.889  11.461 0.0000000000
4796  53.924  -8.406  11.783 0.0000000000
4797  55.751  -8.548  11.616 0.0000000000
4798  56.353  -10.520  12.697 0.0000000000
4799  57.551  -8.531  11.282 0.0000000000
4801  58.219  3.327  12.125 0.0000000000
4802  58.935  3.526  13.655 0.0000000000
4803  60.934  -2.568  12.391 0.0000000000
4804  60.208  -2.432  11.609 0.0000000000
4805  61.559  -5.356  10.589 0.0000000000
4806  61.650  -8.185  10.668 0.0000000000
4807  62.958  -7.986  11.496 0.0000000000
4808  63.973  -9.722  13.830 0.0000000000
4809  63.430  -7.969  13.284 0.0000000000
4810  58.358  -8.070  16.795 0.0000000000
4811  61.718  -8.641  17.634 0.0000000000
4812  60.312  -9.330  19.674 0.0000000000
4813  62.188  -8.272  22.757 0.0000000000
5822  63.353  -12.041  22.714 0.0000000000
5823  62.758  -14.723  22.846 0.0000000000
5824  62.052  -13.622  24.507 0.0000000000
6310  52.729  -14.874  19.736 0.0000000000
6311  52.827  -17.350  19.279 0.0000000000
6312  52.638  -19.517  17.229 0.0000000000
6313  56.775  -21.970  23.017 0.0000000000
6314  55.453  -21.917  21.969 0.0000000000
6315  54.883  -23.645  23.936 0.0000000000
6316  53.241  -24.723  25.250 0.0000000000
6317  51.683  -26.052  26.548 0.0000000000
6622  54.027  -2.550  10.938 0.0000000000
6623  55.366  -2.891  11.953 0.0000000000
6625  59.628  3.503  15.369 0.0000000000
6626  60.067  3.098  17.023 0.0000000000
6627  60.414  -0.173  15.556 0.0000000000
6628  60.541  -3.187  13.761 0.0000000000
6629  61.246  -6.388  13.171 0.0000000000
6630  59.142  -3.861  14.891 0.0000000000
6631  57.396  -4.502  16.025 0.0000000000
6632  56.009  -5.133  17.638 0.0000000000
7346  60.786  -12.230  17.952 0.0000000000
7347  59.001  -15.031  19.391 0.0000000000
7348  60.842  -15.434  19.161 0.0000000000
7349  60.866  -17.676  19.002 0.0000000000
7350  60.018  -19.163  20.107 0.0000000000
7351  62.067  -16.987  22.367 0.0000000000
7352  60.798  -18.910  21.829 0.0000000000
7353  58.880  -20.462  22.075 0.0000000000
7354  57.607  -21.853  24.194 0.0000000000
7355  57.458  -23.825  26.122 0.0000000000
8449  56.995  -17.524  18.386 0.0000000000
8450  54.917  -19.511  17.047 0.0000000000
8451  52.667  -21.569  17.794 0.0000000000
8452  53.847  -21.934  21.024 0.0000000000
8453  52.274  -22.264  20.143 0.0000000000
9084  54.762  -11.953  14.967 0.0000000000
9085  56.745  -11.716  14.987 0.0000000000
9086  58.797  -11.414  15.034 0.0000000000
9087  57.719  3.043  10.553 0.0000000000
9088  56.308  0.440  12.041 0.0000000000
9089  57.072  -2.987  12.127 0.0000000000
9090  59.029  0.323  13.538 0.0000000000
9091  58.805  -2.742  11.695 0.0000000000
9092  58.373  -5.874  10.639 0.0000000000
9093  59.653  -8.387  10.834 0.0000000000
9094  60.659  -10.229  12.322 0.0000000000
9095  61.060  -11.189  14.926 0.0000000000
9096  62.918  -11.235  15.411 0.0000000000
9097  64.158  -11.280  16.773 0.0000000000
9098  64.534  -10.828  18.674 0.0000000000
9099  62.912  -8.050  15.460 0.0000000000
9100  64.032  -8.655  18.389 0.0000000000
9101  64.270  -10.072  20.843 0.0000000000
9102  63.889  -9.171  22.991 0.0000000000
10544  57.790  -12.184  17.939 0.0000000000
10545  56.845  -13.284  19.064 0.0000000000
10546  57.883  -13.253  19.072 0.0000000000
11144  63.800  -13.108  20.012 0.0000000000
11145  63.352  -14.406  20.283 0.0000000000
11146  63.407  -14.198  21.061 0.0000000000
11148  58.872  -18.436  25.409 0.0000000000
11149  58.047  -19.142  26.425 0.0000000000
11962  58.253  -19.851  19.505 0.0000000000
11963  57.530  -19.925  18.787 0.0000000000
11964  57.031  -20.422  19.995 0.0000000000
12475  55.622  -5.932  11.371 0.0000000000
12476  55.277  -7.324  11.452 0.0000000000
12477  56.177  -7.359  11.281 0.0000000000
12478  56.631  -8.568  11.489 0.0000000000
12479  57.070  -7.346  11.002 0.0000000000
12481  58.797  4.700  13.670 0.0000000000
12483  61.422  -4.080  11.802 0.0000000000
12484  61.304  -3.889  11.210 0.0000000000
12485  61.887  -5.382  11.039 0.0000000000
12486  62.236  -6.764  10.777 0.0000000000
12487  62.585  -6.817  11.431 0.0000000000
12488  63.312  -7.928  12.271 0.0000000000
12489  62.616  -6.974  12.157 0.0000000000
12490  57.727  -8.403  17.643 0.0000000000
12491  59.324  -9.140  18.031 0.0000000000
12492  58.595  -9.357  19.009 0.0000000000
13544  63.132  -11.408  23.694 0.0000000000
13545  62.701  -12.870  23.651 0.0000000000
13546  62.391  -12.217  24.587 0.0000000000
14354  53.711  -12.908  17.789 0.0000000000
14355  52.733  -13.820  18.936 0.0000000000
14356  53.713  -13.594  19.005 0.0000000000
14357  54.829  -16.081  19.589 0.0000000000
14358  53.795  -16.087  19.716 0.0000000000
14359  53.793  -17.331  19.038 0.0000000000
14360  52.719  -18.485  18.184 0.0000000000
14361  53.749  -18.430  17.893 0.0000000000
14362  56.382  -22.712  23.997 0.0000000000
14363  55.783  -22.802  23.441 0.0000000000
14364  55.512  -23.617  24.514 0.0000000000
14365  54.180  -25.647  26.923 0.0000000000
14366  54.015  -24.793  25.786 0.0000000000
14367  53.269  -25.432  26.533 0.0000000000
14368  52.444  -25.288  25.962 0.0000000000
14875  55.415  0.175  9.763 0.0000000000
14876  54.456  -1.216  10.029 0.0000000000
14877  54.776  -1.137  10.808 0.0000000000
14878  54.580  -2.687  11.591 0.0000000000
14879  55.185  -1.206  11.563 0.0000000000
14883  60.135  0.766  17.812 0.0000000000
14884  60.218  1.082  17.098 0.0000000000
14885  60.244  -0.526  16.220 0.0000000000
14886  60.467  -1.732  14.655 0.0000000000
14887  60.023  -2.002  15.279 0.0000000000
14888  59.924  -3.572  14.330 0.0000000000
14889  59.404  -2.296  15.805 0.0000000000
14891  57.869  -2.660  16.989 0.0000000000
14892  57.014  -2.831  17.638 0.0000000000
14893  56.667  -4.804  16.853 0.0000000000
16154  61.720  -12.536  18.078 0.0000000000
16155  60.800  -13.765  18.982 0.0000000000
16156  61.670  -14.133  19.044 0.0000000000
16157  62.306  -16.704  19.968 0.0000000000
16158  61.726  -16.788  19.443 0.0000000000
16159  61.547  -17.588  19.568 0.0000000000
16160  60.523  -18.462  19.367 0.0000000000
16161  61.100  -18.341  20.146 0.0000000000
16162  62.167  -15.456  23.576 0.0000000000
16163  62.494  -15.922  22.682 0.0000000000
16164  61.788  -16.540  23.302 0.0000000000
16165  59.647  -19.182  23.636 0.0000000000
16166  60.653  -18.669  22.767 0.0000000000
16167  59.938  -19.450  22.691 0.0000000000
16168  59.849  -19.740  21.833 0.0000000000
16169  59.149  -20.245  22.855 0.0000000000
16170  58.230  -21.124  23.117 0.0000000000
16171  58.383  -20.923  23.884 0.0000000000
16173  57.658  -22.758  25.969 0.0000000000
18607  59.036  -16.515  18.934 0.0000000000
18608  57.994  -16.359  19.072 0.0000000000
18609  58.018  -17.541  18.320 0.0000000000
18610  55.853  -20.374  17.623 0.0000000000
18611  56.038  -19.529  17.127 0.0000000000
18612  54.913  -20.538  17.247 0.0000000000
18613  53.778  -20.598  17.057 0.0000000000
18614  53.640  -21.295  17.996 0.0000000000
18615  54.404  -22.926  22.380 0.0000000000
18616  54.669  -21.912  21.514 0.0000000000
18617  53.648  -22.923  21.854 0.0000000000
18619  51.981  -23.058  21.007 0.0000000000
20148  54.145  -9.501  12.235 0.0000000000
20149  53.312  -9.421  12.349 0.0000000000
20150  53.556  -10.398  13.170 0.0000000000
20152  53.771  -11.162  14.075 0.0000000000
20153  53.785  -11.888  15.108 0.0000000000
20154  54.675  -11.270  13.955 0.0000000000
20155  57.369  -10.527  12.588 0.0000000000
20156  56.585  -11.305  13.706 0.0000000000
20157  57.596  -11.265  13.680 0.0000000000
20158  57.708  -11.561  15.019 0.0000000000
20159  58.683  -11.146  13.647 0.0000000000
20163  57.716  1.953  12.653 0.0000000000
20164  57.242  1.877  11.968 0.0000000000
20165  56.804  0.343  12.714 0.0000000000
20166  56.389  -1.318  12.449 0.0000000000
20167  57.138  -1.304  12.647 0.0000000000
20168  59.793  1.866  15.013 0.0000000000
20169  59.364  1.950  14.437 0.0000000000
20170  59.612  0.374  13.852 0.0000000000
20171  60.266  -3.991  10.648 0.0000000000
20172  59.567  -2.514  11.598 0.0000000000
20173  59.510  -4.150  10.765 0.0000000000
20174  58.628  -4.305  10.995 0.0000000000
20175  59.336  -5.808  10.376 0.0000000000
20176  59.017  -7.235  10.558 0.0000000000
20177  60.013  -7.114  10.368 0.0000000000
20178  62.172  -9.160  11.489 0.0000000000
20179  61.291  -9.281  11.371 0.0000000000
20180  61.708  -10.110  12.402 0.0000000000
20181  60.919  -10.839  13.573 0.0000000000
20182  61.969  -10.774  13.659 0.0000000000
20183  62.064  -11.180  15.055 0.0000000000
20184  62.884  -10.681  13.985 0.0000000000
20185  64.278  -9.502  14.853 0.0000000000
20186  64.143  -10.508  15.287 0.0000000000
20187  64.458  -10.266  16.302 0.0000000000
20188  64.458  -11.091  17.623 0.0000000000
20189  64.560  -9.959  17.349 0.0000000000
20190  60.624  -6.912  13.983 0.0000000000
20191  62.118  -7.598  14.121 0.0000000000
20192  61.497  -7.975  15.119 0.0000000000
20193  62.456  -8.533  19.088 0.0000000000
20194  63.118  -8.377  18.004 0.0000000000
20195  63.635  -8.532  19.532 0.0000000000
20196  64.335  -9.249  19.656 0.0000000000
20197  64.090  -8.941  20.814 0.0000000000
20198  64.067  -9.641  21.912 0.0000000000
20199  63.710  -8.531  21.900 0.0000000000
23588  55.665  -12.391  17.862 0.0000000000
23589  54.763  -13.374  19.039 0.0000000000
23590  55.779  -13.286  19.062 0.0000000000
23591  55.839  -14.694  19.675 0.0000000000
23592  55.916  -16.160  19.422 0.0000000000
23593  56.263  -24.607  26.024 0.0000000000
23594  55.443  -24.411  25.593 0.0000000000
23595  55.673  -25.283  26.560 0.0000000000
23902  56.400  1.365  8.766 0.0000000000
23903  56.539  1.557  9.570 0.0000000000
23909  59.283  -1.003  17.581 0.0000000000
24668  63.172  -13.047  18.703 0.0000000000
24669  62.371  -14.315  19.277 0.0000000000
24670  63.012  -14.403  19.659 0.0000000000
24671  62.829  -15.685  20.293 0.0000000000
24672  62.604  -16.551  20.811 0.0000000000
24673  60.300  -16.855  24.683 0.0000000000
24674  60.829  -17.275  23.806 0.0000000000
24675  59.815  -17.895  24.581 0.0000000000
24676  59.297  -18.801  24.529 0.0000000000
24677  58.762  -19.732  24.628 0.0000000000
24678  58.323  -20.662  24.746 0.0000000000
24679  57.997  -20.454  25.687 0.0000000000
26140  59.026  -18.558  18.163 0.0000000000
26141  58.042  -18.543  17.778 0.0000000000
26142  57.870  -19.377  17.999 0.0000000000
26143  56.681  -20.169  18.148 0.0000000000
26144  55.428  -20.714  18.774 0.0000000000
26145  52.652  -24.475  23.074 0.0000000000
26146  52.729  -23.845  22.014 0.0000000000
26147  51.818  -24.569  22.421 0.0000000000
27063  53.871  -5.794  11.420 0.0000000000
27064  53.536  -7.149  11.554 0.0000000000
27065  54.416  -7.243  11.543 0.0000000000
27066  54.808  -8.491  11.763 0.0000000000
27067  55.077  -9.533  12.167 0.0000000000
27068  55.347  -10.477  12.817 0.0000000000
27069  56.052  -9.618  12.107 0.0000000000
27070  57.007  -9.597  11.915 0.0000000000
27071  58.022  -9.579  11.763 0.0000000000
27073  58.416  4.620  11.894 0.0000000000
27074  58.614  4.673  12.745 0.0000000000
27075  58.582  3.489  12.910 0.0000000000
27076  58.282  2.002  13.262 0.0000000000
27077  60.494  -1.226  13.344 0.0000000000
27078  60.114  -1.090  12.889 0.0000000000
27079  60.684  -2.439  11.841 0.0000000000
27080  60.906  -3.864  10.836 0.0000000000
27081  61.016  -5.425  10.317 0.0000000000
27082  60.992  -6.946  10.242 0.0000000000
27083  61.719  -6.800  10.381 0.0000000000
27084  62.425  -8.053  10.909 0.0000000000
27085  62.954  -9.059  11.883 0.0000000000
27086  63.389  -9.918  13.125 0.0000000000
27087  63.585  -8.931  12.563 0.0000000000
27088  63.983  -8.771  13.448 0.0000000000
27089  64.028  -8.571  14.491 0.0000000000
27090  59.085  -7.849  15.783 0.0000000000
27091  60.822  -8.369  16.143 0.0000000000
27092  60.088  -8.782  17.095 0.0000000000
27093  61.069  -9.031  18.578 0.0000000000
27094  61.886  -8.711  20.234 0.0000000000
27095  62.719  -8.287  21.703 0.0000000000
27097  60.634  -9.072  22.295 0.0000000000
28946  63.630  -12.536  21.726 0.0000000000
28947  63.323  -13.882  21.881 0.0000000000
28948  62.991  -13.411  22.802 0.0000000000
28949  62.391  -14.195  23.668 0.0000000000
28950  61.737  -14.941  24.387 0.0000000000
28952  61.240  -14.458  25.166 0.0000000000
28953  60.789  -15.607  24.874 0.0000000000
28954  59.804  -16.358  25.507 0.0000000000
30083  51.795  -15.017  19.633 0.0000000000
30084  51.742  -16.188  19.933 0.0000000000
30085  53.697  -14.798  19.786 0.0000000000
30086  52.798  -16.085  19.891 0.0000000000
30087  51.772  -17.395  19.461 0.0000000000
30088  51.697  -18.474  18.544 0.0000000000
30089  51.593  -19.494  17.526 0.0000000000
30090  51.471  -20.589  17.190 0.0000000000
30091  57.245  -21.194  21.922 0.0000000000
30092  56.539  -21.133  21.351 0.0000000000
30093  56.122  -21.998  22.502 0.0000000000
30094  55.147  -22.887  22.853 0.0000000000
30095  54.249  -23.728  23.296 0.0000000000
30096  54.750  -24.245  25.088 0.0000000000
30097  54.075  -24.285  24.495 0.0000000000
30098  53.383  -24.372  23.833 0.0000000000
30099  52.528  -24.780  24.552 0.0000000000
30100  51.657  -25.300  25.293 0.0000000000
30812  53.482  -4.092  11.042 0.0000000000
30813  54.196  -4.202  11.413 0.0000000000
30814  55.034  -4.433  11.662 0.0000000000
30815  55.916  -4.524  11.685 0.0000000000
30820  60.105  1.724  15.694 0.0000000000
30822  60.223  1.370  16.319 0.0000000000
30823  60.351  0.065  14.874 0.0000000000
30824  60.643  -1.483  13.918 0.0000000000
30825  60.920  -2.881  13.037 0.0000000000
30826  61.260  -4.385  12.454 0.0000000000
30827  61.679  -5.905  12.391 0.0000000000
30828  60.766  -4.711  13.118 0.0000000000
30829  60.092  -5.234  13.651 0.0000000000
30830  59.256  -5.655  14.409 0.0000000000
30831  58.634  -2.481  16.418 0.0000000000
30832  58.230  -4.241  15.391 0.0000000000
30833  58.449  -6.128  15.197 0.0000000000
30834  57.667  -6.470  16.080 0.0000000000
30835  56.998  -6.812  16.936 0.0000000000
30836  56.388  -7.115  17.774 0.0000000000
32558  59.801  -12.104  17.915 0.0000000000
32559  58.940  -13.286  19.065 0.0000000000
32560  59.912  -13.433  19.044 0.0000000000
32561  59.945  -15.243  19.231 0.0000000000
32562  59.966  -16.627  18.858 0.0000000000
32563  61.684  -15.585  19.302 0.0000000000
32564  60.908  -16.739  18.999 0.0000000000
32565  60.026  -17.691  18.560 0.0000000000
32566  59.825  -18.535  18.702 0.0000000000
32567  59.406  -19.203  19.349 0.0000000000
32568  58.908  -19.872  20.227 0.0000000000
32569  63.006  -15.114  21.949 0.0000000000
32570  62.668  -16.259  21.761 0.0000000000
32571  62.133  -17.281  21.352 0.0000000000
32572  61.277  -17.597  22.951 0.0000000000
32573  61.474  -17.967  22.053 0.0000000000
32574  61.474  -18.237  21.067 0.0000000000
32575  60.546  -19.059  20.931 0.0000000000
32576  59.438  -19.871  21.003 0.0000000000
32577  58.395  -20.514  21.390 0.0000000000
32578  57.820  -21.186  22.464 0.0000000000
32579  57.290  -21.886  23.556 0.0000000000
32580  56.856  -22.761  24.580 0.0000000000
32581  57.805  -21.769  24.924 0.0000000000
32582  57.333  -22.748  25.175 0.0000000000
32583  56.807  -23.759  25.554 0.0000000000
35623  57.897  -14.965  19.533 0.0000000000
35624  56.984  -16.217  19.260 0.0000000000
35625  55.975  -17.442  18.524 0.0000000000
35626  57.007  -18.556  17.580 0.0000000000
35627  56.010  -18.506  17.571 0.0000000000
35628  54.903  -18.461  17.667 0.0000000000
35629  53.816  -19.475  17.067 0.0000000000
35630  52.608  -20.661  17.067 0.0000000000
35632  55.815  -21.001  20.792 0.0000000000
35633  55.012  -21.055  20.171 0.0000000000
35634  54.217  -21.249  19.709 0.0000000000
35635  52.826  -22.940  21.414 0.0000000000
35636  53.058  -22.089  20.551 0.0000000000
35637  53.394  -21.592  19.267 0.0000000000
35638  52.503  -21.889  18.904 0.0000000000
37495  53.806  -12.487  16.428 0.0000000000
37496  54.778  -12.286  16.381 0.0000000000
37497  55.594  -11.321  13.776 0.0000000000
37498  55.769  -11.864  14.948 0.0000000000
37499  55.725  -12.067  16.451 0.0000000000
37500  56.716  -11.889  16.507 0.0000000000
37501  57.771  -11.721  16.491 0.0000000000
37502  58.901  -11.544  16.433 0.0000000000
37503  57.987  4.038  9.352 0.0000000000
37504  57.598  2.915  9.657 0.0000000000
37505  56.664  1.668  10.417 0.0000000000
37506  57.939  3.206  11.340 0.0000000000
37507  56.909  1.764  11.266 0.0000000000
37508  55.941  0.372  11.340 0.0000000000
37509  55.719  -1.221  12.089 0.0000000000
37510  56.160  -2.962  12.053 0.0000000000
37511  56.780  -4.502  11.505 0.0000000000
37512  59.271  3.533  14.541 0.0000000000
37513  58.883  2.041  13.844 0.0000000000
37514  58.323  0.324  13.271 0.0000000000
37515  59.542  -1.115  12.708 0.0000000000
37516  58.812  -1.261  12.622 0.0000000000
37517  58.033  -1.350  12.625 0.0000000000
37518  57.941  -2.919  11.943 0.0000000000
37519  57.719  -4.435  11.271 0.0000000000
37520  57.434  -5.952  10.910 0.0000000000
37521  58.036  -7.304  10.806 0.0000000000
37522  58.587  -8.475  11.037 0.0000000000
37523  59.114  -9.494  11.591 0.0000000000
37524  60.735  -8.298  10.656 0.0000000000
37525  60.197  -9.391  11.457 0.0000000000
37526  59.524  -10.376  12.469 0.0000000000
37527  59.765  -11.004  13.647 0.0000000000
37528  59.957  -11.234  14.934 0.0000000000
37529  59.961  -11.438  16.386 0.0000000000
37530  60.998  -11.501  16.479 0.0000000000
37531  61.927  -11.637  16.558 0.0000000000
37532  62.752  -11.870  16.935 0.0000000000
37533  63.634  -10.673  14.522 0.0000000000
37534  63.629  -11.278  16.007 0.0000000000
37535  63.473  -12.002  17.420 0.0000000000
37536  63.950  -12.087  18.138 0.0000000000
37537  64.190  -12.042  18.938 0.0000000000
37538  64.247  -11.825  19.811 0.0000000000
37539  62.451  -7.217  13.117 0.0000000000
37540  63.333  -7.956  14.242 0.0000000000
37541  63.902  -8.450  15.711 0.0000000000
37542  62.376  -8.264  16.624 0.0000000000
37543  63.527  -8.342  16.900 0.0000000000
37544  64.246  -8.929  17.139 0.0000000000
37545  64.522  -9.607  18.528 0.0000000000
37546  64.445  -10.508  19.787 0.0000000000
37547  64.121  -11.516  20.773 0.0000000000
37548  63.889  -11.066  21.849 0.0000000000
37549  63.719  -10.518  22.905 0.0000000000
37550  63.585  -9.994  23.983 0.0000000000
37551  63.347  -8.270  22.959 0.0000000000
37552  63.600  -8.772  24.097 0.0000000000
37553  63.390  -9.592  25.047 0.0000000000
41264  58.294  -12.141  17.936 0.0000000000
41265  57.840  -12.638  18.566 0.0000000000
41266  58.323  -12.598  18.566 0.0000000000
41864  63.828  -13.000  20.437 0.0000000000
41865  63.632  -13.627  20.574 0.0000000000
41866  63.613  -13.525  20.981 0.0000000000
41868  58.269  -18.582  26.360 0.0000000000
41869  57.940  -18.982  26.852 0.0000000000
42682  57.999  -20.142  20.081 0.0000000000
42683  57.643  -20.126  19.709 0.0000000000
42684  57.392  -20.430  20.359 0.0000000000
43195  56.062  -5.959  11.315 0.0000000000
43196  55.917  -6.678  11.302 0.0000000000
43197  56.367  -6.709  11.188 0.0000000000
43198  56.612  -7.351  11.150 0.0000000000
43199  56.803  -6.687  11.058 0.0000000000
43203  61.671  -4.822  11.638 0.0000000000
43204  61.649  -4.706  11.316 0.0000000000
43205  61.951  -5.459  11.320 0.0000000000
43206  62.235  -6.139  11.107 0.0000000000
43207  62.274  -6.201  11.494 0.0000000000
43208  62.628  -6.869  11.803 0.0000000000
43209  62.226  -6.325  11.834 0.0000000000
43210  57.367  -8.515  18.120 0.0000000000
43211  58.138  -8.955  18.263 0.0000000000
43212  57.765  -9.057  18.722 0.0000000000
43213  58.248  -9.462  19.473 0.0000000000
44264  63.054  -11.132  24.188 0.0000000000
44265  62.751  -11.798  24.158 0.0000000000
44266  62.678  -11.569  24.631 0.0000000000
45074  54.182  -12.747  17.836 0.0000000000
45075  53.710  -13.195  18.428 0.0000000000
45076  54.219  -13.083  18.454 0.0000000000
45077  54.862  -16.737  19.257 0.0000000000
45078  54.326  -16.729  19.354 0.0000000000
45079  54.333  -17.334  18.888 0.0000000000
45080  53.770  -17.912  18.448 0.0000000000
45081  54.319  -17.893  18.351 0.0000000000
45082  56.232  -23.175  24.517 0.0000000000
45083  55.951  -23.172  24.221 0.0000000000
45084  55.847  -23.586  24.780 0.0000000000
45086  53.729  -25.555  26.777 0.0000000000
45595  55.552  0.243  10.171 0.0000000000
45596  55.056  -0.461  10.307 0.0000000000
45597  55.187  -0.422  10.729 0.0000000000
45598  54.961  -1.140  11.212 0.0000000000
45599  55.363  -0.450  11.115 0.0000000000
45603  60.040  -0.059  17.327 0.0000000000
45604  60.189  0.106  16.977 0.0000000000
45605  60.052  -0.724  16.495 0.0000000000
45606  60.134  -1.242  15.766 0.0000000000
45607  59.888  -1.439  16.041 0.0000000000
45608  59.740  -2.172  15.537 0.0000000000
45609  59.606  -1.551  16.370 0.0000000000
46874  62.133  -12.715  18.184 0.0000000000
46875  61.691  -13.294  18.660 0.0000000000
46876  62.079  -13.484  18.788 0.0000000000
46877  62.161  -17.124  20.137 0.0000000000
46878  61.945  -17.163  19.774 0.0000000000
46879  61.787  -17.544  19.941 0.0000000000
46880  61.351  -17.978  19.812 0.0000000000
46881  61.572  -17.916  20.270 0.0000000000
46882  61.785  -15.786  23.882 0.0000000000
46883  61.991  -16.030  23.460 0.0000000000
46884  61.560  -16.330  23.718 0.0000000000
46885  59.333  -19.614  23.654 0.0000000000
46886  59.805  -19.317  23.158 0.0000000000
46887  59.486  -19.746  23.176 0.0000000000
46888  59.547  -19.814  22.762 0.0000000000
46889  59.132  -20.154  23.266 0.0000000000
46890  58.761  -20.573  23.367 0.0000000000
46891  58.701  -20.433  23.788 0.0000000000
49327  59.034  -17.078  18.624 0.0000000000
49328  58.543  -17.038  18.642 0.0000000000
49329  58.534  -17.557  18.326 0.0000000000
49330  55.238  -20.703  17.918 0.0000000000
49331  55.389  -20.455  17.410 0.0000000000
49332  54.773  -20.827  17.755 0.0000000000
49333  54.294  -20.925  17.598 0.0000000000
49334  54.120  -21.161  18.169 0.0000000000
49335  53.960  -23.356  22.488 0.0000000000
49336  54.037  -22.932  22.154 0.0000000000
49337  53.581  -23.391  22.214 0.0000000000
50868  54.285  -9.984  12.577 0.0000000000
50869  53.847  -9.952  12.661 0.0000000000
50870  53.993  -10.390  13.034 0.0000000000
50871  53.681  -10.817  13.618 0.0000000000
50872  54.118  -10.821  13.484 0.0000000000
50873  54.204  -11.199  14.011 0.0000000000
50874  54.557  -10.857  13.409 0.0000000000
50875  57.883  -10.493  12.572 0.0000000000
50876  57.490  -10.944  13.098 0.0000000000
50877  58.017  -10.909  13.082 0.0000000000
50878  58.116  -11.202  13.688 0.0000000000
50879  58.558  -10.832  13.074 0.0000000000
50883  57.537  1.139  12.951 0.0000000000
50884  57.252  1.147  12.665 0.0000000000
50885  57.170  0.335  12.895 0.0000000000
50886  56.882  -0.478  12.776 0.0000000000
50887  57.270  -0.453  12.920 0.0000000000
50888  59.925  1.003  14.699 0.0000000000
50889  59.717  1.077  14.427 0.0000000000
50890  59.877  0.298  14.053 0.0000000000
50891  60.274  -4.831  10.383 0.0000000000
50892  59.906  -4.078  10.693 0.0000000000
50893  59.884  -4.969  10.410 0.0000000000
50894  59.441  -5.022  10.515 0.0000000000
50895  59.802  -5.738  10.309 0.0000000000
50896  59.652  -6.481  10.325 0.0000000000
50897  60.145  -6.393  10.233 0.0000000000
50898  62.371  -9.621  12.047 0.0000000000
50899  61.933  -9.663  11.928 0.0000000000
50900  62.144  -10.069  12.504 0.0000000000
50901  61.856  -10.489  13.007 0.0000000000
50902  62.336  -10.440  13.125 0.0000000000
50903  62.447  -10.733  13.768 0.0000000000
50904  62.781  -10.369  13.291 0.0000000000
50905  64.346  -9.352  15.388 0.0000000000
50906  64.384  -9.881  15.583 0.0000000000
50907  64.455  -9.708  16.102 0.0000000000
50908  64.539  -10.101  16.824 0.0000000000
50909  64.491  -9.554  16.668 0.0000000000
50910  60.248  -7.154  14.393 0.0000000000
50911  61.035  -7.561  14.483 0.0000000000
50912  60.696  -7.777  14.947 0.0000000000
50913  62.796  -8.435  19.833 0.0000000000
50914  63.104  -8.465  19.349 0.0000000000
50915  63.395  -8.462  20.095 0.0000000000
50916  63.880  -8.679  20.194 0.0000000000
50917  63.702  -8.532  20.716 0.0000000000
50918  63.892  -8.731  21.346 0.0000000000
50919  63.482  -8.404  21.247 0.0000000000
54674  56.169  -12.308  17.870 0.0000000000
54675  55.744  -12.728  18.510 0.0000000000
54676  56.258  -12.693  18.500 0.0000000000
54677  56.873  -13.995  19.457 0.0000000000
54678  56.330  -14.004  19.533 0.0000000000
54679  56.389  -14.717  19.665 0.0000000000
54680  55.887  -15.419  19.654 0.0000000000
54681  56.421  -15.485  19.576 0.0000000000
54682  56.485  -25.064  26.411 0.0000000000
54683  55.974  -24.977  26.282 0.0000000000
55195  57.381  2.546  8.382 0.0000000000
55196  56.884  1.909  8.347 0.0000000000
55197  56.950  2.024  8.761 0.0000000000
55198  56.462  1.475  9.162 0.0000000000
55199  57.006  2.111  9.170 0.0000000000
56474  63.433  -13.115  18.963 0.0000000000
56475  63.110  -13.699  19.223 0.0000000000
56476  63.314  -13.794  19.500 0.0000000000
56477  63.178  -14.952  20.691 0.0000000000
56478  63.076  -15.048  20.328 0.0000000000
56479  62.952  -15.549  20.641 0.0000000000
56480  62.716  -16.096  20.532 0.0000000000
56481  62.823  -15.999  20.951 0.0000000000
56482  59.823  -17.176  25.049 0.0000000000
56483  60.069  -17.399  24.605 0.0000000000
56484  59.575  -17.675  25.015 0.0000000000
56485  58.643  -18.954  25.425 0.0000000000
56486  59.056  -18.601  24.952 0.0000000000
56487  58.846  -19.088  25.000 0.0000000000
56488  59.044  -19.254  24.559 0.0000000000
56489  58.596  -19.565  25.064 0.0000000000
56490  58.354  -20.043  25.168 0.0000000000
56491  58.199  -19.936  25.576 0.0000000000
58927  58.874  -18.960  18.327 0.0000000000
58928  58.455  -18.972  18.055 0.0000000000
58929  58.297  -19.348  18.297 0.0000000000
58930  56.874  -20.238  19.036 0.0000000000
58931  57.102  -20.054  18.460 0.0000000000
58932  56.449  -20.372  18.736 0.0000000000
58933  56.048  -20.489  18.422 0.0000000000
58934  55.825  -20.604  19.036 0.0000000000
58935  52.169  -24.679  23.417 0.0000000000
58936  52.237  -24.533  22.706 0.0000000000
58937  51.753  -24.754  23.059 0.0000000000
60465  54.330  -5.858  11.462 0.0000000000
60466  54.156  -6.573  11.519 0.0000000000
60467  54.625  -6.623  11.465 0.0000000000
60468  55.518  -7.957  11.508 0.0000000000
60469  55.068  -7.961  11.564 0.0000000000
60470  55.278  -8.514  11.693 0.0000000000
60471  54.981  -9.002  11.926 0.0000000000
60472  55.425  -9.056  11.883 0.0000000000
60473  55.546  -9.571  12.126 0.0000000000
60474  55.873  -9.112  11.831 0.0000000000
60475  57.092  -8.537  11.376 0.0000000000
60476  56.823  -9.098  11.687 0.0000000000
60477  57.298  -9.099  11.599 0.0000000000
60478  57.490  -9.596  11.857 0.0000000000
60479  57.791  -9.078  11.508 0.0000000000
60483  58.933  4.169  13.638 0.0000000000
60484  58.807  4.190  13.218 0.0000000000
60485  58.749  3.499  13.295 0.0000000000
60486  58.422  2.737  13.079 0.0000000000
60487  58.653  2.785  13.407 0.0000000000
60488  60.716  -1.929  12.822 0.0000000000
60489  60.593  -1.837  12.514 0.0000000000
60490  60.833  -2.482  12.105 0.0000000000
60491  61.437  -4.619  10.814 0.0000000000
60492  61.141  -3.843  11.007 0.0000000000
60493  61.231  -4.615  10.643 0.0000000000
60494  60.985  -4.654  10.499 0.0000000000
60495  61.318  -5.384  10.398 0.0000000000
60496  61.372  -6.126  10.319 0.0000000000
60497  61.687  -6.139  10.436 0.0000000000
60498  62.610  -7.397  11.081 0.0000000000
60499  62.364  -7.415  10.824 0.0000000000
60500  62.706  -7.993  11.150 0.0000000000
60501  62.701  -8.574  11.347 0.0000000000
60502  63.000  -8.548  11.645 0.0000000000
60503  63.270  -9.000  12.190 0.0000000000
60504  63.279  -8.521  12.002 0.0000000000
60505  63.430  -7.934  12.769 0.0000000000
60506  63.673  -8.392  12.820 0.0000000000
60507  63.745  -8.317  13.327 0.0000000000
60508  64.017  -8.662  13.955 0.0000000000
60509  63.761  -8.259  13.839 0.0000000000
60510  58.738  -7.946  16.325 0.0000000000
60511  59.551  -8.380  16.393 0.0000000000
60512  59.209  -8.530  16.900 0.0000000000
60513  59.820  -9.344  18.824 0.0000000000
60514  60.234  -9.199  18.290 0.0000000000
60515  60.698  -9.166  19.126 0.0000000000
60516  61.494  -8.906  19.386 0.0000000000
60517  61.141  -9.004  19.976 0.0000000000
60518  61.589  -8.781  20.777 0.0000000000
60519  60.762  -9.163  20.486 0.0000000000
63674  63.501  -12.306  22.234 0.0000000000
63675  63.309  -12.989  22.298 0.0000000000
63676  63.145  -12.739  22.770 0.0000000000
63677  62.361  -13.268  24.115 0.0000000000
63678  62.525  -13.545  23.690 0.0000000000
63679  62.209  -13.916  24.074 0.0000000000
63680  62.069  -14.568  24.039 0.0000000000
63681  61.882  -14.286  24.460 0.0000000000
63688  61.055  -15.043  25.017 0.0000000000
63690  60.265  -15.979  25.141 0.0000000000
63691  60.021  -15.734  25.557 0.0000000000
66107  52.737  -14.293  19.385 0.0000000000
66108  52.278  -14.372  19.349 0.0000000000
66109  52.247  -14.956  19.685 0.0000000000
66110  51.756  -15.621  19.861 0.0000000000
66111  52.230  -15.553  19.877 0.0000000000
66112  54.793  -13.996  19.487 0.0000000000
66113  54.269  -14.047  19.453 0.0000000000
66114  54.273  -14.707  19.746 0.0000000000
66115  53.307  -16.710  19.566 0.0000000000
66116  53.302  -16.095  19.820 0.0000000000
66117  52.814  -16.708  19.676 0.0000000000
66118  52.302  -16.755  19.730 0.0000000000
66119  52.309  -17.364  19.404 0.0000000000
66120  51.746  -17.946  19.041 0.0000000000
66121  52.280  -17.947  18.916 0.0000000000
66122  52.684  -19.003  17.639 0.0000000000
66123  52.172  -18.997  17.837 0.0000000000
66124  52.108  -19.498  17.385 0.0000000000
66125  51.528  -20.017  17.235 0.0000000000
66126  52.054  -20.004  17.090 0.0000000000
66127  56.998  -21.595  22.487 0.0000000000
66128  56.682  -21.598  22.251 0.0000000000
66129  56.441  -22.016  22.755 0.0000000000
66130  55.331  -23.234  23.646 0.0000000000
66131  55.485  -22.845  23.121 0.0000000000
66132  55.052  -23.279  23.294 0.0000000000
66133  54.700  -23.306  23.063 0.0000000000
66134  54.580  -23.673  23.609 0.0000000000
66135  55.125  -24.736  25.880 0.0000000000
66136  55.089  -24.303  25.383 0.0000000000
66137  54.765  -24.616  25.673 0.0000000000
66138  53.617  -24.730  25.519 0.0000000000
66139  54.034  -24.483  25.150 0.0000000000
66140  53.654  -24.480  24.836 0.0000000000
66141  53.742  -24.307  24.158 0.0000000000
66142  53.321  -24.506  24.525 0.0000000000
66143  52.949  -24.571  24.196 0.0000000000
66144  52.905  -24.739  24.920 0.0000000000
66145  52.067  -25.651  26.314 0.0000000000
66146  52.043  -25.257  25.624 0.0000000000
66147  51.655  -25.643  25.988 0.0000000000
67668  54.197  -1.864  10.513 0.0000000000
67669  54.035  -1.877  10.154 0.0000000000
67670  53.823  -2.570  10.633 0.0000000000
67671  53.493  -3.319  10.755 0.0000000000
67672  53.759  -3.329  11.006 0.0000000000
67673  53.825  -4.139  11.262 0.0000000000
67674  54.037  -3.330  11.275 0.0000000000
67675  54.955  -2.793  11.814 0.0000000000
67676  54.770  -3.568  11.694 0.0000000000
67677  55.180  -3.686  11.847 0.0000000000
67678  55.490  -4.497  11.699 0.0000000000
67679  55.621  -3.728  11.875 0.0000000000
67685  59.978  3.212  16.640 0.0000000000
67686  59.972  2.505  15.990 0.0000000000
67687  60.094  2.383  16.361 0.0000000000
67691  60.319  0.474  16.364 0.0000000000
67692  60.230  1.218  16.706 0.0000000000
67693  60.331  0.625  15.997 0.0000000000
67694  60.287  0.770  15.630 0.0000000000
67695  60.420  -0.027  15.224 0.0000000000
67696  60.487  -0.719  14.400 0.0000000000
67697  60.479  -0.833  14.740 0.0000000000
67698  60.511  -2.451  14.159 0.0000000000
67699  60.688  -2.341  13.812 0.0000000000
67700  60.777  -3.025  13.392 0.0000000000
67701  61.094  -3.604  12.686 0.0000000000
67702  60.888  -3.756  13.055 0.0000000000
67703  61.015  -4.545  12.818 0.0000000000
67704  60.613  -3.931  13.416 0.0000000000
67705  59.521  -3.718  14.609 0.0000000000
67706  59.946  -4.381  13.979 0.0000000000
67707  59.584  -4.576  14.257 0.0000000000
67708  59.705  -5.451  14.059 0.0000000000
67709  59.156  -4.750  14.530 0.0000000000
67710  58.997  -1.065  17.919 0.0000000000
67711  58.934  -1.718  17.000 0.0000000000
67712  58.578  -1.803  17.290 0.0000000000
67713  57.542  -3.521  16.435 0.0000000000
67714  57.978  -3.435  16.135 0.0000000000
67715  57.842  -4.348  15.739 0.0000000000
67716  58.263  -5.104  15.188 0.0000000000
67717  57.867  -5.292  15.561 0.0000000000
67718  58.038  -6.307  15.592 0.0000000000
67719  57.461  -5.487  15.964 0.0000000000
67720  56.307  -5.014  17.228 0.0000000000
67721  56.778  -5.833  16.800 0.0000000000
67722  56.424  -5.996  17.202 0.0000000000
67723  56.699  -6.942  17.367 0.0000000000
67724  56.143  -6.140  17.622 0.0000000000
71504  60.295  -12.150  17.947 0.0000000000
71505  59.847  -12.678  18.588 0.0000000000
71506  60.339  -12.818  18.580 0.0000000000
71507  60.811  -14.637  19.143 0.0000000000
71508  60.356  -14.461  19.202 0.0000000000
71509  60.417  -15.353  19.206 0.0000000000
71510  59.958  -15.996  19.072 0.0000000000
71511  60.439  -16.041  19.043 0.0000000000
71512  62.389  -15.019  19.487 0.0000000000
71513  62.046  -14.962  19.333 0.0000000000
71514  62.043  -15.646  19.452 0.0000000000
71515  61.323  -17.218  19.214 0.0000000000
71516  61.336  -16.751  19.180 0.0000000000
71517  60.936  -17.230  18.978 0.0000000000
71518  60.489  -17.223  18.806 0.0000000000
71519  60.449  -17.698  18.774 0.0000000000
71520  59.952  -18.147  18.547 0.0000000000
71521  60.346  -18.123  18.831 0.0000000000
71522  60.278  -18.819  19.704 0.0000000000
71523  59.974  -18.842  19.333 0.0000000000
71524  59.713  -19.197  19.716 0.0000000000
71525  59.156  -19.552  19.753 0.0000000000
71526  59.481  -19.533  20.108 0.0000000000
71527  63.054  -14.326  22.394 0.0000000000
71528  63.201  -14.548  21.923 0.0000000000
71529  62.910  -14.907  22.420 0.0000000000
71530  62.357  -16.485  22.556 0.0000000000
71531  62.594  -16.094  22.226 0.0000000000
71532  62.390  -16.623  22.059 0.0000000000
71533  62.432  -16.767  21.570 0.0000000000
71534  62.117  -17.145  21.859 0.0000000000
71535  60.590  -17.840  23.713 0.0000000000
71536  61.081  -17.467  23.375 0.0000000000
71537  60.819  -18.007  23.242 0.0000000000
71538  60.734  -18.783  22.300 0.0000000000
71539  61.108  -18.322  22.383 0.0000000000
71540  61.140  -18.453  21.927 0.0000000000
71541  61.484  -18.108  21.554 0.0000000000
71542  61.136  -18.586  21.433 0.0000000000
71543  61.012  -18.641  20.979 0.0000000000
71544  60.677  -19.002  21.378 0.0000000000
71545  59.375  -20.093  21.939 0.0000000000
71546  59.673  -19.819  21.417 0.0000000000
71547  59.186  -20.163  21.554 0.0000000000
71548  58.925  -20.197  21.167 0.0000000000
71549  58.673  -20.514  21.722 0.0000000000
71550  58.098  -20.846  21.914 0.0000000000
71551  58.379  -20.820  22.199 0.0000000000
71552  57.924  -21.468  23.661 0.0000000000
71553  57.779  -21.498  23.292 0.0000000000
71554  57.471  -21.876  23.837 0.0000000000
71555  57.013  -22.282  24.084 0.0000000000
71556  57.242  -22.301  24.350 0.0000000000
71557  58.028  -21.064  25.290 0.0000000000
71558  58.072  -21.233  24.825 0.0000000000
71559  57.828  -21.686  25.379 0.0000000000
71560  57.583  -23.312  26.016 0.0000000000
71561  57.545  -22.784  25.537 0.0000000000
71562  57.355  -23.295  25.665 0.0000000000
71563  57.067  -23.220  25.330 0.0000000000
71564  57.157  -23.800  25.808 0.0000000000
78862  58.989  -14.187  19.367 0.0000000000
78863  58.450  -14.123  19.358 0.0000000000
78864  58.472  -14.968  19.432 0.0000000000
78865  57.507  -16.956  18.770 0.0000000000
78866  57.496  -16.268  19.167 0.0000000000
78867  57.004  -16.885  18.857 0.0000000000
78868  56.471  -16.865  18.920 0.0000000000
78869  56.512  -17.443  18.472 0.0000000000
78870  57.550  -19.034  17.572 0.0000000000
78871  57.535  -18.554  17.657 0.0000000000
78872  57.074  -19.063  17.361 0.0000000000
78873  55.457  -19.546  17.072 0.0000000000
78874  56.060  -18.994  17.276 0.0000000000
78875  55.528  -18.972  17.238 0.0000000000
78876  55.437  -18.506  17.536 0.0000000000
78877  54.925  -18.965  17.269 0.0000000000
78878  54.387  -18.928  17.299 0.0000000000
78879  54.355  -19.481  17.021 0.0000000000
78880  53.210  -21.097  17.369 0.0000000000
78881  53.217  -20.631  17.057 0.0000000000
78882  52.623  -21.234  17.330 0.0000000000
78883  52.074  -21.205  17.326 0.0000000000
78884  52.097  -21.585  17.749 0.0000000000
78885  55.973  -21.516  21.704 0.0000000000
78886  56.197  -21.079  21.071 0.0000000000
78887  55.601  -21.457  21.467 0.0000000000
78888  54.247  -21.911  21.243 0.0000000000
78889  54.833  -21.408  20.901 0.0000000000
78890  54.404  -21.475  20.641 0.0000000000
78891  54.593  -21.132  19.963 0.0000000000
78892  53.994  -21.529  20.422 0.0000000000
78893  52.306  -23.829  21.784 0.0000000000
78894  52.776  -23.372  21.697 0.0000000000
78895  52.354  -23.405  21.518 0.0000000000
78896  52.076  -22.649  20.689 0.0000000000
78897  52.516  -22.577  20.823 0.0000000000
78898  52.664  -22.191  20.345 0.0000000000
78899  53.248  -21.768  19.938 0.0000000000
78900  52.849  -21.879  19.739 0.0000000000
78901  52.957  -21.762  19.072 0.0000000000
78902  52.405  -22.034  19.537 0.0000000000
78904  51.474  -22.301  19.397 0.0000000000
78905  50.993  -22.399  19.325 0.0000000000
83483  53.736  -7.824  11.665 0.0000000000
83484  53.316  -7.746  11.634 0.0000000000
83485  53.482  -8.377  11.796 0.0000000000
83500  54.256  -11.947  15.022 0.0000000000
83501  53.793  -12.220  15.735 0.0000000000
83502  54.279  -12.222  15.718 0.0000000000
83503  54.273  -12.395  16.454 0.0000000000
83504  54.762  -12.179  15.626 0.0000000000
83505  55.842  -10.500  12.768 0.0000000000
83506  55.492  -10.926  13.244 0.0000000000
83507  55.973  -10.934  13.213 0.0000000000
83508  56.670  -11.565  14.312 0.0000000000
83509  56.161  -11.623  14.319 0.0000000000
83510  56.249  -11.785  14.992 0.0000000000
83511  55.832  -11.991  15.705 0.0000000000
83512  56.264  -11.890  15.724 0.0000000000
83513  56.192  -11.967  16.484 0.0000000000
83514  56.726  -11.795  15.746 0.0000000000
83515  58.237  -11.500  15.024 0.0000000000
83516  57.742  -11.631  15.738 0.0000000000
83517  58.301  -11.548  15.750 0.0000000000
83518  58.342  -11.638  16.482 0.0000000000
83519  58.862  -11.472  15.729 0.0000000000
83523  58.037  3.705  10.320 0.0000000000
83525  57.647  2.987  10.091 0.0000000000
83526  57.158  2.301  9.983 0.0000000000
83527  57.219  2.357  10.445 0.0000000000
83528  58.409  3.980  11.979 0.0000000000
83529  58.319  3.944  11.584 0.0000000000
83530  58.076  3.283  11.749 0.0000000000
83531  56.736  1.186  12.015 0.0000000000
83532  57.040  1.820  11.611 0.0000000000
83533  56.561  1.118  11.659 0.0000000000
83534  56.406  1.069  11.276 0.0000000000
83535  56.138  0.404  11.686 0.0000000000
83536  55.747  -0.362  11.758 0.0000000000
83537  56.011  -0.398  12.034 0.0000000000
83538  56.696  -2.172  12.358 0.0000000000
83539  56.280  -2.177  12.295 0.0000000000
83540  56.602  -3.000  12.099 0.0000000000
83541  56.439  -3.771  11.819 0.0000000000
83542  56.926  -3.738  11.793 0.0000000000
83544  59.357  4.184  15.000 0.0000000000
83545  59.461  3.521  14.951 0.0000000000
83546  59.198  1.133  14.000 0.0000000000
83547  59.112  1.992  14.194 0.0000000000
83548  58.920  1.168  13.781 0.0000000000
83549  58.561  1.175  13.562 0.0000000000
83550  58.689  0.303  13.388 0.0000000000
83551  60.163  -1.718  12.167 0.0000000000
83552  59.840  -1.108  12.783 0.0000000000
83553  59.875  -1.753  12.144 0.0000000000
83554  59.203  -2.630  11.641 0.0000000000
83555  59.212  -1.881  12.133 0.0000000000
83556  58.816  -1.997  12.144 0.0000000000
83557  58.436  -1.294  12.614 0.0000000000
83558  58.411  -2.096  12.201 0.0000000000
83559  57.973  -2.103  12.281 0.0000000000
83560  58.385  -2.820  11.815 0.0000000000
83561  58.495  -5.086  10.753 0.0000000000
83562  58.177  -4.385  11.115 0.0000000000
83563  58.034  -5.155  10.887 0.0000000000
83564  57.531  -5.156  11.012 0.0000000000
83565  57.901  -5.942  10.763 0.0000000000
83566  57.747  -6.649  10.803 0.0000000000
83567  58.215  -6.623  10.673 0.0000000000
83568  59.336  -7.826  10.654 0.0000000000
83569  58.831  -7.880  10.743 0.0000000000
83570  59.107  -8.419  10.925 0.0000000000
83571  58.835  -8.966  11.265 0.0000000000
83572  59.388  -8.939  11.201 0.0000000000
83573  61.356  -7.613  10.413 0.0000000000
83574  60.890  -7.676  10.438 0.0000000000
83575  61.219  -8.252  10.651 0.0000000000
83576  61.006  -9.755  11.812 0.0000000000
83577  60.765  -9.349  11.370 0.0000000000
83578  60.441  -9.829  11.850 0.0000000000
83579  59.873  -9.919  11.934 0.0000000000
83580  60.099  -10.340  12.393 0.0000000000
83581  59.687  -10.737  13.017 0.0000000000
83582  60.240  -10.668  12.952 0.0000000000
83583  61.013  -11.028  14.241 0.0000000000
83584  60.470  -11.065  14.259 0.0000000000
83585  60.518  -11.184  14.915 0.0000000000
83586  59.990  -11.297  15.637 0.0000000000
83587  60.525  -11.296  15.655 0.0000000000
83588  60.474  -11.457  16.415 0.0000000000
83589  61.042  -11.304  15.711 0.0000000000
83590  62.495  -11.219  15.203 0.0000000000
83591  62.002  -11.373  15.808 0.0000000000
83592  62.441  -11.429  15.935 0.0000000000
83593  62.355  -11.747  16.719 0.0000000000
83594  62.843  -11.522  16.171 0.0000000000
83595  63.741  -9.827  13.388 0.0000000000
83596  63.532  -10.291  13.782 0.0000000000
83597  63.846  -10.169  14.094 0.0000000000
83598  64.182  -10.900  16.045 0.0000000000
83599  63.938  -10.930  15.617 0.0000000000
83600  63.917  -11.270  16.382 0.0000000000
83601  63.548  -11.616  16.742 0.0000000000
83602  63.842  -11.657  17.072 0.0000000000
83603  63.729  -12.069  17.757 0.0000000000
83604  64.076  -11.661  17.457 0.0000000000
83605  64.507  -10.991  18.157 0.0000000000
83606  64.351  -11.577  18.357 0.0000000000
83607  64.395  -11.447  18.790 0.0000000000
83608  64.241  -11.918  19.356 0.0000000000
83609  64.416  -11.307  19.261 0.0000000000
83610  61.488  -6.145  12.829 0.0000000000
83611  62.036  -6.647  12.687 0.0000000000
83612  61.833  -6.973  13.115 0.0000000000
83613  62.546  -7.877  14.737 0.0000000000
83614  62.759  -7.760  14.183 0.0000000000
83615  63.153  -8.008  14.849 0.0000000000
83616  63.657  -8.222  14.985 0.0000000000
83617  63.504  -8.221  15.620 0.0000000000
83618  61.281  -8.550  16.917 0.0000000000
83619  61.639  -8.340  16.458 0.0000000000
83620  62.060  -8.461  17.191 0.0000000000
83621  63.626  -8.435  18.214 0.0000000000
83622  63.337  -8.335  17.455 0.0000000000
83623  63.804  -8.489  17.637 0.0000000000
83624  63.964  -8.557  17.080 0.0000000000
83625  64.154  -8.777  17.783 0.0000000000
83626  64.434  -9.215  17.831 0.0000000000
83627  64.358  -9.037  18.469 0.0000000000
83628  64.340  -9.656  20.207 0.0000000000
83629  64.429  -9.860  19.749 0.0000000000
83630  64.356  -10.271  20.336 0.0000000000
83631  64.318  -11.010  20.297 0.0000000000
83632  64.230  -10.752  20.855 0.0000000000
83633  63.992  -11.296  21.323 0.0000000000
83634  64.111  -10.562  21.365 0.0000000000
83635  63.981  -9.396  22.455 0.0000000000
83636  63.929  -10.071  22.406 0.0000000000
83637  63.852  -9.812  22.949 0.0000000000
83638  63.653  -10.249  23.396 0.0000000000
83639  63.779  -9.566  23.492 0.0000000000
83640  62.459  -8.303  22.233 0.0000000000
83641  63.053  -8.228  22.387 0.0000000000
83642  62.830  -8.175  22.894 0.0000000000
83646  63.554  -9.155  24.656 0.0000000000
92708  57.231  -12.227  17.910 0.0000000000
92709  56.800  -12.670  18.510 0.0000000000
92710  57.341  -12.646  18.531 0.0000000000
92711  57.357  -13.265  19.107 0.0000000000
92712  57.402  -13.994  19.441 0.0000000000
93023  57.748  3.198  8.543 0.0000000000
93788  63.727  -13.191  19.632 0.0000000000
93789  63.468  -13.826  19.825 0.0000000000
93790  63.584  -13.739  20.160 0.0000000000
93791  63.408  -14.302  20.659 0.0000000000
93792  63.218  -14.831  21.105 0.0000000000
93797  58.214  -19.303  25.969 0.0000000000
95260  58.522  -19.569  19.039 0.0000000000
95261  58.188  -19.637  18.672 0.0000000000
95262  57.894  -19.864  19.128 0.0000000000
95263  57.281  -20.152  19.347 0.0000000000
95264  56.639  -20.450  19.689 0.0000000000
95265  51.240  -25.138  24.135 0.0000000000
95266  51.282  -24.968  23.403 0.0000000000
95267  50.861  -25.204  23.733 0.0000000000
96183  55.172  -5.923  11.443 0.0000000000
96184  55.026  -6.644  11.436 0.0000000000
96185  55.446  -6.666  11.390 0.0000000000
96186  55.720  -7.340  11.382 0.0000000000
96187  55.986  -7.978  11.423 0.0000000000
96188  56.190  -8.577  11.576 0.0000000000
96189  56.414  -7.971  11.314 0.0000000000
96190  56.859  -7.958  11.219 0.0000000000
96191  57.313  -7.947  11.091 0.0000000000
96196  59.072  4.150  14.089 0.0000000000
96197  61.172  -3.316  12.085 0.0000000000
96198  61.102  -3.183  11.779 0.0000000000
96199  61.401  -3.973  11.471 0.0000000000
96200  61.585  -4.642  11.061 0.0000000000
96201  61.742  -5.350  10.798 0.0000000000
96202  61.903  -6.089  10.641 0.0000000000
96203  62.085  -6.073  10.855 0.0000000000
96204  62.445  -6.776  11.061 0.0000000000
96205  62.822  -7.444  11.415 0.0000000000
96206  63.160  -7.945  11.817 0.0000000000
96207  62.945  -7.411  11.816 0.0000000000
96208  63.034  -7.474  12.226 0.0000000000
96209  63.030  -7.525  12.665 0.0000000000
96210  58.039  -8.229  17.232 0.0000000000
96211  58.855  -8.725  17.346 0.0000000000
96212  58.537  -8.878  17.784 0.0000000000
96213  58.944  -9.293  18.502 0.0000000000
96214  59.440  -9.463  19.338 0.0000000000
96215  59.935  -9.438  20.185 0.0000000000
96216  59.082  -9.572  19.841 0.0000000000
98108  63.247  -11.751  23.201 0.0000000000
98109  63.037  -12.455  23.179 0.0000000000
98110  62.913  -12.122  23.665 0.0000000000
98111  62.534  -12.551  24.125 0.0000000000
98112  62.219  -12.917  24.573 0.0000000000
99566  53.244  -13.050  17.765 0.0000000000
99568  53.215  -13.318  18.417 0.0000000000
99569  53.218  -13.688  18.965 0.0000000000
99570  53.222  -14.212  19.440 0.0000000000
99571  54.794  -15.383  19.753 0.0000000000
99572  54.276  -15.400  19.835 0.0000000000
99573  54.295  -16.092  19.671 0.0000000000
99574  53.801  -16.710  19.440 0.0000000000
99575  53.312  -17.343  19.146 0.0000000000
99576  52.822  -17.960  18.746 0.0000000000
99577  53.266  -17.923  18.600 0.0000000000
99578  53.225  -18.456  18.032 0.0000000000
99579  53.201  -18.974  17.514 0.0000000000
99580  56.567  -22.320  23.512 0.0000000000
99581  56.258  -22.375  23.237 0.0000000000
99582  56.099  -22.756  23.706 0.0000000000
99583  55.627  -23.195  23.919 0.0000000000
99584  55.202  -23.609  24.201 0.0000000000
99585  54.483  -25.303  26.565 0.0000000000
99586  54.393  -24.883  26.011 0.0000000000
99587  54.060  -25.193  26.383 0.0000000000
99588  53.627  -25.096  26.207 0.0000000000
99589  53.218  -25.036  25.935 0.0000000000
99590  52.820  -24.982  25.657 0.0000000000
99591  52.831  -25.336  26.302 0.0000000000
100503  55.338  0.102  9.372 0.0000000000
100505  54.898  -0.553  9.906 0.0000000000
100506  54.567  -1.174  10.410 0.0000000000
100507  54.378  -1.854  10.872 0.0000000000
100508  54.308  -2.617  11.260 0.0000000000
100509  54.601  -1.868  11.256 0.0000000000
100510  54.881  -1.938  11.585 0.0000000000
100511  55.177  -2.027  11.882 0.0000000000
100517  60.147  1.543  18.219 0.0000000000
100518  60.182  1.718  17.825 0.0000000000
100519  60.166  0.919  17.454 0.0000000000
100520  60.265  0.266  16.674 0.0000000000
100521  60.381  -0.367  15.867 0.0000000000
100522  60.449  -0.970  15.084 0.0000000000
100523  60.321  -1.096  15.451 0.0000000000
100524  60.268  -1.845  15.003 0.0000000000
100525  60.256  -2.610  14.515 0.0000000000
100526  60.269  -3.364  14.049 0.0000000000
100527  59.966  -2.790  14.757 0.0000000000
100528  59.622  -2.964  15.003 0.0000000000
100529  59.243  -3.055  15.309 0.0000000000
100531  58.265  -1.865  17.633 0.0000000000
100532  57.878  -1.947  17.916 0.0000000000
100533  57.405  -2.712  17.280 0.0000000000
100534  57.116  -3.630  16.798 0.0000000000
100535  57.026  -4.626  16.475 0.0000000000
100536  56.687  -3.798  17.125 0.0000000000
100537  56.353  -3.997  17.501 0.0000000000
102806  61.252  -12.403  17.970 0.0000000000
102807  60.805  -12.969  18.608 0.0000000000
102808  61.259  -13.118  18.614 0.0000000000
102809  61.247  -13.933  18.993 0.0000000000
102810  61.231  -14.814  19.170 0.0000000000
102811  62.335  -16.197  19.802 0.0000000000
102812  62.043  -16.241  19.574 0.0000000000
102813  62.020  -16.740  19.674 0.0000000000
102814  61.668  -17.207  19.466 0.0000000000
102815  61.231  -17.641  19.283 0.0000000000
102816  60.729  -18.079  19.130 0.0000000000
102817  61.066  -18.034  19.440 0.0000000000
102818  60.833  -18.428  19.717 0.0000000000
102819  60.560  -18.762  20.100 0.0000000000
102820  62.464  -15.105  23.232 0.0000000000
102821  62.635  -15.347  22.802 0.0000000000
102822  62.349  -15.750  23.117 0.0000000000
102823  62.195  -16.279  23.004 0.0000000000
102824  61.979  -16.769  22.850 0.0000000000
102825  59.961  -18.758  23.677 0.0000000000
102826  60.499  -18.494  23.208 0.0000000000
102827  60.137  -18.917  23.171 0.0000000000
102828  60.275  -19.068  22.702 0.0000000000
102829  60.338  -19.192  22.196 0.0000000000
102830  60.301  -19.328  21.797 0.0000000000
102831  59.923  -19.587  22.250 0.0000000000
102832  59.513  -19.939  22.336 0.0000000000
102833  59.040  -20.371  22.464 0.0000000000
102834  58.551  -20.788  22.588 0.0000000000
102835  58.686  -20.721  22.961 0.0000000000
102836  58.349  -21.033  23.499 0.0000000000
102837  58.012  -21.415  24.029 0.0000000000
102838  57.674  -22.078  26.369 0.0000000000
102839  57.694  -22.185  25.923 0.0000000000
107221  59.030  -15.855  19.218 0.0000000000
107222  58.508  -15.730  19.298 0.0000000000
107223  58.527  -16.472  19.010 0.0000000000
107224  58.011  -16.998  18.696 0.0000000000
107225  57.494  -17.569  18.327 0.0000000000
107226  56.451  -19.974  17.460 0.0000000000
107227  56.559  -19.532  17.269 0.0000000000
107228  55.990  -20.051  17.234 0.0000000000
107229  55.432  -20.061  17.118 0.0000000000
107230  54.881  -20.085  17.017 0.0000000000
107231  54.338  -20.068  16.968 0.0000000000
107232  54.350  -20.563  17.169 0.0000000000
107233  53.772  -21.038  17.410 0.0000000000
107234  53.159  -21.414  17.849 0.0000000000
107235  54.905  -22.433  22.219 0.0000000000
107236  55.065  -21.929  21.762 0.0000000000
107237  54.525  -22.435  21.992 0.0000000000
107238  54.120  -22.411  21.755 0.0000000000
107239  53.728  -22.419  21.474 0.0000000000
107240  51.484  -23.902  21.351 0.0000000000
107241  51.953  -23.454  21.305 0.0000000000
107242  51.542  -23.517  21.101 0.0000000000
107243  51.596  -23.158  20.835 0.0000000000
107244  51.691  -22.795  20.492 0.0000000000
107245  51.852  -22.398  20.023 0.0000000000
109994  54.060  -8.959  11.966 0.0000000000
109995  53.625  -8.925  12.002 0.0000000000
109996  53.725  -9.476  12.325 0.0000000000
109997  53.420  -9.931  12.725 0.0000000000
109998  53.098  -10.336  13.261 0.0000000000
109999  52.739  -10.655  13.885 0.0000000000
110000  53.205  -10.747  13.779 0.0000000000
110001  53.291  -11.064  14.233 0.0000000000
110002  53.328  -11.447  14.720 0.0000000000
110004  53.787  -11.485  14.597 0.0000000000
110005  54.249  -11.565  14.513 0.0000000000
110006  54.747  -11.647  14.424 0.0000000000
110007  56.849  -10.527  12.653 0.0000000000
110008  56.471  -10.957  13.169 0.0000000000
110009  56.978  -10.954  13.112 0.0000000000
110010  57.105  -11.298  13.657 0.0000000000
110011  57.172  -11.501  14.304 0.0000000000
110012  57.209  -11.628  14.998 0.0000000000
110013  57.666  -11.471  14.337 0.0000000000
110014  58.186  -11.393  14.343 0.0000000000
110015  58.719  -11.330  14.360 0.0000000000
110020  58.104  3.780  10.748 0.0000000000
110021  57.969  2.648  12.356 0.0000000000
110022  57.787  2.593  11.988 0.0000000000
110023  57.483  1.938  12.326 0.0000000000
110024  56.963  1.181  12.371 0.0000000000
110025  56.537  0.380  12.386 0.0000000000
110026  56.213  -0.451  12.373 0.0000000000
110027  56.513  -0.474  12.623 0.0000000000
110028  56.707  -1.300  12.644 0.0000000000
110029  57.094  -2.134  12.389 0.0000000000
110030  59.707  2.728  15.234 0.0000000000
110031  59.520  2.778  14.908 0.0000000000
110032  59.590  1.912  14.736 0.0000000000
110033  59.474  1.133  14.191 0.0000000000
110034  59.337  0.361  13.661 0.0000000000
110035  60.242  -3.186  11.098 0.0000000000
110036  59.906  -2.454  11.555 0.0000000000
110037  59.914  -3.206  11.083 0.0000000000
110038  59.570  -3.279  11.117 0.0000000000
110039  59.164  -3.407  11.205 0.0000000000
110040  58.759  -3.506  11.292 0.0000000000
110041  59.065  -4.244  10.848 0.0000000000
110042  58.957  -5.035  10.631 0.0000000000
110043  58.851  -5.831  10.522 0.0000000000
110044  58.706  -6.580  10.527 0.0000000000
110045  59.190  -6.545  10.425 0.0000000000
110046  59.504  -7.207  10.455 0.0000000000
110047  59.853  -7.788  10.548 0.0000000000
110048  61.934  -8.685  11.025 0.0000000000
110049  61.512  -8.772  10.947 0.0000000000
110050  61.734  -9.226  11.379 0.0000000000
110051  61.516  -9.707  11.872 0.0000000000
110052  61.185  -10.172  12.361 0.0000000000
110053  60.792  -10.606  12.934 0.0000000000
110054  61.333  -10.543  12.949 0.0000000000
110055  61.458  -10.825  13.549 0.0000000000
110056  61.535  -11.017  14.271 0.0000000000
110057  61.568  -11.172  14.983 0.0000000000
110058  62.025  -10.995  14.344 0.0000000000
110059  62.494  -10.995  14.483 0.0000000000
110060  62.928  -10.967  14.689 0.0000000000
110061  64.167  -9.613  14.294 0.0000000000
110062  64.080  -10.076  14.518 0.0000000000
110063  64.280  -10.023  15.064 0.0000000000
110064  64.339  -10.423  15.808 0.0000000000
110065  64.372  -10.796  16.510 0.0000000000
110066  64.329  -11.184  17.179 0.0000000000
110067  64.486  -10.669  16.964 0.0000000000
110068  64.565  -10.553  17.504 0.0000000000
110069  64.577  -10.390  18.022 0.0000000000
110070  60.947  -6.643  13.519 0.0000000000
110071  61.648  -7.111  13.566 0.0000000000
110072  61.377  -7.353  14.004 0.0000000000
110073  61.829  -7.741  14.645 0.0000000000
110074  62.247  -8.000  15.332 0.0000000000
110075  62.138  -8.636  18.328 0.0000000000
110076  62.465  -8.479  17.825 0.0000000000
110077  62.800  -8.472  18.565 0.0000000000
110078  63.388  -8.456  18.803 0.0000000000
110079  63.856  -8.563  18.979 0.0000000000
110080  64.221  -8.905  19.056 0.0000000000
110081  64.063  -8.769  19.641 0.0000000000
110082  64.201  -9.109  20.229 0.0000000000
110083  64.230  -9.474  20.811 0.0000000000
110084  64.179  -9.868  21.392 0.0000000000
110085  64.131  -9.269  21.395 0.0000000000
110086  63.978  -9.028  21.930 0.0000000000
110087  63.859  -8.815  22.470 0.0000000000
115346  62.943  -10.711  25.203 0.0000000000
115347  62.613  -11.314  25.165 0.0000000000
116480  55.180  -12.515  17.850 0.0000000000
116481  54.738  -12.967  18.464 0.0000000000
116482  55.244  -12.837  18.493 0.0000000000
116483  55.264  -13.337  19.063 0.0000000000
116484  55.281  -13.980  19.496 0.0000000000
116485  56.299  -13.263  19.068 0.0000000000
116486  55.800  -13.975  19.471 0.0000000000
116487  55.292  -14.652  19.715 0.0000000000
116488  55.328  -15.374  19.738 0.0000000000
116489  55.367  -16.085  19.509 0.0000000000
116490  55.401  -16.755  19.148 0.0000000000
116491  56.156  -24.098  25.564 0.0000000000
116492  55.802  -23.997  25.329 0.0000000000
116493  55.809  -24.499  25.836 0.0000000000
116494  55.517  -24.850  26.085 0.0000000000
116495  55.203  -25.151  26.398 0.0000000000
117209  55.707  0.612  8.467 0.0000000000
117212  55.818  0.723  8.843 0.0000000000
117213  55.890  0.811  9.222 0.0000000000
117214  55.984  0.875  9.645 0.0000000000
117215  56.079  0.948  10.047 0.0000000000
117225  60.090  0.639  18.222 0.0000000000
117226  59.897  -0.172  17.741 0.0000000000
117227  59.566  -0.929  17.218 0.0000000000
117228  59.666  -0.293  18.150 0.0000000000
117229  59.412  -0.384  18.520 0.0000000000
119000  62.837  -13.014  18.549 0.0000000000
119001  62.419  -13.617  18.914 0.0000000000
119002  62.756  -13.654  19.076 0.0000000000
119003  62.731  -14.359  19.418 0.0000000000
119004  62.659  -15.069  19.725 0.0000000000
119005  63.192  -14.456  19.957 0.0000000000
119006  62.882  -15.131  20.059 0.0000000000
119007  62.603  -15.675  19.954 0.0000000000
119008  62.554  -16.179  20.149 0.0000000000
119009  62.461  -16.625  20.361 0.0000000000
119010  62.311  -17.053  20.600 0.0000000000
119011  60.816  -16.490  24.373 0.0000000000
119012  61.074  -16.683  23.953 0.0000000000
119013  60.573  -17.048  24.242 0.0000000000
119014  60.345  -17.618  24.155 0.0000000000
119015  60.094  -18.135  24.111 0.0000000000
119016  59.314  -18.148  24.988 0.0000000000
119017  59.531  -18.360  24.569 0.0000000000
119018  59.773  -18.566  24.109 0.0000000000
119019  59.482  -18.998  24.076 0.0000000000
119020  59.197  -19.452  24.120 0.0000000000
119021  58.892  -19.883  24.171 0.0000000000
119022  58.631  -20.317  24.239 0.0000000000
119023  58.516  -20.177  24.697 0.0000000000
119024  58.176  -20.552  25.227 0.0000000000
119025  57.863  -21.005  25.774 0.0000000000
119027  57.656  -20.948  26.234 0.0000000000
119028  57.658  -21.494  26.294 0.0000000000
122434  59.079  -18.126  18.173 0.0000000000
122435  58.561  -18.083  18.075 0.0000000000
122436  58.547  -18.557  17.975 0.0000000000
122437  58.040  -18.995  17.762 0.0000000000
122438  57.466  -19.451  17.692 0.0000000000
122439  57.721  -19.685  18.333 0.0000000000
122440  57.295  -19.786  18.004 0.0000000000
122441  56.892  -19.891  17.666 0.0000000000
122442  56.279  -20.275  17.855 0.0000000000
122443  55.642  -20.587  18.161 0.0000000000
122444  54.993  -20.842  18.537 0.0000000000
122445  53.128  -24.181  22.866 0.0000000000
122446  53.124  -23.877  22.288 0.0000000000
122447  52.696  -24.240  22.463 0.0000000000
122448  52.281  -24.283  22.139 0.0000000000
122449  51.845  -24.275  21.934 0.0000000000
122450  51.314  -24.829  22.719 0.0000000000
122451  51.394  -24.613  22.072 0.0000000000
122452  51.410  -24.287  21.628 0.0000000000
124587  53.428  -5.775  11.300 0.0000000000
124589  53.699  -6.507  11.476 0.0000000000
124590  53.956  -7.195  11.580 0.0000000000
124591  54.173  -7.845  11.656 0.0000000000
124592  54.875  -7.304  11.485 0.0000000000
124593  54.619  -7.899  11.633 0.0000000000
124594  54.369  -8.456  11.763 0.0000000000
124595  54.493  -8.990  11.938 0.0000000000
124596  54.606  -9.526  12.196 0.0000000000
124597  54.726  -10.035  12.519 0.0000000000
124598  54.862  -10.471  12.846 0.0000000000
124599  55.208  -10.017  12.466 0.0000000000
124600  55.705  -10.050  12.432 0.0000000000
124601  56.223  -10.084  12.400 0.0000000000
124602  56.353  -9.126  11.786 0.0000000000
124603  56.530  -9.608  12.010 0.0000000000
124604  56.702  -10.077  12.289 0.0000000000
124605  57.199  -10.082  12.194 0.0000000000
124606  57.699  -10.059  12.175 0.0000000000
124607  58.232  -10.030  12.095 0.0000000000
124609  58.138  5.066  11.918 0.0000000000
124611  58.483  4.621  12.317 0.0000000000
124612  58.539  4.037  12.380 0.0000000000
124613  58.696  4.719  13.193 0.0000000000
124614  58.668  4.144  12.798 0.0000000000
124615  58.380  3.407  12.484 0.0000000000
124616  58.168  2.675  12.714 0.0000000000
124617  57.999  1.951  12.959 0.0000000000
124618  57.915  1.191  13.148 0.0000000000
124619  60.283  -0.516  13.848 0.0000000000
124620  60.078  -0.432  13.616 0.0000000000
124621  60.346  -1.158  13.085 0.0000000000
124622  60.407  -1.775  12.331 0.0000000000
124623  60.464  -2.407  11.691 0.0000000000
124624  61.001  -3.110  11.502 0.0000000000
124625  60.808  -3.113  11.302 0.0000000000
124626  60.540  -3.153  11.187 0.0000000000
124627  60.613  -3.919  10.737 0.0000000000
124628  60.659  -4.719  10.400 0.0000000000
124629  60.654  -5.512  10.225 0.0000000000
124630  60.624  -6.288  10.182 0.0000000000
124631  61.030  -6.176  10.233 0.0000000000
124632  61.377  -6.860  10.299 0.0000000000
124633  61.724  -7.517  10.482 0.0000000000
124634  62.022  -6.805  10.590 0.0000000000
124635  62.106  -7.474  10.585 0.0000000000
124636  62.051  -8.112  10.761 0.0000000000
124637  62.372  -8.623  11.124 0.0000000000
124638  62.606  -9.116  11.647 0.0000000000
124639  62.839  -9.592  12.285 0.0000000000
124640  63.032  -9.998  12.907 0.0000000000
124641  63.189  -9.527  12.520 0.0000000000
124642  63.513  -9.430  12.771 0.0000000000
124643  63.812  -9.353  13.181 0.0000000000
124644  63.497  -8.425  12.378 0.0000000000
124645  63.798  -8.860  12.989 0.0000000000
124646  64.037  -9.264  13.628 0.0000000000
124647  64.167  -9.148  14.153 0.0000000000
124648  64.215  -9.014  14.667 0.0000000000
124649  64.243  -8.875  15.214 0.0000000000
124650  59.497  -7.674  15.307 0.0000000000
124651  60.361  -8.037  15.414 0.0000000000
124652  59.956  -8.198  15.907 0.0000000000
124653  60.443  -8.552  16.615 0.0000000000
124654  60.928  -8.774  17.377 0.0000000000
124655  59.709  -8.982  17.566 0.0000000000
124656  60.604  -8.990  17.822 0.0000000000
124657  61.386  -8.857  18.091 0.0000000000
124658  61.816  -8.774  18.841 0.0000000000
124659  62.190  -8.631  19.634 0.0000000000
124660  62.540  -8.474  20.416 0.0000000000
124661  62.951  -8.312  21.130 0.0000000000
124662  62.317  -8.475  20.987 0.0000000000
124663  62.075  -8.521  21.514 0.0000000000
124664  61.759  -8.572  22.031 0.0000000000
124667  61.421  -8.581  22.541 0.0000000000
129038  63.717  -12.703  21.250 0.0000000000
129039  63.551  -13.366  21.359 0.0000000000
129040  63.463  -13.194  21.810 0.0000000000
129041  63.187  -13.678  22.349 0.0000000000
129042  62.894  -14.116  22.849 0.0000000000
129043  62.843  -13.126  23.215 0.0000000000
129044  62.693  -13.811  23.256 0.0000000000
129045  62.576  -14.484  23.277 0.0000000000
129046  62.294  -14.833  23.657 0.0000000000
129047  61.960  -15.201  23.994 0.0000000000
129048  61.541  -15.554  24.247 0.0000000000
129049  62.313  -11.938  25.132 0.0000000000
129050  62.065  -12.605  25.067 0.0000000000
129053  61.452  -13.785  25.322 0.0000000000
129055  61.510  -14.683  24.767 0.0000000000
129056  61.342  -15.306  24.627 0.0000000000
129057  61.054  -15.905  24.500 0.0000000000
129058  60.545  -16.263  24.785 0.0000000000
129059  60.038  -16.629  25.091 0.0000000000
129060  59.597  -16.963  25.470 0.0000000000
132121  52.276  -13.939  18.893 0.0000000000
132124  51.316  -15.691  19.810 0.0000000000
132125  51.299  -16.260  19.870 0.0000000000
132126  51.259  -16.841  19.785 0.0000000000
132127  54.246  -13.503  19.010 0.0000000000
132128  53.733  -14.112  19.495 0.0000000000
132129  53.211  -14.834  19.753 0.0000000000
132130  53.758  -15.462  19.846 0.0000000000
132131  53.227  -15.488  19.884 0.0000000000
132132  52.728  -15.526  19.927 0.0000000000
132133  52.257  -16.148  19.895 0.0000000000
132134  51.760  -16.808  19.773 0.0000000000
132135  51.214  -17.419  19.554 0.0000000000
132136  51.197  -17.954  19.172 0.0000000000
132138  51.107  -18.948  18.147 0.0000000000
132139  52.229  -18.484  18.370 0.0000000000
132140  51.665  -18.987  17.995 0.0000000000
132141  51.067  -19.466  17.682 0.0000000000
132143  50.955  -20.661  17.259 0.0000000000
132144  50.878  -21.165  17.390 0.0000000000
132145  57.509  -20.803  21.320 0.0000000000
132146  57.144  -20.777  21.016 0.0000000000
132147  56.910  -21.167  21.644 0.0000000000
132148  56.343  -21.572  21.987 0.0000000000
132149  55.814  -21.967  22.241 0.0000000000
132150  55.919  -22.409  22.967 0.0000000000
132151  55.582  -22.441  22.699 0.0000000000
132152  55.283  -22.416  22.430 0.0000000000
132153  54.755  -22.934  22.610 0.0000000000
132154  54.316  -23.356  22.790 0.0000000000
132155  53.879  -23.818  22.950 0.0000000000
132156  55.446  -23.988  25.103 0.0000000000
132157  55.117  -23.965  24.783 0.0000000000
132158  54.788  -23.973  24.449 0.0000000000
132159  54.400  -24.500  25.431 0.0000000000
132160  54.421  -24.267  24.797 0.0000000000
132161  54.480  -24.003  24.191 0.0000000000
132162  54.154  -24.047  23.855 0.0000000000
132163  53.825  -24.117  23.513 0.0000000000
132164  53.477  -24.156  23.202 0.0000000000
132165  53.027  -24.402  23.506 0.0000000000
132166  52.558  -24.616  23.817 0.0000000000
132167  52.118  -24.828  24.163 0.0000000000
132168  52.451  -24.975  25.262 0.0000000000
132169  52.078  -25.020  24.895 0.0000000000
132170  51.654  -25.062  24.495 0.0000000000
134097  54.342  -1.236  9.622 0.0000000000
134103  53.637  -4.956  11.267 0.0000000000
134104  54.021  -5.020  11.436 0.0000000000
134105  54.446  -5.063  11.469 0.0000000000
134106  54.375  -3.446  11.514 0.0000000000
134107  54.588  -4.330  11.598 0.0000000000
134108  54.886  -5.148  11.522 0.0000000000
134109  55.323  -5.235  11.532 0.0000000000
134110  55.772  -5.247  11.502 0.0000000000
134111  56.197  -5.272  11.418 0.0000000000
134120  59.853  2.643  15.587 0.0000000000
134121  59.964  1.799  15.324 0.0000000000
134122  60.102  0.933  14.975 0.0000000000
134126  60.180  1.851  17.435 0.0000000000
134127  60.165  2.043  17.067 0.0000000000
134128  60.163  2.200  16.719 0.0000000000
134129  60.188  1.572  16.010 0.0000000000
134130  60.215  0.866  15.303 0.0000000000
134131  60.255  0.113  14.557 0.0000000000
134132  60.405  -0.618  14.100 0.0000000000
134133  60.602  -1.349  13.606 0.0000000000
134134  60.792  -2.050  13.132 0.0000000000
134135  60.587  -1.625  14.277 0.0000000000
134136  60.809  -2.228  13.450 0.0000000000
134137  60.971  -2.733  12.728 0.0000000000
134138  61.167  -3.458  12.402 0.0000000000
134139  61.415  -4.251  12.080 0.0000000000
134140  61.618  -4.950  11.953 0.0000000000
134141  61.856  -5.712  12.008 0.0000000000
134142  61.426  -5.131  12.353 0.0000000000
134143  61.217  -5.321  12.736 0.0000000000
134144  60.992  -5.515  13.004 0.0000000000
134145  60.295  -4.162  13.695 0.0000000000
134146  60.454  -4.969  13.421 0.0000000000
134147  60.673  -5.797  13.350 0.0000000000
134148  60.302  -6.100  13.673 0.0000000000
134149  59.903  -6.320  14.078 0.0000000000
134150  59.510  -6.557  14.510 0.0000000000
134151  59.266  -1.648  16.681 0.0000000000
134152  59.029  -2.388  16.117 0.0000000000
134153  58.822  -3.152  15.597 0.0000000000
134154  58.265  -2.563  16.704 0.0000000000
134155  58.381  -3.328  15.854 0.0000000000
134156  58.710  -4.041  15.147 0.0000000000
134157  58.704  -4.939  14.881 0.0000000000
134158  58.819  -5.902  14.800 0.0000000000
134159  59.100  -6.931  14.909 0.0000000000
134160  58.725  -7.079  15.397 0.0000000000
134161  58.308  -7.224  15.863 0.0000000000
134162  57.968  -7.360  16.353 0.0000000000
134163  57.106  -5.631  16.374 0.0000000000
134164  57.318  -6.669  16.503 0.0000000000
134165  57.616  -7.485  16.821 0.0000000000
134166  57.317  -7.655  17.240 0.0000000000
134167  57.013  -7.807  17.679 0.0000000000
134168  56.666  -8.008  18.111 0.0000000000
138914  59.295  -12.071  17.911 0.0000000000
138915  58.853  -12.600  18.545 0.0000000000
138916  59.356  -12.627  18.559 0.0000000000
138917  59.423  -13.349  19.030 0.0000000000
138918  59.463  -14.200  19.284 0.0000000000
138919  60.357  -13.621  18.999 0.0000000000
138920  59.908  -14.341  19.251 0.0000000000
138921  59.476  -15.114  19.319 0.0000000000
138922  59.506  -15.972  19.144 0.0000000000
138923  59.466  -16.597  18.878 0.0000000000
138924  59.512  -17.156  18.607 0.0000000000
138925  62.038  -14.264  19.186 0.0000000000
138926  61.667  -14.902  19.235 0.0000000000
138927  61.272  -15.528  19.220 0.0000000000
138928  61.705  -16.253  19.350 0.0000000000
138929  61.307  -16.195  19.180 0.0000000000
138930  60.877  -16.116  19.093 0.0000000000
138931  60.463  -16.687  18.893 0.0000000000
138932  60.005  -17.203  18.665 0.0000000000
138933  59.545  -17.667  18.417 0.0000000000
138934  59.527  -18.139  18.341 0.0000000000
138935  59.435  -18.562  18.404 0.0000000000
138936  59.285  -18.916  18.630 0.0000000000
138937  60.192  -18.503  19.020 0.0000000000
138938  59.637  -18.865  18.989 0.0000000000
138939  59.085  -19.204  18.982 0.0000000000
138940  58.839  -19.569  19.371 0.0000000000
138941  58.588  -19.879  19.879 0.0000000000
138942  58.296  -20.199  20.423 0.0000000000
138943  63.405  -14.063  21.430 0.0000000000
138944  63.232  -14.692  21.492 0.0000000000
138945  63.054  -15.284  21.490 0.0000000000
138946  62.751  -15.514  22.347 0.0000000000
138947  62.849  -15.704  21.913 0.0000000000
138948  62.885  -15.871  21.426 0.0000000000
138949  62.697  -16.443  21.299 0.0000000000
138950  62.407  -16.942  21.094 0.0000000000
138951  62.083  -17.393  20.907 0.0000000000
138952  61.335  -16.885  23.521 0.0000000000
138953  61.548  -17.088  23.103 0.0000000000
138954  61.681  -17.273  22.654 0.0000000000
138955  60.983  -18.147  22.827 0.0000000000
138956  61.394  -17.790  22.505 0.0000000000
138957  61.768  -17.468  22.177 0.0000000000
138958  61.820  -17.623  21.656 0.0000000000
138959  61.813  -17.752  21.175 0.0000000000
138960  61.747  -17.855  20.745 0.0000000000
138961  61.305  -18.274  20.604 0.0000000000
138962  60.826  -18.685  20.525 0.0000000000
138963  60.307  -19.112  20.526 0.0000000000
138964  60.170  -19.450  21.347 0.0000000000
138965  59.989  -19.487  20.950 0.0000000000
138966  59.767  -19.508  20.541 0.0000000000
138967  59.197  -19.869  20.600 0.0000000000
138968  58.599  -20.201  20.776 0.0000000000
138969  58.052  -20.515  21.011 0.0000000000
138970  57.826  -20.835  21.612 0.0000000000
138971  57.514  -21.201  22.176 0.0000000000
138972  57.293  -21.579  22.768 0.0000000000
138973  58.054  -21.151  22.755 0.0000000000
138974  57.555  -21.533  23.023 0.0000000000
138975  57.063  -21.911  23.299 0.0000000000
138976  56.809  -22.282  23.812 0.0000000000
138977  56.623  -22.732  24.311 0.0000000000
138978  56.506  -23.220  24.803 0.0000000000
138979  58.367  -20.820  24.305 0.0000000000
138980  58.071  -21.354  24.407 0.0000000000
138981  57.737  -21.824  24.557 0.0000000000
138982  57.654  -22.271  25.477 0.0000000000
138983  57.581  -22.279  25.056 0.0000000000
138984  57.395  -22.284  24.711 0.0000000000
138985  57.107  -22.743  24.846 0.0000000000
138986  56.769  -23.214  25.061 0.0000000000
138987  56.468  -23.700  25.292 0.0000000000
138988  56.523  -24.240  25.792 0.0000000000
147865  58.417  -13.255  19.059 0.0000000000
147866  57.945  -14.025  19.401 0.0000000000
147867  57.416  -14.821  19.538 0.0000000000
147868  57.973  -15.631  19.389 0.0000000000
147869  57.450  -15.580  19.437 0.0000000000
147870  56.937  -15.531  19.526 0.0000000000
147871  56.443  -16.216  19.306 0.0000000000
147872  55.936  -16.838  19.028 0.0000000000
147873  55.439  -17.419  18.638 0.0000000000
147874  58.025  -18.036  17.997 0.0000000000
147875  57.492  -18.050  17.938 0.0000000000
147876  56.981  -18.069  17.941 0.0000000000
147877  56.582  -19.017  17.306 0.0000000000
147878  56.541  -18.514  17.563 0.0000000000
147879  56.481  -18.051  17.946 0.0000000000
147880  55.978  -18.005  18.000 0.0000000000
147881  55.446  -18.046  18.032 0.0000000000
147882  54.871  -17.941  18.209 0.0000000000
147883  54.317  -18.417  17.804 0.0000000000
147884  53.787  -18.937  17.401 0.0000000000
147885  53.227  -19.478  17.107 0.0000000000
147886  53.808  -20.037  16.950 0.0000000000
147887  53.234  -20.046  16.958 0.0000000000
147888  52.616  -20.064  17.030 0.0000000000
147889  52.037  -20.618  17.104 0.0000000000
147890  51.488  -21.161  17.352 0.0000000000
147892  56.823  -20.732  20.697 0.0000000000
147893  56.426  -20.719  20.385 0.0000000000
147894  56.015  -20.723  20.087 0.0000000000
147895  55.238  -21.433  21.170 0.0000000000
147896  55.427  -21.029  20.471 0.0000000000
147897  55.625  -20.760  19.733 0.0000000000
147898  55.216  -20.839  19.449 0.0000000000
147899  54.820  -20.914  19.231 0.0000000000
147900  54.396  -21.100  18.998 0.0000000000
147901  53.191  -23.398  21.915 0.0000000000
147902  53.251  -22.930  21.589 0.0000000000
147903  53.331  -22.449  21.247 0.0000000000
147904  52.418  -22.987  21.204 0.0000000000
147905  52.918  -22.496  21.055 0.0000000000
147906  53.443  -22.000  20.790 0.0000000000
147907  53.612  -21.631  20.173 0.0000000000
147908  53.839  -21.385  19.457 0.0000000000
147909  53.937  -21.294  18.783 0.0000000000
147910  53.517  -21.468  18.607 0.0000000000
147911  53.059  -21.612  18.439 0.0000000000
147912  52.599  -21.744  18.295 0.0000000000
147913  51.936  -22.170  19.459 0.0000000000
147914  52.031  -22.030  18.846 0.0000000000
152846  56.159  -7.588  18.292 0.0000000000
152847  56.480  -8.311  18.703 0.0000000000
153426  53.120  -7.082  11.446 0.0000000000
153429  53.187  -8.889  12.026 0.0000000000
153446  52.857  -12.880  17.069 0.0000000000
153448  53.333  -12.528  16.424 0.0000000000
153449  53.318  -12.787  17.093 0.0000000000
153450  53.799  -12.676  17.124 0.0000000000
153451  54.244  -12.556  17.158 0.0000000000
153452  54.700  -12.429  17.145 0.0000000000
153453  55.007  -10.900  13.318 0.0000000000
153454  55.122  -11.301  13.832 0.0000000000
153455  55.206  -11.659  14.349 0.0000000000
153456  56.089  -11.325  13.751 0.0000000000
153457  55.686  -11.634  14.326 0.0000000000
153458  55.247  -11.934  14.923 0.0000000000
153459  55.284  -12.074  15.634 0.0000000000
153460  55.252  -12.176  16.388 0.0000000000
153461  55.135  -12.300  17.171 0.0000000000
153462  55.663  -12.189  17.175 0.0000000000
153463  56.172  -12.072  17.197 0.0000000000
153464  56.707  -12.018  17.219 0.0000000000
153465  57.224  -11.708  15.734 0.0000000000
153466  57.223  -11.799  16.491 0.0000000000
153467  57.238  -11.956  17.225 0.0000000000
153468  57.808  -11.866  17.256 0.0000000000
153469  58.336  -11.831  17.227 0.0000000000
153470  58.847  -11.768  17.198 0.0000000000
153473  57.807  3.343  9.017 0.0000000000
153475  57.880  3.494  9.457 0.0000000000
153476  57.557  2.772  9.224 0.0000000000
153477  57.087  2.216  9.580 0.0000000000
153478  56.604  1.617  9.981 0.0000000000
153479  56.150  0.993  10.442 0.0000000000
153480  58.350  4.536  11.505 0.0000000000
153481  58.236  3.862  11.157 0.0000000000
153482  57.822  3.129  10.958 0.0000000000
153483  57.589  2.548  11.612 0.0000000000
153484  57.450  2.486  11.250 0.0000000000
153485  57.319  2.422  10.885 0.0000000000
153486  56.775  1.716  10.867 0.0000000000
153487  56.256  1.037  10.881 0.0000000000
153488  55.746  0.349  10.986 0.0000000000
153489  55.530  -0.405  11.457 0.0000000000
153490  55.462  -1.213  11.827 0.0000000000
153491  55.539  -2.068  12.046 0.0000000000
153492  56.053  -1.282  12.258 0.0000000000
153493  55.912  -2.098  12.158 0.0000000000
153494  55.768  -2.941  12.073 0.0000000000
153495  56.038  -3.743  11.875 0.0000000000
153496  56.338  -4.526  11.594 0.0000000000
153497  56.658  -5.289  11.281 0.0000000000
153499  59.212  4.187  14.540 0.0000000000
153500  59.101  3.517  14.109 0.0000000000
153501  59.300  2.772  14.546 0.0000000000
153502  59.094  2.802  14.152 0.0000000000
153503  58.884  2.852  13.732 0.0000000000
153504  58.575  2.019  13.516 0.0000000000
153505  58.250  1.178  13.337 0.0000000000
153506  57.948  0.345  13.189 0.0000000000
153507  59.819  -0.350  13.426 0.0000000000
153508  59.553  -0.392  13.251 0.0000000000
153509  59.211  -0.428  13.159 0.0000000000
153510  59.561  -1.789  12.140 0.0000000000
153511  59.187  -1.156  12.663 0.0000000000
153512  58.886  -0.475  13.085 0.0000000000
153513  58.503  -0.495  13.047 0.0000000000
153514  58.120  -0.504  13.005 0.0000000000
153515  57.745  -0.472  12.940 0.0000000000
153516  57.581  -1.323  12.656 0.0000000000
153517  57.520  -2.129  12.356 0.0000000000
153518  57.491  -2.944  12.032 0.0000000000
153519  58.303  -3.599  11.445 0.0000000000
153520  57.849  -3.683  11.600 0.0000000000
153521  57.413  -3.688  11.767 0.0000000000
153522  57.237  -4.447  11.416 0.0000000000
153523  57.101  -5.224  11.153 0.0000000000
153524  56.999  -6.003  11.002 0.0000000000
153525  57.274  -6.665  10.925 0.0000000000
153526  57.547  -7.320  10.923 0.0000000000
153527  57.812  -7.943  11.003 0.0000000000
153528  58.518  -7.252  10.677 0.0000000000
153529  58.327  -7.936  10.888 0.0000000000
153530  58.057  -8.534  11.169 0.0000000000
153531  58.345  -9.041  11.383 0.0000000000
153532  58.588  -9.541  11.659 0.0000000000
153533  58.783  -10.004  12.012 0.0000000000
153534  60.523  -7.036  10.287 0.0000000000
153535  60.386  -7.727  10.483 0.0000000000
153536  60.201  -8.329  10.727 0.0000000000
153537  61.035  -8.820  10.950 0.0000000000
153538  60.506  -8.854  11.004 0.0000000000
153539  59.939  -8.893  11.104 0.0000000000
153540  59.650  -9.442  11.540 0.0000000000
153541  59.329  -9.956  11.993 0.0000000000
153542  58.977  -10.420  12.483 0.0000000000
153543  59.124  -10.779  13.049 0.0000000000
153544  59.213  -11.061  13.676 0.0000000000
153545  59.284  -11.249  14.341 0.0000000000
153546  60.348  -10.906  13.585 0.0000000000
153547  59.880  -11.152  14.274 0.0000000000
153548  59.397  -11.325  14.991 0.0000000000
153549  59.436  -11.381  15.666 0.0000000000
153550  59.435  -11.480  16.377 0.0000000000
153551  59.386  -11.685  17.143 0.0000000000
153552  59.894  -11.709  17.158 0.0000000000
153553  60.397  -11.715  17.186 0.0000000000
153554  60.908  -11.804  17.223 0.0000000000
153555  61.543  -11.334  15.736 0.0000000000
153556  61.487  -11.534  16.519 0.0000000000
153557  61.379  -11.890  17.243 0.0000000000
153558  61.837  -12.000  17.310 0.0000000000
153559  62.262  -12.168  17.484 0.0000000000
153560  62.660  -12.298  17.670 0.0000000000
153561  63.187  -10.333  13.507 0.0000000000
153562  63.269  -10.666  14.227 0.0000000000
153563  63.317  -10.978  14.948 0.0000000000
153564  63.906  -10.562  14.853 0.0000000000
153565  63.679  -10.974  15.250 0.0000000000
153566  63.321  -11.281  15.677 0.0000000000
153567  63.216  -11.575  16.447 0.0000000000
153568  63.137  -11.946  17.149 0.0000000000
153569  63.013  -12.420  17.863 0.0000000000
153570  63.312  -12.491  18.134 0.0000000000
153571  63.576  -12.538  18.425 0.0000000000
153572  63.790  -12.608  18.751 0.0000000000
153573  64.243  -11.632  17.872 0.0000000000
153574  64.119  -12.111  18.536 0.0000000000
153575  63.918  -12.663  19.178 0.0000000000
153576  63.996  -12.561  19.505 0.0000000000
153577  64.037  -12.463  19.920 0.0000000000
153578  64.032  -12.353  20.347 0.0000000000
153579  62.161  -6.459  12.225 0.0000000000
153580  62.548  -7.098  12.592 0.0000000000
153581  62.977  -7.596  13.175 0.0000000000
153582  62.332  -7.437  13.615 0.0000000000
153583  62.886  -7.655  13.618 0.0000000000
153584  63.394  -7.939  13.771 0.0000000000
153585  63.750  -8.211  14.378 0.0000000000
153586  64.011  -8.522  15.046 0.0000000000
153587  64.186  -8.763  15.822 0.0000000000
153588  61.170  -8.155  15.664 0.0000000000
153589  61.940  -8.173  15.891 0.0000000000
153590  62.633  -8.171  16.045 0.0000000000
153591  62.780  -8.302  17.329 0.0000000000
153592  63.000  -8.241  16.763 0.0000000000
153593  63.232  -8.201  16.176 0.0000000000
153594  63.757  -8.377  16.357 0.0000000000
153595  64.093  -8.660  16.445 0.0000000000
153596  64.331  -9.066  16.550 0.0000000000
153597  64.461  -9.405  17.231 0.0000000000
153598  64.572  -9.778  17.897 0.0000000000
153599  64.561  -10.188  18.575 0.0000000000
153600  64.438  -9.454  19.136 0.0000000000
153601  64.516  -10.049  19.199 0.0000000000
153602  64.499  -10.673  19.210 0.0000000000
153603  64.386  -11.188  19.784 0.0000000000
153604  64.215  -11.699  20.295 0.0000000000
153605  63.959  -12.185  20.794 0.0000000000
153606  63.863  -12.000  21.245 0.0000000000
153607  63.754  -11.792  21.793 0.0000000000
153608  63.640  -11.512  22.341 0.0000000000
153609  64.029  -10.334  21.848 0.0000000000
153610  63.794  -10.795  22.373 0.0000000000
153611  63.534  -11.252  22.831 0.0000000000
153612  63.451  -10.967  23.330 0.0000000000
153613  63.382  -10.700  23.808 0.0000000000
153614  63.310  -10.451  24.353 0.0000000000
153615  63.265  -8.285  21.815 0.0000000000
153616  63.525  -8.369  22.443 0.0000000000
153617  63.704  -8.607  23.006 0.0000000000
153619  63.525  -8.458  23.531 0.0000000000
153620  63.747  -8.961  23.533 0.0000000000
153621  63.664  -9.345  24.075 0.0000000000
153622  63.501  -9.777  24.544 0.0000000000
153623  63.267  -10.263  24.903 0.0000000000
